-0.018268401
0.037434282
0.013986066
0.004605591
-0.002421134
0.012646733
0.000000000
0.002987808
0.001788382
0.007121716
-0.018502282
0.017910583
0.011179871
0.011056524
-0.014573273
-0.002351589
-0.001767311
0.004118900
0.036325628
0.001697319
-0.011370043
0.003424414
-0.012037890
0.022806103
0.009536997
0.014412758
-0.007180476
0.000000000
0.002768149
-0.004987746
0.011050039
0.001646628
-0.003296594
0.016917201
0.000000000
-0.012523947
0.013065009
-0.009782781
-0.006607999
0.018067973
-0.006532519
0.002727040
-0.007105820
0.000548497
-0.030052331
0.024554640
-0.005528021
0.005528021
-0.007747564
0.009400060
0.014207997
0.003790870
0.009147283
0.009064189
-0.010136139
-0.012409167
-0.018630549
0.011001205
0.020038512
-0.009156957
0.025114823
-0.005290865
0.020478420
0.010341347
-0.000514515
-0.005160112
0.009781188
-0.005651017
-0.015053531
0.001045672
-0.002092320
-0.001571735
-0.009483536
0.003698548
-0.005288127
0.003704659
-0.006891118
0.005305257
-0.002649081
0.005290865
0.020371567
0.011822454
0.013702341
-0.016773075
0.018787094
-0.007573862
-0.014807617
0.003081832
-0.005141482
0.013821474
-0.020026351
-0.002076819
-0.040302378
0.019293096
-0.004788325
0.007968268
-0.019771172
-0.001620244
-0.001081623
0.002701866
0.003770753
0.002698806
-0.007032721
0.015086427
-0.012917273
0.003784810
0.012335848
-0.004808694
0.003742138
-0.023759094
0.023225359
-0.003744080
0.000535676
0.010655362
0.004230663
-0.002113419
-0.000528698
0.001057590
0.011560675
-0.009448726
0.001581010
0.007345255
-0.004715643
0.005760641
0.003648570
0.004671757
-0.010934697
0.017129738
0.005645569
0.005613591
0.005076248
-0.001013179
-0.001521667
0.002028470
-0.006097625
-0.004597486
-0.017562679
-0.012057874
-0.014878116
0.005871574
-0.009625934
0.014933782
0.030242013
0.006654825
0.006610718
0.011088849
-0.003515109
-0.025472387
0.008221986
0.009676660
-0.042978400
-0.012779583
-0.005373688
0.001615117
0.004829577
-0.030437118
0.019672912
-0.022989876
0.001107187
0.012640821
0.029595990
0.010548699
0.009399500
-0.007827012
-0.020106294
0.022722033
0.025278956
0.011144967
-0.012164343
-0.012930383
-0.002084394
-0.016303150
0.000000000
0.010548723
0.020255162
0.002054304
-0.001026596
-0.007216579
0.003614799
-0.011926663
-0.002611428
0.009370100
-0.001036707
0.004140855
0.003094142
0.014315334
0.018108976
0.014353211
-0.022863893
0.005515293
-0.016129516
0.005573981
-0.056653381
-0.016172929
0.037861348
0.009375153
0.009287904
0.005633818
0.006110035
-0.002032608
0.005579411
-0.004562731
0.006584042
-0.008618605
-0.033129431
0.004725644
0.026365132
0.000000000
-0.007168485
-0.025502423
-0.014335274
-0.002677330
0.021745936
-0.008959265
0.011055559
-0.002621361
0.003668066
0.002611428
0.009346120
-0.015100547
-0.006315965
-0.018114429
0.011227144
-0.012841523
0.003762700
0.004816513
-0.015604329
0.016671640
-0.011263155
0.003231010
-0.025042216
0.018569783
-0.009788155
-0.001093571
-0.012661800
-0.011141975
0.016115719
0.000550910
-0.019471691
0.011173160
0.005586552
0.013831588
-0.003302360
0.003302360
-0.019418017
-0.036512979
0.015566798
-0.009773032
-0.026933641
0.012971688
-0.015943560
0.010657191
-0.008873087
0.001187768
-0.015550663
-0.021322830
0.030920826
-0.012616513
-0.013390277
0.031959459
-0.000593773
0.056564310
0.003920499
0.042140371
-0.007040440
-0.023090559
0.006651783
0.014262577
-0.012055152
-0.011086176
-0.005029497
0.003913845
0.000000000
0.002786342
0.016008912
0.007637924
-0.004357143
0.014630342
-0.017911122
-0.004390503
-0.026192789
-0.004527535
0.000567064
0.033996138
-0.006045802
0.016402942
0.035689638
0.003134796
-0.006279565
-0.021220803
-0.001073273
-0.022253210
-0.009928129
0.014309552
-0.000546726
0.023772055
-0.016689364
0.016689364
0.000533828
0.013778538
0.000000000
0.015666163
0.002070430
-0.009872891
-0.018445766
0.001594385
-0.017139930
0.010746848
-0.004285148
-0.004303236
0.001077782
-0.020126013
0.010929083
-0.005449402
0.023759157
0.013252247
-0.001581228
0.008403729
0.004175159
-0.002085486
-0.001567074
0.005733705
0.006217745
0.005151803
-0.003603502
0.006169793
0.004091925
0.000510566
-0.023749310
-0.015798162
0.002650227
0.010532027
-0.012121285
0.016824913
-0.022141049
0.000532683
-0.011251086
-0.008658096
0.010810987
-0.003230782
-0.005408613
0.013466462
0.015397208
0.016719195
-0.007802460
-0.002090765
0.011963656
-0.003107312
0.011346094
-0.004110738
-0.017139011
0.009384952
-0.005724696
-0.023232303
0.010098414
-0.018143356
-0.004858571
0.010228953
-0.003218708
-0.001075405
-0.000538254
-0.014092088
0.010317827
-0.001622325
0.012369173
0.002135533
0.014297381
0.001576015
0.008884343
-0.008359709
0.011995083
-0.005718630
-0.004179864
0.015584551
0.000000000
0.001555854
-0.010416790
0.000000000
-0.007884311
0.005787664
0.005754925
-0.002611486
0.004175111
0.009847196
0.000000000
-0.002064921
-0.001551662
0.006191921
-0.033475888
0.010582025
-0.008456643
-0.010672607
0.004282860
0.020095817
0.007822635
0.000519595
-0.004683953
0.017067688
0.011726176
0.010587440
0.003004267
0.002496888
-0.006504659
-0.003520189
-0.013184998
-0.000510618
0.000000000
-0.013885401
-0.006233849
0.002602142
0.000000000
-0.002602142
0.024705236
0.008605593
0.002013974
0.006018024
0.000000000
-0.012578654
0.000000000
-0.016849976
0.012282498
0.003554425
-0.015322154
0.001028910
0.002054315
-0.001540508
0.010733553
0.003045883
-0.005590958
0.004069149
0.007585557
-0.006570961
0.005058249
-0.003537982
-0.010689675
0.002555370
0.003058192
0.000000000
0.001525624
-0.011755809
-0.011375643
0.015480173
0.001534991
0.004590664
0.001525624
-0.001525624
0.005076112
-0.002534863
-0.008666904
0.000512092
-0.002049554
-0.020725966
-0.014237079
-0.018378731
-0.023738374
-0.010106862
0.015122213
0.003883400
-0.007224211
0.006670379
-0.033806007
-0.008633217
0.030175943
-0.011847566
-0.017173103
0.007477943
-0.016175930
0.027005273
-0.016576469
-0.006940624
0.018401976
-0.028317491
0.005261712
-0.030789928
0.004798973
-0.015074142
0.017465245
-0.006588902
-0.010876343
0.010876343
-0.032369053
0.011111129
-0.008012381
0.009852270
0.021819120
-0.023045424
0.006116343
-0.003665236
-0.018785844
0.011313828
0.011187190
-0.004335627
0.007421053
0.010419976
-0.005502919
0.020030957
-0.007843029
0.005436374
-0.008469716
0.004243889
-0.011560737
0.004274665
0.031196590
0.010575704
-0.003513071
0.008759368
0.003482241
0.002314857
0.002886026
-0.000576576
0.001735516
0.000577898
0.000577564
-0.020414902
0.013462511
0.006952391
-0.009280864
0.011011496
-0.016270081
-0.002933256
-0.003531490
-0.004135990
0.014693141
0.006397318
0.007507879
0.036162285
-0.002778637
-0.003903015
-0.003357761
0.012810175
0.011554598
-0.008239505
-0.016125268
0.003916293
-0.039868699
0.010404833
-0.008083179
-0.025243438
0.017678702
0.010459000
0.000000000
0.003462266
-0.015090296
0.011628030
-0.001156615
-0.004059304
0.024678395
-0.012549889
-0.006334689
0.007482014
0.010835661
0.009034499
0.008396437
0.013289221
0.004938249
-0.001643297
-0.013245215
0.006092479
-0.012781639
0.005577314
0.003885682
-0.002773837
-0.021337178
0.002833454
0.005080656
0.016750797
0.005521879
-0.003309549
-0.006651904
0.002777035
0.015956454
-0.006022663
-0.000549212
0.003291336
0.016834514
-0.000538676
0.025007849
-0.006854614
-0.000529380
0.003171303
0.012585368
0.017562529
0.008158979
0.002536273
0.004044438
-0.009123380
-0.043711292
-0.009620363
-0.002689036
0.017085179
-0.001589319
0.003176228
0.005797085
0.000000000
-0.012691689
-0.004266839
-0.008588345
0.001077699
0.018143436
0.008425419
-0.012134114
-0.016591131
-0.022926749
-0.001657945
0.017000699
-0.011484969
0.000000000
-0.022247959
0.005049066
0.011129826
0.003315093
0.003853479
0.002195447
0.010453976
0.001094127
0.000546472
-0.002735867
0.003282212
-0.001639759
-0.002190652
-0.001097013
-0.024445749
0.013407985
0.015965188
0.011403867
0.006994944
0.001607366
0.003740244
0.004788475
-0.004788475
0.003726306
-0.002127617
0.001596137
0.000531480
0.003182962
-0.002651709
0.014760558
-0.000523577
0.002614382
0.004688689
0.008281670
-0.007242621
0.000000000
0.004662081
0.002064900
0.001546178
-0.001030538
0.006166551
0.009686451
0.003545345
0.001515292
-0.001009816
-0.001517142
-0.001012691
0.000506394
0.004546677
-0.002018229
0.002522230
0.000000000
0.002515621
-0.001005668
-0.001006258
-0.005048075
-0.001519395
0.004551170
0.015519711
0.000000000
-0.001491394
0.007928679
0.036349941
0.008058861
0.000472171
0.012661255
-0.012189455
0.009389648
0.003731272
-0.005602093
0.007462667
-0.000929879
-0.014995586
-0.003784273
-0.001897595
-0.000949950
-0.016291758
0.034191367
-0.010323821
0.001413868
-0.007564945
0.000000000
0.022989544
0.003241525
0.000000000
0.022852976
-0.009534784
-0.007785739
0.001378476
0.002292958
-0.013837723
-0.010740461
0.000938557
-0.006116054
-0.007103989
-0.006197948
0.002388248
-0.002866592
-0.007685052
0.000000000
-0.006772990
-0.002916914
-0.016691518
0.003459286
-0.002469748
-0.000494828
0.000494828
-0.000989537
0.000000000
0.010832194
0.005859324
0.000000000
0.013059273
0.000960746
-0.005777614
-0.004355058
0.005802556
0.001926946
-0.010643684
0.000000000
-0.005364449
0.006336719
-0.001458862
0.007755832
0.000482783
0.014375008
0.006165465
0.016412992
-0.021152391
-0.003807688
-0.003343618
0.000478345
-0.000485517
0.005328111
0.012959218
0.002857068
0.000000000
0.010406969
0.007034007
-0.005623203
0.000000000
0.019083557
0.002302614
-0.005534968
0.003693397
-0.001845112
-0.002773852
0.000000000
0.011507607
-0.011507607
0.010133584
0.003659700
0.005918530
-0.005005729
0.003643035
-0.004555835
-0.003659700
0.003202869
0.000000000
-0.000456851
-0.001829872
0.001372765
0.003651254
0.015869801
-0.009945818
-0.015106650
-0.002771391
0.000000000
0.001848336
-0.007879503
0.034304733
0.002694235
0.005812641
-0.004020478
0.016426498
-0.013744399
0.000892483
-0.020275562
0.008159595
0.003155372
-0.009950316
0.015336331
0.010685683
-0.002660735
0.011040144
0.013089048
0.009920332
0.005990676
0.022776141
-0.000834313
0.012855163
-0.016199693
-0.011370981
0.007595089
-0.004212375
0.008406908
0.005010454
-0.003755496
0.003338947
-0.006689038
-0.000839257
0.010440709
-0.009181935
0.014568375
-0.000413277
-0.006636366
-0.032997883
0.001718909
0.021661463
0.002098779
-0.023760242
-0.001288927
-0.012110886
0.005641258
0.010331480
0.006403344
-0.002983029
0.000853265
-0.005988113
-0.006024142
0.006024142
-0.005592676
0.006450376
-0.028697715
-0.003092504
-0.004434578
-0.007136522
0.004466268
-0.023901914
-0.005033224
0.002290966
-0.006427967
-0.011582222
0.002327220
-0.019718992
-0.022052664
-0.016125419
-0.007416694
-0.004975011
0.013868486
-0.008397154
-0.020040768
-0.008640481
0.005091639
0.012616948
0.005002388
-0.014070494
-0.011707892
-0.023311112
-0.006309229
0.001581070
-0.005809410
-0.009045098
0.011689918
-0.011155628
-0.001078003
0.013926216
-0.013926216
-0.022362588
0.001653378
0.003298466
-0.007160573
-0.007769193
0.003337048
-0.001667160
0.008859426
-0.002760120
0.000552611
0.016438746
-0.016991357
0.005512756
-0.015512851
0.018257706
0.010905302
0.027281718
0.011542639
-0.021619557
0.006376116
-0.004778217
-0.007478785
0.017012604
-0.003696785
0.051055099
-0.004030237
-0.005568206
-0.014830230
0.002058780
-0.008260305
0.000518243
0.000000000
-0.006758520
-0.000521758
0.005724637
-0.018858568
0.012089491
0.014008001
0.000515145
-0.021338411
0.008902950
-0.001565382
-0.008916960
-0.004223768
0.002114168
0.006840259
0.003141421
-0.001569477
0.007822761
-0.013072123
-0.007925993
-0.011739852
-0.033845955
0.007192266
0.009873870
-0.001638815
-0.005482420
0.014192393
-0.006525371
-0.005470535
0.007105888
0.023150481
0.000000000
-0.002131172
0.005319222
-0.024705903
0.000543599
0.016172878
-0.011834471
-0.007604608
0.004895338
-0.009814703
-0.006597063
-0.014444712
-0.012387503
0.019635968
-0.029314421
-0.016147946
-0.012284432
-0.003537743
0.027957471
-0.020894516
-0.023739954
0.012533720
-0.002375301
-0.011360405
-0.045518304
-0.057639748
0.012587096
0.015676368
0.039395164
0.017907292
0.001834335
0.005482655
0.010876254
-0.017581466
-0.039930427
0.023278806
-0.008117412
-0.011983791
0.016986934
0.028898415
-0.002427312
-0.004872123
0.007299435
-0.018349159
-0.003091228
0.023861698
0.009028027
-0.003000398
0.016686939
-0.010695241
-0.005390824
-0.006628504
-0.009110338
-0.017231152
-0.013750296
0.003768917
0.000000000
0.022932452
-0.016059660
0.002487630
-0.013758832
-0.010336009
-0.012414403
-0.002633313
-0.001979545
-0.002645504
0.018373220
