-0.027720318
0.009682984
0.038849995
-0.013479113
-0.026442347
-0.029365990
0.002205411
0.019629913
-0.004329293
0.029916827
-0.056292024
0.019846103
0.044831399
0.041907128
-0.017163194
-0.012295436
0.018386923
-0.022519431
0.019478087
-0.068267885
0.012959353
0.027514455
0.017590021
-0.007205460
-0.026165819
0.000000000
-0.009589623
-0.040420538
0.032897587
0.011796238
0.027341459
0.002072126
0.005163124
-0.012435595
0.036851660
-0.007059758
0.015067860
0.004972663
-0.043595298
0.020513430
0.008088838
-0.029639051
0.003107008
-0.006224189
-0.010460231
0.023897425
-0.011357995
0.002074764
0.032622519
0.073463215
0.047324235
-0.015226416
0.026715973
-0.014159829
-0.023445293
-0.011009356
0.017375761
0.009025443
0.019573547
-0.020472508
0.052551424
0.025275259
-0.009193234
-0.025511999
0.031371777
0.000000000
0.009140156
0.004950585
-0.006606274
0.030194128
-0.011973816
0.000000000
-0.014043921
0.015683317
0.010590822
0.033469457
-0.012618578
-0.003179751
-0.026625333
0.017025148
0.022258514
0.004705946
0.000000000
-0.031799054
0.018407845
-0.001587537
-0.025745261
-0.018092775
0.004140776
0.013136693
0.011354326
0.001962181
-0.008163557
-0.008230272
-0.023412684
-0.009349616
-0.012027861
0.011173509
-0.012037904
-0.031637267
0.033365608
0.020513530
-0.004238876
-0.002552253
-0.017182677
0.000000000
0.023127408
0.000000000
-0.008503218
0.001706320
-0.007702167
-0.003442409
0.009438255
-0.016358527
0.003466272
-0.013060740
-0.000876723
0.009602542
0.014662226
-0.016401088
0.015544343
-0.006878618
-0.003457484
-0.009569529
0.008703137
0.017182677
-0.014586348
0.018836426
0.003386831
0.017595703
-0.015906580
0.010075647
-0.021106445
-0.022434390
-0.017606011
-0.012511257
-0.038501630
-0.021729796
-0.006708123
-0.009661868
-0.007797343
0.004880530
0.018331441
-0.016385991
-0.002919539
-0.002928427
-0.004899547
-0.010864393
0.027425984
0.023867373
-0.010431554
0.019821252
-0.011278309
-0.012363570
0.026441853
-0.010304624
0.020503931
-0.036641161
0.018527802
-0.028987508
0.062698428
0.026353332
-0.017187234
-0.016559700
-0.040705931
0.006740327
0.011450605
-0.032789826
0.003913821
0.037378539
0.015866104
-0.013047773
0.035026553
0.032088585
0.041242718
-0.043878264
-0.018642133
-0.018083624
0.011791337
-0.013617889
0.015419861
-0.010859825
-0.019293184
-0.002786914
0.030236106
0.026715619
0.034545653
-0.019717593
-0.000866208
0.002596179
0.008606223
0.021195936
-0.012663729
-0.040750923
0.019281841
-0.006968828
0.001746591
-0.007005143
-0.000879354
0.042193473
0.015893375
0.001658247
-0.009991841
0.002507312
-0.039153832
-0.010471188
0.084082683
-0.007284342
-0.006520046
-0.018985346
0.006644789
0.012340557
0.021836858
-0.022654791
-0.018167413
0.000833112
0.006638896
0.025317725
-0.015441017
0.019465317
-0.010932017
0.000000000
-0.008271278
-0.023530360
-0.033725922
0.020026883
-0.006920347
0.024014738
-0.020548481
-0.000865536
-0.017467648
0.054020848
-0.000834991
0.002502885
-0.002342645
-0.011154033
0.000862426
0.009438015
-0.041854474
-0.015253714
0.003610052
-0.004514505
-0.012750713
0.001831472
-0.003666101
-0.041243082
0.037563085
-0.000922170
-0.042399202
0.012434403
-0.001902813
-0.006689085
-0.001919460
0.020913272
-0.020913272
-0.000961272
0.012422524
-0.026950167
-0.016724810
-0.003976082
-0.009004522
0.030680746
0.010663893
-0.010663893
0.020260839
-0.026126504
0.017493503
0.010541471
-0.017308041
0.001937846
-0.012664778
-0.004914149
0.022407653
0.006720986
0.006676116
0.003795007
-0.000947402
0.062462872
-0.007149249
0.002687318
-0.007181732
0.008968815
0.036813836
0.047888311
0.029104764
0.068514613
0.096391709
-0.054855741
0.004273517
0.049230056
0.044981170
0.021753882
-0.032811006
-0.050983423
0.023802524
0.063151480
-0.022329450
0.006430923
-0.007722128
-0.012349927
0.002612773
0.027028642
-0.012136782
0.007682437
-0.021270394
0.016155380
-0.020072055
0.018147018
-0.052071065
0.023404659
0.049639526
-0.013933069
0.023322858
0.033693884
0.023810575
0.005865278
-0.037538071
0.015065207
0.025392525
-0.013502044
-0.013686320
0.002991342
0.052934589
0.019080373
-0.046070418
-0.002331029
-0.023016463
-0.001194920
-0.010817298
-0.004238439
0.002424203
0.056485240
0.005705116
0.028044232
-0.018984612
-0.010768097
-0.049644978
-0.011442601
-0.000605667
-0.006079010
-0.009188540
0.000307911
-0.004341081
0.006195743
-0.011805163
-0.005012491
0.007509551
0.009925403
0.026798124
-0.012091858
-0.013472473
0.035134012
0.000000000
-0.040698010
-0.014361807
-0.005044095
0.023118808
-0.003712905
-0.003726742
0.035456011
0.016676941
0.002359924
0.014043580
-0.017585590
-0.011299408
0.025392470
0.002911403
0.045462342
-0.005571415
0.005571415
-0.019636112
-0.008534909
0.007401196
0.029068392
0.014766531
0.015086517
0.022211333
0.035956707
0.014028526
0.013343143
-0.008380351
-0.042990548
0.000000000
-0.001551490
-0.006230657
-0.006269435
-0.011067222
0.017336657
-0.005745784
-0.016904444
-0.026999619
-0.003838407
0.043016945
0.006295980
-0.020074718
0.015356798
-0.019098992
0.025384847
0.010389542
-0.030965423
-0.014496780
0.014496780
-0.022097233
-0.002728576
-0.019311021
0.009524075
-0.001111795
0.003885767
-0.004442250
-0.006140008
0.013348435
-0.010552749
-0.031190460
0.035091264
-0.004459340
0.003902858
-0.012881766
-0.046734826
0.002360025
-0.034165573
0.010312322
0.034404339
-0.007609125
0.005274153
-0.003512903
0.008177660
0.004643161
-0.016345916
-0.016019446
0.007151440
0.008868006
-0.022018100
0.011366926
0.034496288
-0.008657890
0.010954177
0.003434481
0.017559035
0.006157374
-0.024288097
0.005701301
0.006234145
0.005633787
0.001684014
0.022186214
0.020092834
0.000000000
0.003220632
-0.014031666
0.002713868
0.002706229
-0.010869554
0.026955896
-0.029691920
-0.029471022
-0.007363457
0.053678071
-0.008658111
-0.023647006
-0.034534781
-0.020955479
-0.014814941
0.000596678
-0.018061670
0.006056854
-0.006664807
0.007431557
-0.011589111
0.002451149
0.004883820
0.014510674
-0.010256532
0.007250890
-0.055071127
0.017654844
-0.022757037
0.025253953
0.012391640
-0.006796456
-0.024475573
-0.017302669
0.016031298
-0.033638415
-0.013245271
0.025017727
0.008416871
0.008986103
-0.004482854
-0.004831892
0.028352157
0.008855265
0.013758925
0.024540870
0.000000000
-0.013422933
0.040330500
0.018703088
-0.012234235
-0.000586494
0.000000000
0.018594652
0.004594754
0.026019643
-0.001676533
-0.006170967
0.006170967
-0.007297212
0.005618222
0.020515905
0.017410988
-0.023466393
0.010436916
0.003817803
-0.009846831
0.016358138
0.002700366
0.000539257
0.008588336
-0.002676026
0.005344853
0.004255261
-0.003189790
0.001064394
0.005305156
-0.004773468
0.039097930
0.001022189
0.006109934
-0.010204262
0.025317874
0.001498953
-0.026303838
-0.025436244
0.004197326
-0.021165057
0.005333508
-0.006403369
-0.011305878
-0.007608429
-0.007117484
0.026567007
0.011702127
-0.005833974
0.025211320
-0.051074901
-0.006022309
0.010923024
-0.002175092
0.030557220
-0.012752769
0.000534815
-0.001604676
-0.000535446
0.035774342
0.002064991
-0.005170468
0.008260063
0.012263802
-0.010722604
-0.017085304
0.016058303
-0.007738214
-0.008842612
-0.004188481
-0.029280691
0.054664172
0.007643254
-0.019995642
-0.008320089
-0.006811786
0.007333758
-0.003660268
-0.007360694
0.003161276
0.028010190
-0.002048019
-0.010822121
0.007741768
-0.002573862
0.004115060
0.021833918
0.005010128
0.006475647
0.011846120
0.012676994
-0.006806042
-0.088164953
0.020042883
-0.033991695
0.008040445
0.011233002
-0.014465752
0.031343957
0.000000000
-0.009458955
-0.027839020
0.006493507
0.005915594
0.000000000
-0.005376339
0.011257258
-0.009103253
-0.002154005
-0.006489995
0.006489995
0.012322671
0.000000000
0.007955549
0.018320234
-0.024148016
0.014768150
-0.006302632
-0.006342438
0.027714126
-0.007246384
0.008792400
0.005648399
0.011201600
0.005554282
-0.001007500
-0.001008837
-0.016277119
-0.009791255
0.008251696
0.011743913
0.022089177
0.015275023
0.003904387
0.006796120
-0.004849654
0.002427844
0.007729480
0.000962049
0.009569266
-0.007168338
-0.006737404
0.000482766
-0.000965663
-0.010196574
0.019812000
0.008575738
0.003315045
-0.004264460
0.020677558
-0.007938400
-0.002817093
-0.008024487
0.000000000
0.016451872
0.013888769
-0.008310319
-0.007445234
0.022171831
0.000912996
0.030620575
0.012778278
-0.011448892
-0.011133453
0.000447739
0.008912664
-0.008017691
-0.010791514
0.018365534
0.000887335
0.002214757
0.007054607
0.000000000
0.007877662
0.001306754
-0.003051908
0.000000000
0.020316171
0.011064005
0.006327741
0.020396131
0.021199275
0.007635145
0.000400378
-0.027176794
-0.012412169
-0.015523751
-0.009345836
0.021951106
-0.000835399
0.022314813
-0.009856296
-0.013713082
-0.006295826
-0.006759769
0.013892042
0.005004223
0.000000000
-0.011715610
0.003361257
0.004186012
0.024753685
-0.003674189
0.007740822
-0.010607989
0.004909992
0.030153101
-0.011551575
0.005194910
-0.032404730
-0.016186354
-0.000837192
0.000000000
-0.022872722
0.000428368
-0.032647009
0.027064128
-0.016938590
-0.019014483
0.013303984
-0.016433864
0.000000000
0.051494935
0.007204820
0.000000000
0.025022190
0.012013779
-0.000817047
-0.006971529
-0.001235259
-0.000412034
-0.031828527
-0.011125584
-0.009511466
-0.004790013
-0.010531073
-0.009751645
-0.018431719
-0.014165224
0.014165224
0.020656301
-0.023382226
0.003632919
-0.004088083
0.002727309
-0.005918502
0.004101171
0.013101537
0.012249887
0.000000000
0.003135489
0.013768744
0.004840449
0.000000000
0.005690478
0.016879912
0.006417149
0.014394959
0.004613092
-0.014328185
-0.008953386
0.016143096
-0.005069580
0.002960315
0.006733995
0.008354374
0.011579947
0.022765168
-0.005238554
-0.006892637
0.051150933
0.000000000
0.018384335
0.001516808
-0.007225605
-0.004590828
0.007258851
-0.010331073
-0.042827150
0.003206523
-0.012887825
-0.008548895
-0.019402123
0.018584014
0.027045126
0.016979691
-0.001567451
0.013632261
0.030853655
-0.013215210
0.026258053
0.007377363
-0.026439755
-0.033771366
-0.001171665
0.011268690
0.012289113
0.001906423
-0.003816807
-0.002296968
0.034284716
-0.001111824
-0.002226976
-0.017620011
-0.016781602
-0.009661893
-0.007405982
0.019373026
0.006120872
-0.009195455
-0.021397438
0.009003734
-0.002731617
0.019733618
0.022353627
-0.007521677
-0.001511117
-0.010642521
0.022668114
0.001493223
-0.023015465
0.003048646
0.010221601
0.012724681
-0.017633156
-0.040159854
0.011361566
0.022342940
-0.007264322
-0.013910521
0.001555019
-0.013429925
-0.009531461
0.024050092
0.006213662
-0.020732293
-0.027651457
-0.018454572
-0.004979228
-0.002498985
-0.003760118
0.007090684
0.025442463
-0.044746512
-0.013222548
-0.021263682
0.012206015
-0.042936430
0.007659350
-0.005851939
0.052759612
-0.055019327
-0.022884302
-0.027219013
-0.023587182
0.009694710
0.048950925
0.021809119
0.025295385
-0.031155144
-0.032624062
-0.068125944
0.041142006
-0.020359409
0.028007741
-0.015839099
-0.025479225
-0.018027452
-0.029745855
0.036795161
-0.007554649
-0.010673626
0.020233291
0.035419398
-0.002419567
-0.021548266
0.026725581
-0.003417155
0.009247968
0.012039766
0.011896338
-0.006168503
0.034615386
0.028107067
0.000446785
0.029931926
0.032426080
-0.013525271
0.018550314
-0.030536642
-0.005181352
0.006472451
-0.011245861
0.010815710
0.022969908
-0.009719106
0.004237297
0.004219418
0.001682950
-0.005056981
0.018003369
0.034662018
-0.009261181
-0.029558764
-0.024036600
-0.007282122
-0.020852252
0.005253946
0.018603215
-0.006018875
0.001292812
-0.029279027
0.001772475
-0.017415144
0.010306958
-0.059705500
-0.000473319
0.029393297
-0.002301522
0.025029737
-0.026413168
0.004144660
-0.020427812
-0.019418286
0.042599581
0.000916256
0.001829714
-0.038197481
0.006625805
0.000000000
0.020080004
0.022400858
0.003610216
0.006286489
0.014663573
0.018790283
-0.006295993
-0.013256927
0.005323888
0.033503295
0.001282908
-0.019418120
0.040560432
0.015362675
0.008206784
-0.009031250
0.018386659
0.016064541
-0.012024188
-0.040317992
0.012101068
0.036249105
0.011928646
-0.041563374
-0.009106098
0.022611506
0.016129319
-0.017349650
-0.002853021
0.035288347
-0.011093671
0.050496208
0.005289083
0.033348719
-0.006948281
-0.014415300
-0.034466574
-0.015534392
0.005464561
0.007754874
-0.005422035
0.009661854
0.048423865
-0.038473542
0.014742291
-0.002253891
-0.007171233
-0.000378908
0.061359992
0.004976891
0.015831422
-0.015831422
-0.001774598
-0.008920722
0.011049841
0.013380444
-0.003152789
-0.035354545
0.002903817
0.020093954
-0.016114933
-0.012715928
-0.020314619
-0.005612773
-0.018557579
-0.002296313
0.024225327
-0.018374302
0.004213799
0.024543366
