-0.020968556
0.013879520
0.043078342
0.003401285
-0.044258823
-0.017453893
-0.005886344
0.007239912
-0.006332196
0.011727596
-0.004494343
-0.004514691
0.025023639
0.008349559
-0.002628768
-0.011474160
0.020646155
-0.043996987
-0.021121174
-0.042176713
-0.022516342
0.031670864
0.067232962
0.021735396
-0.039835482
0.025249420
-0.033962872
0.010994134
0.051498335
0.062480856
-0.026778079
0.016563461
-0.011976214
-0.003762137
-0.009678198
-0.021367835
-0.006066001
0.030389650
-0.002110213
-0.001691436
-0.051672126
0.004446954
-0.024249260
-0.039875601
0.006130652
0.015858658
0.013330281
-0.024498419
0.000000000
0.049302901
0.068428012
-0.045530269
0.041361894
0.000835045
-0.002250192
-0.023216660
-0.039934429
0.003163831
0.029348581
0.003935700
0.036851014
0.034322127
0.035147347
-0.031900554
-0.013461295
-0.037235117
0.035179318
-0.002059622
-0.007450285
0.039108950
0.029911642
-0.049274865
-0.004900153
0.039724718
0.033651805
0.033661047
-0.029485455
0.003780849
-0.019048309
0.023566464
-0.006784958
0.027235531
-0.002210521
0.027288875
0.005012789
0.002140600
-0.019795552
-0.018713000
-0.039279725
0.009965499
-0.006888538
-0.030016165
-0.009542580
-0.016109979
-0.034881676
0.035755538
-0.027226667
0.016424884
-0.022814760
-0.028610663
0.006137854
0.024607030
-0.036920156
-0.012018855
-0.004488631
0.012961119
0.030179477
-0.006050056
-0.012372351
-0.001779296
0.032846917
-0.028847702
0.031859180
-0.006896228
0.018852155
-0.005959838
0.019450439
-0.012642095
0.038274357
-0.028987901
0.019967528
-0.012849783
-0.002924712
-0.009669663
0.007575623
-0.018193793
-0.011163771
0.025576951
0.005874652
0.001254676
0.000000000
-0.033138423
-0.024044781
-0.025544396
-0.001363125
-0.049381230
-0.015884620
-0.009751599
0.029925338
-0.001427874
0.043333455
-0.017479951
0.022936685
0.008580187
-0.036168157
0.011587732
-0.028039059
-0.029824448
0.026025393
0.012293715
-0.045178212
-0.044742500
-0.007741977
-0.016719397
0.033163847
-0.063655421
0.010267250
-0.002152907
-0.026905304
-0.012910625
0.047982903
0.034923963
-0.023678737
-0.051910233
-0.026138009
0.001725794
0.024412215
-0.045318701
0.003514651
0.002919784
-0.017647610
-0.027069432
0.056984177
0.035656619
0.009558885
-0.002241157
-0.057719167
-0.032611765
-0.000614151
-0.036276538
0.001908907
-0.030990152
-0.051120803
-0.011103246
0.058940038
-0.019263436
0.065544094
0.014962989
0.022637829
0.081298081
-0.014606942
0.046443011
-0.086863968
-0.009473182
-0.014379944
-0.017656739
0.043276109
-0.032887923
0.012084786
0.014903323
-0.013702809
-0.019994944
0.013374285
-0.017052827
-0.049097276
0.029871934
0.084608147
0.004019639
0.047561329
-0.050430918
-0.013888810
-0.001749829
0.007560169
-0.002901018
-0.008168022
0.013383783
0.017760705
0.007354855
0.054304857
-0.008579121
0.010854619
-0.066691725
0.025533439
-0.031875322
-0.059576827
0.000000000
0.007948657
0.080698403
-0.027336527
-0.004049732
-0.009904208
0.095948707
-0.043484859
-0.019636366
-0.043251932
0.007185708
-0.015634646
-0.006689085
-0.027212606
-0.067426712
0.006018286
-0.010050538
0.008716114
-0.012088919
-0.004062283
-0.034509698
0.003504968
0.000000000
-0.024080524
0.000000000
-0.029093076
-0.035301900
-0.018519171
0.054558832
-0.039102647
-0.006153819
-0.009302366
-0.009389804
-0.000786410
0.022560090
-0.008497399
-0.014849811
0.021807686
0.064875677
0.022135574
-0.077808583
0.012893551
0.039162688
-0.008002818
0.000000000
-0.047111725
-0.004604842
0.010711773
0.019593868
-0.002989731
-0.037365892
0.010818767
0.045086919
-0.006634727
-0.033850705
0.003818304
0.006079000
0.025431481
0.056009061
0.030940999
0.123557337
0.094160162
0.000547775
0.103441953
0.002466000
0.057432136
0.060898163
-0.024547929
-0.237891480
0.033158231
0.134291009
-0.016078032
0.016561564
-0.014598937
-0.037966374
-0.033656155
0.056807358
0.029414108
-0.020991961
-0.024976162
0.000000000
-0.058319665
-0.016216604
-0.009307488
0.030338099
0.109089275
0.030162272
0.025666014
0.010353320
-0.018075471
0.034509567
-0.027692636
-0.004539522
-0.006847896
-0.025987518
-0.022344292
0.044660444
0.024972903
-0.024972903
0.016416384
-0.025654361
-0.052882119
0.021298105
-0.017391679
0.008250363
-0.021495357
0.057569259
-0.046275626
-0.028728974
-0.027510165
-0.015617447
-0.049472716
0.001102102
-0.023963380
-0.023973760
-0.018070986
-0.053980667
0.028987737
-0.019644729
0.017210019
0.003649675
0.006053528
0.019719474
0.023392888
-0.010459036
-0.011751153
0.030843129
-0.002869395
-0.050084148
0.008423742
-0.027081354
-0.000621103
0.005574637
-0.011805020
0.036211247
-0.045630497
-0.003159546
0.026235005
-0.020554891
-0.015858243
0.024630147
0.028292152
0.040991495
-0.007595602
0.004681206
-0.007617789
-0.002355663
-0.012459487
0.028253848
0.044830273
-0.012845740
0.014508905
0.051819697
0.013065190
0.035699592
0.047453345
0.019868337
-0.018913007
-0.016361980
0.032930541
0.006551149
0.001863633
-0.038438705
0.018217094
-0.017250024
-0.023967801
0.015717683
0.026449976
0.007093609
-0.002358720
0.010805882
-0.025078394
0.054999987
0.027729896
0.022247301
-0.023571595
0.005286194
-0.001318759
0.020466606
-0.039117410
0.018323024
-0.010238309
0.004018895
0.020291773
0.039388500
-0.003785341
-0.022156803
-0.015194597
0.036929942
-0.009743748
0.022312119
0.004568883
-0.054942439
0.004804412
-0.036287066
-0.003641317
0.017179530
-0.017179530
0.003641317
0.026895490
0.031776118
0.004702042
-0.021552543
-0.011393719
0.008339078
0.018619110
-0.029605881
0.007484157
0.023407756
0.002567254
0.022397288
0.030860250
0.024020457
0.006702071
-0.023053544
0.017142153
0.025752539
0.056901440
0.020530246
-0.018712287
0.020493415
0.012378531
-0.008117396
-0.024028306
-0.007651866
0.049939159
-0.015781222
0.034737516
-0.047186769
-0.048772282
0.010095472
0.052538770
-0.001766577
-0.036001025
-0.066299407
-0.071850823
0.027398884
0.062694231
-0.018634252
0.028965190
0.075493779
0.012671720
-0.004559130
-0.027076746
-0.002169236
0.044939421
-0.037008575
0.023070938
-0.068241026
0.020450475
-0.019324366
0.001125256
0.011922606
-0.007435026
0.008915274
-0.048882734
0.009186767
-0.024615499
0.037652296
0.006455463
-0.022584768
0.016129305
0.000000000
-0.009569346
0.028064137
0.015584614
0.006971492
0.012354540
0.014342351
-0.019774303
0.044735841
-0.005221665
-0.002446534
0.010788472
-0.038459567
0.013576614
0.010589518
0.024966607
-0.026372124
0.000703025
0.016033846
-0.008333363
0.001045361
0.022047268
0.044318294
-0.019085726
0.061210734
-0.019246593
-0.028107246
0.019147100
0.004810074
-0.009320417
-0.002586446
-0.025243013
0.009253257
0.010471133
-0.003260547
0.018123436
0.006393941
0.003181774
0.011998855
0.031817388
0.000607901
0.015976223
0.016607765
0.002643652
-0.021946361
-0.007524606
0.014992556
-0.009399075
0.047558400
0.007995438
-0.012305277
-0.023893966
-0.010374996
0.003866061
0.010629155
-0.002000079
0.008223147
-0.013545210
-0.027654585
-0.001830212
-0.024105124
0.033223732
0.000000000
0.004528163
0.003307908
-0.006324647
0.035612127
-0.006727984
-0.008844401
0.002956747
0.003831061
-0.017206261
-0.023615819
-0.004298506
0.008883552
0.000914458
-0.016590155
-0.053447870
0.045360750
0.009634909
-0.037181597
0.007993647
0.028259456
0.006172851
-0.012072372
0.013916818
0.008867054
0.031168224
-0.003251075
-0.042945541
0.022912417
-0.025387669
0.003710500
0.028899270
0.030707969
0.028663715
-0.018249873
0.000000000
-0.027422696
-0.221961329
0.032694300
-0.047575630
0.023237818
0.017544156
0.003977631
0.040663293
0.000000000
0.004839129
-0.023021552
-0.010642113
0.001425579
-0.017241968
0.035940708
0.004185444
-0.015080141
-0.016388003
-0.023992342
0.010956755
-0.000365150
0.000000000
0.003644325
-0.013182078
-0.042543658
-0.005399174
0.005399174
-0.020202656
0.056831275
-0.032789795
0.011049772
0.006421185
0.008995537
0.013711559
0.005139560
-0.005139560
-0.006647008
-0.013427928
0.010459622
0.041134004
0.028131295
0.008974950
0.010596410
-0.005113291
0.000683258
0.003409450
0.008810644
-0.007790061
-0.011284119
0.016371434
-0.024658675
-0.008706358
-0.001049947
0.004890069
0.020690204
0.039483356
0.006540292
0.006173731
0.015429663
0.000000000
-0.018674142
0.004862902
-0.000647006
0.006129876
-0.004836142
-0.008112990
-0.017752047
0.008915664
0.013063385
0.043910587
0.000624800
0.003430632
-0.003743034
-0.009419054
-0.006646687
-0.010213979
-0.015193374
0.038029541
-0.001568872
0.005012426
0.023472445
0.000000000
-0.003057249
0.035197139
-0.011133629
0.006271487
0.000892811
0.014469375
0.013684726
-0.001157168
0.006348967
0.021628820
-0.006212820
-0.014265688
0.005730719
-0.005156229
-0.008363349
0.010658385
0.001431420
0.039825894
-0.004685073
0.016166885
0.005691990
-0.011143093
0.021093285
0.000802424
0.000000000
0.000534563
0.002135744
0.001598791
-0.003467174
-0.006701491
0.008836521
-0.035548445
0.009074454
0.008993286
-0.005440606
-0.004374104
-0.035982096
-0.022111551
-0.012857973
0.000000000
-0.018103875
-0.008119365
-0.051420503
0.051118636
-0.026007566
-0.030209877
0.001596337
-0.024214254
0.000000000
0.046297038
0.016708341
0.000000000
0.017037259
-0.005688149
0.001220747
-0.005506218
-0.013588788
0.014815167
-0.046403432
-0.040273825
0.028003803
0.024074460
-0.014696830
0.029805491
-0.039508183
0.005832981
-0.008110267
0.022049311
-0.024253341
-0.003935710
0.005571121
0.013309569
-0.005821301
0.000648460
0.010960724
0.003520477
0.000000000
0.010804059
0.012250852
-0.006578022
0.000000000
0.034289268
0.012673510
0.009549486
0.000000000
0.002373293
-0.009526805
-0.004196690
0.022573083
0.002346588
0.004968722
0.008708302
0.023422801
-0.006798874
-0.006559242
0.003427646
0.004268238
0.075708815
0.000000000
0.030588097
-0.005632340
-0.003858514
0.022426790
0.002768486
-0.013664249
-0.030262230
0.042920636
0.001005843
-0.031918857
-0.018858683
0.044980556
0.008557827
0.009975018
-0.016765075
0.029095695
0.007812534
0.030653669
0.000000000
0.014516811
-0.009810867
-0.018957875
0.007151355
0.008224988
0.008259632
0.021851179
-0.006922084
0.005311329
0.006656636
-0.005275998
-0.012714152
-0.008672338
-0.002121094
0.000236063
-0.023867316
0.003857216
0.016466247
-0.018151907
-0.007014336
0.006773095
-0.025144686
-0.003218939
0.017455838
-0.019193489
-0.013255087
0.008273623
0.028795065
-0.013187226
-0.037059759
-0.012062265
0.008228453
-0.002564119
-0.034211364
-0.036249600
0.023684145
0.022610457
0.000525898
-0.011102417
-0.018240790
-0.009793313
0.013036572
0.007794441
0.000000000
-0.017555888
-0.018702588
-0.028726323
-0.002002008
-0.001145707
0.026864251
0.041268262
-0.037369464
-0.004735889
-0.025167674
-0.027581863
0.014611620
-0.047529078
-0.005491270
-0.024149699
0.015238992
-0.021841837
-0.031077209
-0.021046490
-0.076283401
0.022345381
0.063200435
0.009503566
0.014249082
-0.065782626
-0.050715221
-0.040927432
0.014200589
-0.033581666
0.038031678
-0.018321595
-0.046340327
-0.011928600
-0.019386632
0.067795860
0.028551825
-0.037355757
0.003454162
0.028702881
0.011843234
-0.020818515
0.055884483
0.017606155
0.025500905
0.008807726
0.028264498
-0.023553964
-0.011139241
-0.008522291
0.019661532
0.018953268
0.025046047
-0.010982026
0.032905051
-0.006305095
-0.008894694
0.051612330
-0.006689112
0.007900576
0.015913858
-0.033008515
0.012240289
0.000304037
-0.011928535
0.014357831
0.007854971
0.029649609
0.002042732
-0.021512419
-0.028400553
0.029293623
-0.056633180
0.004713263
0.033901525
-0.021440329
0.003091243
-0.035819151
-0.026910346
-0.040575597
0.026344039
-0.025659821
0.013587211
0.030239796
-0.004921986
0.020189518
-0.035770796
0.005663817
-0.023870738
-0.025850093
0.001744317
0.022062246
-0.013731773
-0.046338844
0.004547110
-0.013467014
0.008029316
0.033598559
0.043672068
-0.010145584
0.002715522
0.035956044
-0.028189568
-0.006072976
-0.003389801
0.028123759
-0.028123759
-0.043017295
0.108086195
0.086799393
0.024208411
0.017499899
0.092406161
-0.005115051
-0.043228730
-0.004024027
0.013881562
0.042813617
0.008598937
-0.011651435
0.008372600
0.006798293
0.003507141
-0.022507001
0.025253728
0.056243682
-0.013050417
0.028953434
-0.008153772
0.014629411
0.000691123
-0.021891821
-0.024310129
-0.020719769
0.021925379
0.016252841
-0.011445161
0.001677208
0.031112742
0.023168726
-0.002270103
0.019695286
0.007843074
-0.017791194
0.023356213
0.015637339
-0.011428715
-0.013575278
-0.011946607
-0.010027471
0.010027471
0.006103720
-0.007692243
-0.029735999
0.005832269
0.002694882
0.025271332
0.000453582
-0.009111695
0.002285630
0.000000000
0.006372483
0.000226828
0.006556023
0.016536476
0.029911797
