0.002614855
0.032368399
0.038967731
0.005141015
-0.044395254
-0.017921086
0.003152506
0.010534019
-0.010249035
0.009684869
-0.021186907
-0.003188124
0.024086717
0.010992346
-0.008724470
0.015987022
0.001667880
-0.021052737
-0.013714432
-0.030366163
0.010322292
0.036905540
0.024882862
-0.016146105
0.004202858
0.010285223
-0.017111897
-0.027325151
0.038897157
0.026295809
0.010869785
-0.002162407
0.002431785
0.009683609
0.010911052
0.005539931
0.002106138
-0.012420948
-0.013657415
0.002686584
-0.020947282
-0.001650460
-0.012185226
-0.029126703
-0.033856123
0.029540639
-0.018030078
-0.012398658
0.014746745
0.038474805
0.038676752
-0.016940010
0.015312696
-0.002442438
-0.009569037
0.000547634
-0.031232293
-0.028159722
0.020764356
0.011913123
0.031973742
0.010777066
0.009688059
0.005452914
-0.000321603
-0.018069997
0.003897730
0.002592799
0.013813918
0.010792177
0.000317315
-0.030114704
-0.005541665
0.008140160
0.025301331
0.027452530
-0.018946839
0.018946839
-0.030300646
0.020407705
0.004956067
0.004248813
-0.024962836
-0.003797000
0.003797000
-0.003164319
-0.010192046
-0.009976206
0.022701826
0.017240870
-0.025811621
-0.008973492
-0.028719356
-0.011992327
-0.028553042
0.010290336
-0.036494495
0.035812529
-0.011681436
-0.025902472
-0.006044194
0.034065443
-0.027295691
-0.021511062
-0.001089028
-0.005823611
0.035846450
-0.001406851
-0.019942845
-0.003966374
0.022144577
-0.021423522
0.036842196
-0.020378847
0.009542316
0.017030929
0.006270164
-0.003478193
0.014524484
-0.027153170
0.003173671
-0.003173671
0.020642567
-0.011484326
-0.019800115
-0.008964670
-0.015609543
0.041917192
0.017394809
0.006187432
-0.004811430
-0.004829348
-0.002773020
-0.019621848
-0.012820522
-0.012628072
-0.039231404
0.009015259
0.013750082
0.010278585
0.008364884
-0.026050037
0.021329438
-0.043506933
-0.008779628
-0.004232894
0.004232894
-0.028426036
0.012947959
0.016629869
-0.046704942
-0.023990186
-0.005364713
-0.017108711
0.020005578
-0.030581729
-0.005545308
-0.011184157
-0.004333865
-0.017971030
0.062991878
0.027844713
-0.032425189
-0.039136558
-0.029050088
0.018624635
0.024708763
-0.043320856
0.022991367
0.011728832
-0.021831772
-0.011104139
0.043675371
0.019051923
0.036635706
-0.002831918
-0.055850048
-0.031347926
0.003976026
-0.034510025
0.011787422
-0.023258145
-0.025216781
-0.006168883
0.019326664
0.013443022
0.037585540
0.028896940
0.009454039
0.035281738
0.000823839
-0.010780553
-0.056147826
-0.005310036
-0.003553531
-0.019311608
-0.001362731
-0.023893045
0.001388057
0.014757201
-0.013822955
-0.007453808
0.004195085
0.042836369
-0.063534289
-0.001900084
0.051510103
-0.019652623
0.026887151
-0.014496619
-0.022608625
-0.005140617
0.024092192
-0.000453325
-0.014771087
0.008333399
0.036661563
0.007975586
0.031246140
-0.009877373
-0.006924425
-0.049904345
0.021696632
-0.037345319
-0.020161354
-0.005695481
0.000013223
0.042936708
-0.013797482
-0.010239068
-0.022241347
0.049017401
-0.044245196
-0.008608379
-0.017927156
0.015522893
0.008629387
0.046783169
-0.044294659
-0.029438882
0.008867581
0.007769165
0.009741227
0.005090590
-0.021042466
-0.014628773
0.004223794
-0.014270508
-0.020440140
-0.019759664
-0.028676754
-0.005720252
-0.014453678
0.029821396
-0.025757903
-0.008732323
0.006999949
0.002315693
-0.014588094
0.020364663
-0.011586273
0.012165472
0.001726826
0.042193940
0.025568938
-0.040603894
0.047050405
0.053089216
-0.010195010
0.011206153
-0.026161279
0.003108376
0.000000000
0.035126523
0.010950150
-0.020495329
0.004033435
0.050988144
-0.009604892
-0.001928853
-0.002908100
0.002908100
0.031414373
0.027723691
0.022131782
0.085523077
0.098288902
-0.028635915
0.004957423
-0.046323564
0.029444359
0.034971507
-0.006375025
-0.054065312
-0.022472180
0.122463834
-0.013376857
0.016600579
-0.010429950
-0.033091793
-0.018488490
0.047592496
0.017277213
0.001424067
-0.036282792
0.019754357
-0.041080589
0.004522866
-0.026684262
0.007696909
0.049738586
0.016642993
0.045933799
0.095307313
-0.111893015
0.004514719
-0.005700264
0.002297989
-0.000766939
-0.021298902
-0.023360575
0.035420580
0.034583596
-0.020759474
-0.012275519
-0.019890943
-0.020815189
0.041791943
-0.025419381
0.004744629
0.006281616
0.042185404
0.009718239
0.021337430
-0.041243589
-0.017604348
-0.032974612
0.004382123
-0.020874355
-0.011016887
0.002866448
0.002864149
-0.004088006
-0.014439593
-0.002911766
-0.051290482
0.018249811
0.032144505
0.004995252
-0.005832306
0.012871604
0.030870386
0.001601778
-0.040754901
0.016503204
-0.019836753
0.001665018
0.014892430
-0.006182110
0.016388209
0.011719516
-0.002014042
0.035794543
-0.025047078
-0.040249956
0.024424767
0.023847964
0.005574416
0.017321577
0.004583677
-0.000389644
0.000000000
0.003885052
0.027148641
0.011252125
-0.008238816
0.021944029
0.040383617
0.000000000
0.020631245
-0.003816806
0.008650442
-0.007606549
0.006575262
-0.003108988
-0.007987107
0.003476940
-0.045492659
0.030794655
0.001406991
-0.012142272
0.022926788
0.010751138
0.006186281
-0.009990388
-0.005206969
-0.014374830
0.029228596
0.001373601
0.014616468
-0.015303061
0.011247182
0.002707314
-0.005762644
-0.027220818
-0.010886639
-0.007085652
0.004610839
0.013711289
0.017992121
0.003082704
-0.006514248
-0.010027966
0.029058964
0.003375561
0.010386940
0.013241397
-0.056847671
0.003477358
-0.042532366
0.008292820
0.026927583
-0.018346273
0.005325019
0.010918269
0.019425808
0.019056122
0.002018998
-0.012522865
0.020563580
0.005989258
-0.016724754
0.000675782
0.004033763
0.014595913
0.007916351
0.000000000
0.014024840
-0.000324215
-0.003568107
0.001297780
0.008087904
0.019777231
0.024029796
-0.007117603
0.014491553
-0.009534445
-0.009625870
-0.004691072
-0.004081946
0.016544179
0.003706286
0.030978154
-0.029742801
-0.023790662
0.000000000
0.034144858
-0.000612146
-0.027863703
-0.093400328
0.001725155
0.007199042
0.014918950
-0.031803063
0.017226594
0.005789774
0.006766392
0.004373371
-0.009444685
0.004732997
0.012405231
-0.032164604
0.023466402
-0.057418068
0.016176051
-0.005273217
0.021273628
-0.006232515
-0.010470776
0.013244813
-0.042436725
0.003962870
-0.011947030
0.003273027
-0.005459106
-0.022139658
0.021413398
-0.008435617
0.000374202
0.020714153
0.018145225
-0.009758462
0.035320678
0.016339933
-0.006923004
0.041781431
-0.006355397
0.011010491
0.006281577
0.001320454
0.000000000
0.007544256
0.023254004
-0.008010715
0.001928552
0.028186572
-0.010040325
-0.000948600
-0.004747683
0.022587069
-0.003731251
0.022169608
0.003037684
-0.017762679
0.010453690
-0.008293141
-0.037815599
0.024066137
-0.020864826
-0.001601890
0.018392758
0.005948871
0.014880154
0.002765887
-0.006153784
0.021381924
-0.003331757
-0.002124621
0.003941209
0.027759002
0.006454890
-0.015324616
-0.007454093
-0.009016653
-0.002795774
0.023361938
-0.009818430
-0.013543508
-0.017116476
-0.008978749
-0.005615592
0.012434925
-0.008378289
0.017602601
-0.004601471
-0.031232619
0.017611332
-0.030062168
0.003845532
0.000961421
0.014282846
0.008475567
0.005606248
0.020609643
-0.006416731
-0.007994659
0.004929691
0.007890266
-0.020660319
-0.010646008
0.002201499
0.006261543
0.002495007
-0.010016791
-0.030985707
0.043802065
-0.005915611
-0.010047957
-0.017508659
0.018136318
0.009107183
0.016733971
0.028773744
-0.002391740
0.026554709
-0.000479788
-0.014877889
0.001302372
-0.000648984
0.008751447
0.014739966
0.006023565
0.010065060
0.001564335
0.001562209
-0.019853658
-0.140557258
0.016348558
-0.028882149
0.006655886
0.011360049
-0.006948895
0.022849144
0.000000000
0.005720196
-0.019074981
-0.005468740
-0.013805275
-0.000739574
0.013268209
0.015981668
-0.015251626
-0.020701297
-0.016195007
-0.008000501
0.037922280
0.000000000
-0.004802393
0.002591390
-0.023540293
-0.005690186
0.012469242
-0.008292318
0.044072488
-0.011298231
0.008395531
0.004713438
0.017922289
0.010708080
0.001599598
0.000355623
-0.014629860
0.001076596
0.011067221
0.017250339
0.026183283
0.008803191
0.001009356
-0.006756433
0.012464342
-0.012464342
-0.003397370
-0.004089524
0.008502455
0.016122293
-0.008698261
-0.001345449
0.001345449
0.014680015
0.012181017
0.013823024
-0.000319953
0.000967350
0.011552315
0.010474421
0.000633886
-0.009513085
0.008879199
0.019698844
0.002473351
0.000000000
-0.008371572
0.020346253
-0.000306184
0.022336656
0.008916562
0.003247781
0.000883118
-0.015438322
0.016911218
-0.010054105
-0.002081353
0.020631395
-0.000143505
-0.014409434
0.014991046
0.000000000
-0.007907830
0.037804778
-0.001418104
0.004247684
-0.007656294
0.021119083
0.008598864
0.003036478
-0.005800609
0.000277736
-0.002495983
-0.017079275
-0.001130222
-0.010515945
-0.012653395
0.014077923
0.009938046
0.042205361
-0.006524611
0.000820579
-0.010411965
-0.000552770
0.022614304
-0.005945536
0.000000000
-0.007616170
-0.002732531
-0.002468071
-0.004401310
-0.004146365
-0.004993454
-0.009506088
0.013391494
0.003046670
-0.009160312
-0.001956440
-0.018042256
-0.013463012
-0.031637656
0.000000000
0.010227228
0.000000000
-0.035103195
0.035690541
-0.036912510
0.000915696
0.004874400
-0.021506171
0.000000000
0.025754027
0.017402514
0.000000000
0.022643538
-0.011403169
-0.007380496
-0.008929697
-0.001496861
0.002991228
-0.019291221
-0.006411742
-0.002452936
0.017213368
-0.010318630
0.010318630
-0.007274297
0.002734925
0.000000000
0.019528215
-0.017104138
-0.007901384
-0.003974470
0.007932900
-0.006401849
0.009133585
0.028968311
0.035721201
0.000000000
-0.022561098
0.001204088
0.014877492
0.000000000
0.021915317
0.004763861
0.016273470
0.005647796
-0.000282397
-0.009339447
-0.010576042
0.019915489
0.000000000
0.007017652
0.006693815
0.024698786
-0.001084871
0.007028417
0.013650387
0.004509425
0.051821657
0.000000000
0.034571005
-0.029559182
0.009952553
0.008624612
-0.026861383
-0.031383286
-0.016269013
0.023529786
-0.015100629
-0.012407520
-0.011484699
0.035887700
0.004137927
-0.001807365
-0.004927437
0.029953557
0.005282594
0.006002403
0.009184434
0.000000000
-0.010930518
-0.031984195
0.005659527
0.006522623
0.006608480
0.001770548
-0.017857598
-0.013212206
0.021161699
0.007883323
-0.014545837
-0.005413590
-0.014578249
0.002617184
-0.010251789
-0.001057591
0.005012488
0.006034562
0.006780554
0.005702271
-0.012220495
0.006518223
0.026161376
-0.009205709
0.011264919
-0.008660179
0.003081715
-0.003081715
-0.038604046
0.008420662
0.023147133
-0.018243351
-0.022109271
-0.022002656
0.012548742
0.032998204
-0.001725158
-0.014200010
-0.000290702
0.001750463
0.012166852
0.000000000
0.010879839
-0.015499810
-0.026079679
-0.020631116
0.000909532
-0.009132495
-0.005213618
0.007962177
0.019928311
-0.018100216
-0.014411940
-0.005883924
0.016023754
-0.042465230
0.004456742
-0.014393242
0.028266982
-0.026659832
0.001608164
-0.020112035
-0.043186907
0.004096969
-0.006151701
0.024049923
0.010422461
-0.049257149
-0.016854465
-0.017861074
-0.008689272
-0.019093159
-0.002596547
-0.020648815
-0.041440029
0.017637189
-0.032778369
0.050489858
0.021150499
-0.042364696
0.018921632
-0.001529842
-0.005379994
-0.016310892
0.033496799
0.018386468
-0.004599196
0.045423170
0.013951159
-0.002133718
0.002845346
-0.013220153
-0.003966149
0.028832728
0.019802728
0.004460691
0.028361049
-0.024939418
0.012547370
0.034124920
-0.011463563
0.014718285
0.018015822
-0.025838664
0.011063019
0.007416951
-0.019462127
0.013015539
0.000414289
0.037451577
-0.006876132
-0.015170791
-0.024175137
-0.010496697
-0.051066192
0.019241566
0.016876545
-0.012121198
0.000000000
-0.030962213
0.006269550
-0.024604278
0.024258143
-0.025326384
0.008865394
0.026481010
-0.006209090
0.012039342
-0.043676417
0.013481667
-0.008846832
-0.022569803
0.006168672
0.028169639
0.003861635
-0.030586984
0.000359591
-0.003976147
0.004340048
0.028109096
0.008039293
0.004513200
-0.002081142
0.015844890
-0.027019412
0.000703171
0.002451839
0.022497533
-0.019000515
-0.011225765
0.057373794
0.042419317
0.004781072
-0.015054662
0.065586978
0.003620861
-0.033070685
-0.005935530
0.005311323
0.046562338
0.001187592
-0.028009643
0.003355492
0.012101694
0.003602613
-0.024263259
0.028450877
0.017159142
-0.018951095
0.038126596
-0.013034292
0.055572230
0.021370192
-0.010862819
-0.019579700
-0.021106916
0.014680072
-0.000841027
-0.018114370
0.013897788
0.047315833
-0.004310169
-0.011122618
0.004084400
-0.002177359
-0.014539788
0.040083354
0.020232343
0.012409752
-0.011888506
-0.017309434
-0.002577190
-0.000532113
0.010829272
-0.004739355
-0.019453235
0.011503951
0.006627702
0.026085706
-0.011394007
-0.019724402
0.018420481
-0.014444307
0.005278080
-0.007662057
-0.006366545
0.022957470
0.031540147
