-0.011892661
0.026317800
0.043207834
0.002212492
-0.035655150
-0.017007905
-0.010226978
0.011682401
-0.007285052
0.002627291
-0.026598043
-0.008116008
0.045159117
-0.002309841
-0.009591350
0.011033782
0.010918812
-0.022830724
-0.007336021
-0.013638981
0.025060327
0.016940687
0.011394162
-0.004255330
0.001418503
-0.001138394
-0.011360444
-0.012256387
0.042806709
0.014237616
0.010756929
-0.001374016
-0.004954115
0.010430901
0.015720068
0.015741120
-0.012520251
0.000806113
-0.021659770
0.002548847
-0.008781518
-0.007744604
-0.012861417
-0.012742579
-0.021312746
0.020169877
-0.023084731
-0.011455217
0.007064175
0.043051645
0.049052547
-0.018354859
0.012184298
-0.002423824
-0.002429956
0.000541803
-0.025180846
-0.038191679
0.018145872
0.022152364
0.033289239
0.021541547
0.000943519
-0.006933197
0.007876003
-0.020932675
0.007980111
-0.001588374
-0.010246843
0.003855106
-0.001281343
-0.028649305
-0.004633694
0.023284896
0.003558001
-0.003558001
-0.010099259
-0.009873542
-0.005306235
-0.001329895
-0.006681403
0.014904837
-0.014982333
0.003687564
-0.010079169
-0.002365012
-0.009180353
-0.014101647
0.025305942
0.007071770
-0.019301163
0.002389434
-0.017893677
-0.021056294
-0.033163282
0.009482223
-0.024255621
0.019522816
-0.008422047
-0.036724932
0.015153744
0.019660836
-0.031869194
-0.012647277
0.003079704
0.004607921
0.023831188
-0.002247191
-0.004503193
0.006005747
0.015588828
0.001105461
0.021831595
-0.017429593
0.014188566
0.001353444
0.013384338
-0.004319999
0.017885985
-0.016443999
0.008614663
-0.006452317
0.000996426
0.002871798
-0.019560255
0.001466591
-0.014350057
0.024523758
0.011145077
0.012434496
0.005280358
-0.012014506
-0.008206068
-0.007195059
-0.003978136
-0.002540074
-0.046109838
0.001526614
0.003409497
0.018011579
0.025702222
-0.013136885
0.015670724
-0.009446906
-0.009626209
0.004779077
-0.003672479
-0.025757725
0.007534075
0.000379062
-0.026994175
-0.013973007
-0.007448864
-0.018280248
0.022600117
-0.020195610
0.007969155
-0.024100932
-0.004479817
0.007731408
0.052099927
0.037739771
-0.022093061
-0.048089139
-0.031066709
0.020209934
0.023054280
-0.042543270
0.017479640
0.004819825
-0.017800847
0.002042332
0.050822426
0.017655670
0.027387133
-0.005941101
-0.046875590
-0.018503369
-0.002389341
-0.032389662
0.006972096
-0.021485143
-0.030088603
0.006856556
0.009361601
0.016373918
0.041958325
0.022926965
0.012040893
0.034163693
0.001861013
-0.007477839
-0.057530530
0.001587141
-0.006769122
-0.011657080
-0.002833316
-0.016342395
-0.007442825
0.011963552
-0.015294407
0.003330855
-0.000419926
0.015250062
-0.039631613
-0.002551466
0.056395134
-0.004946802
0.011293880
-0.017402109
-0.029402822
-0.008865344
0.013893092
0.009575656
-0.014185093
-0.003784836
0.044941900
0.021149002
0.023792004
-0.005797047
0.004254593
-0.043398552
0.023908616
-0.038121003
-0.017739757
0.004148537
0.004046527
0.036131840
-0.029537025
-0.002469030
-0.016183654
0.030495224
-0.040167439
-0.017038810
-0.020406546
0.004376990
0.005223124
0.048054256
-0.057180320
-0.024028580
0.002380857
0.011821537
0.007496537
-0.001402468
-0.042959509
-0.014747995
0.008275459
-0.017858374
-0.032555713
-0.002075413
-0.019352400
0.006844799
-0.003677271
0.010990953
-0.044186262
-0.005457741
-0.001645164
0.006015506
0.005434005
0.002706016
0.000000000
0.020330960
0.016802679
0.020110763
0.012180094
-0.041370233
0.061242567
0.064698804
-0.031585263
0.006678250
-0.017275360
0.003388342
0.004328396
0.027474370
0.008842324
-0.003245551
0.003711753
0.054065830
-0.007488772
0.000444783
0.001325479
-0.008419592
0.034544843
0.024616824
0.028040688
0.063650509
0.075578865
-0.017548884
0.012567510
-0.005011131
0.032120859
0.037495852
-0.007385065
-0.056508466
-0.026375739
0.114072446
0.000000000
0.020693275
-0.000961704
-0.032555222
-0.023773237
0.032340941
0.022061939
0.000000000
-0.035270252
0.021053078
-0.025490111
0.000331023
-0.029152830
0.012307960
0.042246156
0.014231165
0.028178648
0.011798304
-0.017118093
-0.001570140
-0.003400310
-0.008713401
-0.011618845
-0.009604420
-0.016582957
0.030783310
0.023340268
-0.016317356
-0.016944987
-0.014342858
-0.024694926
0.034230498
-0.024279159
0.004029262
0.012704235
0.030202775
-0.002452424
0.023578133
-0.041632947
-0.013311345
-0.029015133
0.000741015
-0.017280676
-0.010664783
-0.008847506
0.007312025
-0.006924769
-0.013614389
-0.003530976
-0.037629488
0.010952315
0.017821010
0.018089386
-0.008222049
0.002359439
0.021710498
0.001920019
-0.031504452
0.012564479
-0.015730901
-0.005164474
0.013457605
0.001961630
0.014409581
0.011151008
0.003436599
0.029588939
-0.017332636
-0.026575480
0.022770792
0.015894529
0.014168232
0.009214814
-0.002019837
-0.007383497
-0.004833813
0.004090725
0.021282641
0.002180304
0.001445999
0.015082987
0.032951409
0.004815494
0.016000267
-0.002031888
0.008425676
-0.005045986
0.001682970
-0.006754599
-0.003397167
0.003736684
-0.029226785
0.019009139
0.009878129
-0.014176533
0.008562083
0.019597827
-0.002343870
-0.002350103
0.004023409
-0.029555415
0.023846698
0.003699347
0.015312797
-0.012967882
0.006007126
-0.001000167
-0.007351874
-0.026169963
-0.014220250
-0.001045617
0.001744999
0.003137309
0.026439065
0.003384204
-0.017376902
0.002402274
0.027582687
0.005658964
0.006283990
-0.000656361
-0.054254016
0.001046454
-0.032905676
-0.000721209
0.013234798
-0.027007742
0.010527153
0.014342795
0.016594011
0.006633130
0.000000000
-0.007334816
0.004548071
0.005912935
-0.018552504
0.001414706
0.002112612
0.011037051
0.014874499
0.004451118
0.015261480
0.005706439
0.000670411
0.001669380
0.006990740
0.010549986
0.024632433
-0.006748297
0.005464746
-0.008693844
-0.010068536
-0.003929182
-0.001639504
0.014669633
-0.003242901
0.029748177
-0.024890176
-0.020412850
-0.005294569
0.032639275
0.007358896
-0.021266331
-0.064559796
-0.032476468
-0.003235189
0.020312171
-0.017076981
0.015662492
0.005636418
0.018448768
0.006527699
-0.011370787
0.002768495
0.009288937
-0.021104092
0.018705106
-0.060109678
0.005637583
0.000726259
0.014395169
-0.014031874
0.006497278
0.010740424
-0.011817594
0.003233509
-0.013013876
0.000729197
0.013004120
-0.020668649
0.007664530
-0.018351824
0.002729406
0.023688662
0.020277047
0.002505618
0.022970058
0.018009946
-0.011043075
0.039996541
-0.000334158
0.005658760
0.007604389
0.004599956
0.000000000
-0.009884215
0.023562983
-0.005188545
0.003891574
0.021150359
-0.010840337
0.006387821
0.003498976
0.027237186
-0.001858166
0.017179518
-0.005486386
-0.015099757
-0.002175283
-0.003430223
-0.024829342
0.023737600
-0.020543062
0.005096095
0.002855650
-0.002537584
0.003489287
-0.001586901
-0.007951784
0.018986768
-0.001881490
0.001253199
0.003759433
0.029860307
0.020414150
-0.017384377
-0.013392983
-0.022628239
-0.009931974
0.013848701
0.004676296
-0.007807443
-0.010400111
0.004112405
0.008479222
0.011815620
-0.013379164
0.015540417
-0.000613848
-0.022790919
0.025560985
-0.035716872
-0.006076852
0.006715742
0.015810558
0.007815014
0.011452410
0.003381698
-0.004611368
-0.012404106
0.010554308
0.007849560
-0.026718486
-0.009176569
0.000636588
0.003805968
0.003471078
-0.006641008
-0.027672690
0.038407147
0.000314403
-0.015820384
-0.011221260
0.018845871
0.003160578
0.003146483
0.029438106
-0.006123956
0.033530221
-0.010098581
-0.020695031
0.005048950
-0.006060414
0.004043061
0.020963465
-0.000330256
0.017630676
-0.001946005
-0.001297511
-0.026314371
-0.139265043
0.030193163
-0.017248921
0.010157621
0.007091301
-0.000745921
0.024621304
0.000000000
0.005427600
-0.023744245
-0.005558737
-0.014133109
0.001881022
0.009372068
0.015551479
-0.011083932
-0.016099535
-0.012919395
-0.001146263
0.033132254
0.000000000
-0.025886556
0.016588644
-0.009016363
-0.007191207
0.011706999
-0.011706999
0.033622353
-0.009227286
0.005914334
0.001473323
0.015704310
0.011897410
-0.000622275
0.002169081
-0.020042167
0.004043460
0.015274468
0.013626402
0.042870303
0.011195985
0.011741288
-0.007027166
0.012014832
-0.013021456
-0.008779517
0.000000000
0.006420683
0.016378361
-0.014019528
-0.010136411
0.010136411
0.013354438
0.004961040
0.010605272
-0.018468272
0.007293886
0.016715122
0.004216684
-0.007146777
-0.002610643
0.010402148
0.016361320
0.006342504
-0.010487981
-0.013510203
0.036877085
-0.011298338
0.037179268
0.003642514
-0.002122162
0.005448772
-0.009404997
0.013626047
-0.018822885
-0.011714856
0.019652658
-0.011237772
0.000617209
0.020692279
0.000000000
0.003009525
0.020802721
-0.009455376
0.009455376
-0.002355466
0.028193715
-0.007767176
0.008342118
-0.008056012
-0.009574963
0.000292141
-0.014973598
-0.005639499
-0.007763058
-0.013588633
0.015083526
0.012497324
0.049153011
-0.014181333
0.001996761
-0.006006257
0.001146500
0.011679380
-0.000568430
0.000000000
-0.011686254
-0.008058917
-0.006376052
-0.003788901
0.000000000
-0.003803510
-0.012088986
0.012382907
-0.003816788
-0.014220789
0.005357006
-0.016153753
-0.011526904
-0.027209753
0.000000000
-0.001796612
0.000000000
-0.033882770
0.026943528
-0.035429065
0.004249488
-0.004249488
-0.016199676
0.000000000
0.021754248
0.024479791
0.000000000
0.017035361
-0.011640659
-0.006987646
-0.012184633
0.006434717
-0.004822305
-0.011334003
-0.010476734
0.005904566
0.006619962
-0.012770266
0.013744313
-0.008811573
0.000000000
0.000653646
0.020110661
-0.015209885
-0.009826536
-0.002637298
0.001976671
-0.009267756
0.009267756
0.034647649
0.005714125
0.000000000
-0.012420477
0.006391209
0.020481960
0.000000000
0.006835899
0.004419968
0.018043139
0.000304110
0.000000000
-0.007604992
-0.006433145
0.014038137
0.000000000
0.002420999
0.016490986
0.030167476
0.004028862
0.005734112
0.019802195
0.000558222
0.066862487
0.000000000
0.045057267
-0.029211373
0.005144276
0.008425995
-0.029153387
-0.024587552
-0.022534335
0.028688615
-0.025124831
-0.029994596
-0.003672420
0.029555920
0.006571003
-0.004925880
-0.001645123
0.023885833
0.018866855
0.010472881
-0.001300621
-0.002091998
-0.006816401
-0.031274655
0.007572828
0.012136014
0.013495271
0.010456494
-0.031707140
-0.016236801
0.022926260
0.011928134
-0.014331819
-0.005629510
-0.022837359
0.004661458
-0.005489476
-0.001650935
0.009057389
0.014912978
0.012040114
0.009531460
-0.021031485
0.009637606
0.024737338
-0.025268457
0.014005435
0.004044046
-0.018911013
-0.007666017
-0.049750281
0.009288203
0.024351748
-0.020660632
-0.022354138
-0.036449097
0.020942297
0.027677051
0.005874799
-0.011788074
0.002494333
-0.007185240
0.015246103
0.001850850
0.002459801
-0.019556755
-0.016116678
-0.011842793
-0.003552132
-0.012705592
0.002616946
0.001309760
0.024516099
-0.021909516
-0.017411825
-0.005652174
0.020457417
-0.055740461
0.006196058
-0.032788407
0.025555759
-0.029106788
0.003197848
-0.021153094
-0.035027876
-0.008664863
-0.012955735
0.038365205
0.011773199
-0.047076170
-0.026355185
-0.020234904
0.003998303
-0.020569211
-0.005309945
-0.017776089
-0.052654994
0.025178727
-0.027375312
0.043108371
0.006309171
-0.031520580
0.020984667
-0.006376052
0.000849066
-0.015021687
0.031084587
0.021980538
-0.004688992
0.025088357
0.020478405
-0.006382774
0.007574485
-0.016009725
-0.003229214
0.023593007
0.017630441
0.007738406
0.034094333
-0.019555219
-0.003424159
0.046901106
-0.005469405
0.023844919
0.024335403
-0.035103713
0.007188940
0.017406888
-0.018482530
0.014952185
-0.003517500
0.018981438
-0.011201917
-0.022074113
-0.018529407
-0.016267948
-0.053587738
0.024084722
0.013725244
-0.006454839
-0.016912057
-0.027108339
0.001194130
-0.033983736
0.032392941
-0.026239309
0.008148545
0.033899795
0.008980675
0.005423244
-0.039020036
0.009203752
-0.011617908
-0.031096352
0.005808273
0.028536580
0.000805567
-0.036814097
0.003329430
-0.001665754
0.010348670
0.027607238
0.017469249
0.000000000
-0.002757076
0.020311644
-0.033823023
0.011141022
0.014916645
0.022354617
-0.018853468
-0.008188702
0.067452975
0.047219162
-0.008421200
-0.029683475
0.051295993
0.001377128
-0.043636725
0.005737378
0.010320128
0.041257941
0.000342217
-0.031389997
0.001751868
0.011820672
0.002762783
-0.028671799
0.042026096
0.011161901
-0.020730094
0.043346165
-0.005277884
0.051227308
0.036435676
-0.017423683
-0.004015341
-0.037539198
0.021936994
0.001572419
-0.021263088
0.010211878
0.054066034
-0.011491864
-0.009478403
0.002150002
0.002141868
-0.021638119
0.039820343
0.031917623
0.006956535
-0.030202053
-0.003281223
0.001216889
0.003575542
0.013880615
-0.012988616
-0.022846761
0.003641855
0.008748006
0.028421075
-0.012334822
-0.020600899
0.016158348
-0.016158348
0.010504005
-0.007189996
-0.023731052
0.024931689
0.016380310
