-0.030442273
0.041582579
-0.016095051
-0.002984397
-0.033089035
0.022740085
-0.021024941
-0.017283547
0.019679568
0.035268084
-0.023373301
-0.014633384
0.039655611
0.002303545
-0.008915285
-0.005987887
-0.013098458
-0.022911032
0.020880627
0.009104598
0.006357831
0.009296307
-0.002316085
-0.001657630
-0.027242245
0.024251681
-0.024933896
0.006122488
0.025444991
0.017661559
0.009953725
0.042339423
0.007566167
0.005012613
0.020721212
0.007015568
0.004851349
-0.027600635
0.013588831
0.004896001
-0.031000679
-0.007585298
-0.034536275
-0.019901130
0.003344431
0.019508091
-0.023522863
-0.010446509
0.019457175
0.046731491
0.035200452
0.001529378
-0.000611447
0.003053389
0.001827599
-0.003047805
-0.032260866
0.005031449
0.029972867
0.000608656
0.017491517
0.030037434
0.043151831
-0.033623742
-0.029156636
0.004428243
0.042105169
-0.002544785
-0.011962521
0.031309805
0.004986094
-0.022071028
-0.010792407
0.013331771
0.028061293
-0.011296603
-0.045636282
0.015825284
-0.010618624
0.015175767
-0.002275975
0.000854166
0.022789092
0.008034345
0.030972143
-0.001874235
-0.014851229
-0.011766381
-0.001101614
0.011234555
-0.021204149
-0.019674794
-0.014006015
0.012870093
-0.040301175
0.013809670
-0.005559626
-0.002350266
0.008493262
-0.028395862
0.008068106
0.030771797
-0.011903382
-0.009684455
0.020143633
-0.029922871
0.010663467
-0.010961409
-0.016216586
-0.006987782
0.018127592
-0.002998721
0.024033149
-0.007356065
0.009991301
0.005830827
0.000290754
0.029493811
-0.016787944
-0.002010801
-0.022093672
0.007321743
0.004948249
-0.014035406
-0.000883709
-0.003838805
-0.020927528
0.016479815
0.008581187
-0.004133474
0.004428243
-0.011256178
-0.015308771
-0.013705116
0.007332762
-0.019985246
-0.057852887
0.001315470
-0.002962034
0.020229024
0.016973935
0.015440674
0.007166316
-0.005916169
-0.017643960
-0.020877579
-0.026641788
0.003991898
0.056789478
0.031189809
-0.057247898
0.010344147
-0.010550659
0.003639469
0.029930778
-0.007722357
-0.028170641
-0.012705095
-0.024524242
-0.010398686
0.031890109
0.020708795
-0.018349201
-0.034249703
-0.032940950
-0.007953703
0.032848401
-0.039403464
-0.028536265
-0.024739637
-0.018277902
0.056089672
0.036433846
-0.005740862
0.031872237
-0.020067595
-0.047706138
-0.023015458
-0.024730711
-0.025759430
0.009588510
-0.005982012
-0.025112667
-0.015709216
0.033192844
0.010026298
0.062266476
0.010814828
0.000741530
0.047765935
-0.001414404
0.035798831
-0.015136175
-0.022788043
0.000354596
0.017220630
0.015900589
-0.024298284
-0.000702955
0.004210464
-0.003858860
-0.005993232
-0.022890953
0.014724626
-0.054205847
0.001128472
0.058765351
-0.002129201
0.036621327
-0.022862001
-0.037120615
0.019445984
-0.006440055
0.003582824
-0.016952506
0.022658651
0.002840996
0.009528974
0.025317747
-0.024264719
0.009429228
-0.027128714
0.015943664
-0.048614428
-0.042591669
0.027346913
-0.022353646
0.080926441
-0.049992221
0.023133004
-0.038857772
0.072759201
-0.015915382
0.001781014
-0.012894172
-0.037088925
0.011900328
0.006999578
-0.075860351
-0.024860961
-0.006925931
0.015013337
-0.019110084
-0.010730657
0.009498353
-0.063634680
0.061989344
-0.007853017
-0.040216966
0.018827965
-0.031871602
0.016493401
-0.008212616
0.032453583
-0.042925143
-0.024418391
0.019582246
0.010957918
-0.054648634
0.011899288
-0.045610314
0.002853052
0.032238256
0.061516622
0.015869964
-0.043485265
0.025017966
0.015910858
0.023609896
0.000000000
-0.038221297
0.000000000
0.017593342
0.008049146
0.045771653
-0.031111750
0.006630769
0.042060350
-0.008750932
-0.033295348
0.008510605
0.000000000
0.021794851
0.053281318
0.021388942
0.034414572
0.044710311
-0.001423027
0.050670117
0.008089118
0.069373175
-0.017056668
-0.024183015
-0.104490653
0.006500706
0.103522944
-0.000649274
0.001946715
-0.056681824
-0.009998399
-0.011149921
0.051223229
0.023360191
-0.014082479
-0.019987379
-0.010825485
-0.033549666
0.004562157
-0.007027449
0.025414674
0.059714308
-0.008128956
0.041879362
0.005619794
0.008679513
0.025896231
0.003003119
0.007170645
-0.000893470
0.005645422
-0.076961043
0.004470003
-0.002551840
-0.044408139
0.001668001
-0.016468164
-0.038692251
0.001056301
-0.019542380
-0.010097515
0.002172387
0.032381448
-0.013394613
0.002480935
-0.008889028
-0.036737956
-0.031235026
0.033455387
0.024106487
-0.018576355
-0.016682509
0.019619374
0.012386208
-0.000724420
-0.007272730
-0.005122510
-0.005517707
0.014283345
0.003629602
-0.008368027
-0.017693217
0.014032841
0.013838470
-0.033091229
0.000000000
-0.018868656
0.027430027
0.010324551
-0.004043453
0.024018625
0.003947724
-0.026861919
0.023633147
-0.040328079
0.019267072
0.012037309
0.015470767
0.003563717
-0.018309669
0.001810067
-0.027871311
-0.005967952
-0.009396795
0.046846133
-0.005420143
0.017953966
0.003197629
0.029707003
0.006179187
0.021331372
-0.005374561
0.012717732
-0.013391548
0.001010633
-0.011854461
0.002382031
-0.012656195
0.010614883
0.026219797
0.000000000
-0.011344862
0.003350293
0.014608441
-0.001979470
-0.010290705
-0.006024006
0.003016459
0.025117033
0.000204596
0.000000000
-0.008760149
-0.003389767
-0.013675476
-0.008643107
-0.019635956
-0.000354143
0.013021526
0.014578525
-0.010739844
0.010050320
0.006872904
-0.001713823
0.028742514
0.024367337
-0.002279810
0.016491994
-0.002247602
-0.028363829
0.007248807
-0.023585198
0.005029425
0.022814633
-0.021477722
-0.004351561
-0.006056545
0.018060765
0.028106367
0.004501639
-0.020418789
0.012042466
-0.002915963
-0.016026479
-0.014947957
0.018896705
0.003605880
-0.014834657
-0.001329281
0.011243476
0.014041056
-0.012726475
0.014670185
0.020183246
0.012293295
0.011834442
0.000928505
0.000000000
-0.008698525
-0.007516548
-0.005358623
-0.013363077
0.007340053
-0.003503807
0.025206105
-0.032572017
-0.043020893
-0.008424700
0.040781413
-0.009138455
-0.010547138
-0.050282326
-0.021127622
0.000000000
0.033937102
-0.014553187
0.011797429
-0.002763333
0.007580946
-0.014523073
-0.019342848
-0.008559250
0.025810129
-0.025094067
0.012448932
-0.048525104
0.020202759
-0.018349205
0.007380177
0.007325982
-0.014706158
-0.010798822
-0.033888619
0.032015008
-0.013215289
0.011713773
-0.005650883
-0.006443061
0.007198377
-0.007959108
0.030725583
0.005519706
0.002931549
-0.015487031
0.039349203
0.011014595
-0.017106614
0.034967354
0.031097715
-0.020394990
-0.015573979
0.022418618
0.008152295
-0.029176726
-0.010856319
-0.041335669
-0.007366500
0.014679215
-0.006945711
-0.002939130
0.005503675
0.013808257
-0.012711080
0.030239874
0.020011152
-0.016471436
-0.013876753
-0.008997691
0.004688972
-0.005774159
0.014373277
-0.003216010
-0.015873414
0.001453502
0.001088731
0.034227890
-0.013053521
0.024207332
0.022280252
0.003242281
0.002085551
0.020278966
-0.002384559
0.000000000
-0.024164037
-0.007012683
0.018131711
0.022549544
-0.005080426
-0.010239024
-0.012774154
0.001388841
0.005881381
-0.004840976
0.005185850
0.015737494
0.023151573
-0.026892346
-0.011996722
-0.007962725
0.023360807
-0.012299547
-0.002753817
-0.022308316
0.009821089
0.025501042
0.002039550
-0.008525172
0.000342318
0.001368448
-0.016893956
-0.002785537
0.010060757
-0.019871640
0.010856286
-0.010152333
-0.012035522
0.035336803
-0.003443409
-0.018802831
0.019837061
-0.003106137
0.009974365
0.004779784
-0.011648013
0.029538731
-0.002009421
-0.003694363
-0.022801747
0.004122312
0.023379108
0.010328200
0.006936462
0.001644520
0.023706197
-0.005147982
0.020434872
-0.017214189
-0.107864587
0.022663786
-0.009145370
0.029593173
0.022724405
-0.005379936
0.003365869
0.000000000
-0.002354953
-0.020072142
0.025446732
0.014962799
0.001978357
-0.011928639
-0.009040768
-0.007088580
0.008097193
-0.029669851
-0.007992931
0.006607535
0.000000000
-0.004516326
0.020335039
-0.034360380
-0.000706599
0.012291606
-0.012291606
0.013686862
-0.022560045
-0.009672159
0.011453161
0.019383786
-0.018672240
-0.004633802
-0.015481885
-0.007648938
0.001461527
0.009447783
0.007925039
0.017781427
0.020237956
0.007227683
-0.017295426
0.008339155
-0.003119132
0.004847720
-0.015666118
-0.009164712
-0.015703326
-0.012305598
0.013743403
-0.005041408
-0.009066296
0.001819855
0.011209598
-0.002159834
-0.023701983
-0.005921600
-0.004091573
-0.013130855
-0.009485990
0.015278264
0.022206141
0.015032131
0.011127823
-0.024646523
0.041834735
0.004341576
0.004682060
0.005375448
-0.013674223
-0.006543053
0.005455526
0.003620565
-0.007618366
0.009423726
0.009693062
-0.002145844
0.013866895
0.014025501
0.000000000
0.013144418
-0.006896610
0.000000000
-0.007292939
0.009366910
0.024220864
-0.006424343
-0.016416297
-0.002416690
-0.008330443
0.002089059
-0.001043927
0.004516226
-0.012205875
0.001052019
0.003498951
-0.011946762
0.008097222
0.020819685
0.006162250
-0.008569044
-0.001722671
0.004129465
-0.000687049
0.000000000
0.001716643
-0.011385256
-0.007662828
0.015267458
-0.014917850
0.013884202
-0.019492420
0.009445632
-0.000348345
-0.006639874
0.002801196
-0.021202226
-0.009689740
-0.011242076
0.000000000
-0.005485532
0.035306307
-0.037876428
0.038230366
-0.007102374
0.001424578
-0.004994771
-0.016588819
0.000000000
0.010850045
-0.012669860
0.000000000
0.009066256
-0.003979160
-0.009834285
-0.006242043
-0.006281089
0.000741015
-0.005571101
0.001116714
0.006674060
0.004792692
0.007328678
0.016295818
0.010718246
-0.011796392
0.002872531
0.003936364
0.002853027
-0.002853027
0.007117500
0.002479172
-0.004964583
0.001775863
0.002481007
-0.001417009
0.000000000
-0.002129130
0.008137329
0.003868454
0.000000000
0.007344025
0.000696621
0.002086917
0.006580085
0.005851040
-0.003437608
-0.004140751
0.005861013
0.002060363
-0.001373154
0.017705663
0.022690273
0.010175780
0.002283458
-0.004572215
0.008150050
0.032266038
0.000000000
0.021459380
-0.040822025
0.000320374
-0.003209137
0.025703455
-0.005340025
-0.015873404
0.021213429
-0.021213429
-0.026261766
0.005569125
0.014272043
0.007060462
0.015233539
-0.047405305
0.003626085
0.015023202
-0.009772092
0.005312737
-0.005054739
-0.009845639
-0.007190587
0.003772933
-0.000342311
0.007505952
0.002715538
-0.015371829
-0.008643079
0.022997369
-0.001358140
-0.013340346
-0.009341093
-0.029273798
0.007488007
-0.003558738
0.003558738
0.008489586
0.009116431
0.029575796
-0.014678488
-0.001032243
0.006519169
0.001025467
-0.018273150
-0.012957654
-0.002470496
0.017166327
-0.008371250
-0.003508679
0.007005202
-0.015122448
-0.007826418
-0.002145158
-0.008626871
0.002523826
0.022432787
-0.014184584
-0.018746071
0.011577588
-0.010486480
0.000363490
0.012637826
0.005367741
-0.019460165
0.000000000
-0.001456601
-0.013945217
-0.026588356
0.020658002
0.005560684
0.025548870
0.007181353
-0.022432167
-0.014744118
0.015475674
-0.031571794
0.006394518
-0.000750135
0.038643332
-0.007246478
0.018018508
-0.023487949
-0.018078326
-0.031004330
0.000767701
0.014476401
0.002644021
-0.038843586
0.013632105
-0.023088365
0.007886427
0.001569833
-0.003929295
-0.015873292
-0.006420587
-0.007272722
-0.004470719
0.006496100
-0.006496100
-0.017256033
0.007843286
0.007374066
0.006103745
-0.018837519
-0.001655048
0.012754776
-0.002455957
0.008976053
-0.000812750
-0.003257277
0.003257277
0.008097160
-0.003231009
0.011263258
0.007571243
0.016145302
0.023167037
-0.013835702
-0.010112918
-0.014966758
0.001189685
-0.001189685
0.008298684
-0.028339479
0.002022233
-0.002427231
-0.008133425
0.014190426
0.002412591
0.019881288
-0.015873292
-0.012072591
-0.002432107
-0.004881988
-0.026990002
0.029852988
0.024487578
0.042542612
0.021765290
-0.004238144
-0.014388699
-0.006286816
-0.007914623
-0.040540583
0.000413677
0.034149670
-0.004004820
0.001603746
-0.028445539
0.009027457
-0.017305712
0.005801953
0.020045691
0.000809644
-0.005274920
-0.025547315
-0.005860240
-0.010550829
-0.009377720
-0.003861820
0.000859487
-0.014712474
0.014282801
0.026713534
-0.007559893
0.019207297
0.006595198
0.009405070
-0.019314315
-0.009589371
0.042245325
0.030844737
0.000389277
0.002332845
0.041831172
0.025010547
-0.012059403
-0.001839931
-0.005540193
0.007380124
-0.007380124
-0.022472831
0.001135752
0.003776409
-0.006807901
-0.023033622
0.023413042
-0.012597933
-0.000384270
0.028789878
-0.011265674
0.024987343
0.036170281
-0.008920650
-0.012624145
-0.030216046
-0.004499348
-0.005275135
-0.001512229
0.018369718
0.018767828
-0.029223504
0.017857689
-0.010750877
0.013696348
-0.007380124
0.028479492
0.032929117
-0.008043347
-0.005633888
-0.013508866
-0.015873364
0.010850004
0.024868052
0.006644572
-0.010159523
0.002110474
-0.046754250
0.004775035
-0.005143315
-0.014842569
0.009302376
-0.018692099
-0.009097901
0.024079450
-0.003724408
0.014447344
0.014604163
