-0.009619070
0.043643295
0.025993735
0.014458027
-0.020718932
-0.010522654
0.025758470
-0.082336316
0.006693978
0.042806652
-0.015748424
0.027048035
0.013254436
-0.019594823
-0.058198055
-0.056233685
-0.026497100
-0.029729437
-0.041066598
0.021599198
0.041847059
0.033846878
-0.013562127
0.006405126
-0.014469633
0.052830518
-0.056074683
0.050683689
0.025916079
0.027459982
0.018854721
-0.034347409
0.018416705
-0.037178960
0.026907513
0.004415028
-0.031322541
-0.003795145
-0.037974262
0.021875854
-0.012441902
-0.046445431
-0.003283906
-0.019934474
-0.023769980
0.000858555
-0.012089836
-0.011358630
-0.000879274
0.045559935
-0.025533028
-0.028860944
0.056073202
0.006689183
-0.033901440
0.010291707
-0.047170645
-0.034580257
0.008298822
-0.033616565
-0.020144486
0.028655073
-0.000941984
0.040633525
-0.007266248
-0.010999100
-0.013921248
-0.014117911
0.018779774
0.010180543
-0.014842406
-0.000935300
-0.000935813
0.058198179
0.054996622
0.056089700
-0.016200158
0.008251000
-0.050558516
0.036491124
0.056695412
0.053652588
-0.031074848
-0.016298403
-0.034225300
0.021626749
-0.029756899
-0.037426361
-0.025752574
0.000869266
-0.038074555
-0.019135003
-0.007386898
0.005545340
0.013730176
0.014440749
0.007142752
0.013256918
-0.021296323
0.017778300
-0.017778300
0.077625289
-0.031186766
0.006825837
-0.039016502
-0.016043129
0.054209064
0.015203104
-0.005885061
-0.023028583
-0.026225359
-0.011581244
0.038669121
0.001722378
-0.019991829
0.006999022
-0.004368686
-0.020345422
0.011550263
-0.029585069
-0.042757594
-0.022084269
-0.002916892
-0.020659759
-0.010994985
0.010994985
-0.045763140
0.013436819
0.055902971
-0.040619833
-0.020429782
0.014344526
-0.013313102
-0.001031424
-0.007250040
-0.028467993
0.028467993
-0.033830020
0.009630963
0.042737053
0.012170623
-0.046423957
0.037309905
-0.014344526
0.031490724
0.031498687
0.017291620
-0.064919891
0.036912270
-0.046100508
0.002049367
-0.025921626
-0.022305916
-0.022814568
-0.022223342
-0.027336466
0.037398250
-0.020225553
-0.092702988
-0.020126560
0.047155376
0.104632821
-0.006571538
0.029238619
-0.023759206
0.051129311
0.017499071
-0.015424323
0.050515564
-0.007912850
0.050349411
-0.040468001
-0.037059801
-0.033198094
0.007356979
0.033971088
0.006054680
-0.020325966
-0.044078549
-0.040509074
-0.005602203
-0.028491973
-0.058315078
-0.002453904
0.007343874
0.027662716
0.042954917
0.005665825
0.011235826
0.057530841
-0.008474600
0.006362607
-0.103482939
0.019733854
0.024972627
-0.020385765
-0.032560914
-0.031214995
0.015729214
0.027236979
-0.001169013
-0.044239100
-0.022250613
0.004987369
-0.030305254
0.056089557
0.056830309
-0.017011222
-0.022305805
-0.055390882
-0.009314862
-0.017532375
0.002717327
-0.030305270
-0.007017737
-0.034387192
-0.028087604
0.005978946
-0.010486912
-0.050976342
0.006319172
-0.050050742
-0.006644580
-0.077961295
-0.042324910
0.005623345
0.014842654
0.007339522
-0.070038409
-0.009852058
-0.071825699
0.051824802
0.031812006
-0.025769359
0.025769359
0.036507446
-0.011385272
-0.029043653
0.001962428
-0.046146689
0.016293733
0.053109950
-0.061223389
0.004065189
0.012096867
-0.059873419
0.010582104
-0.072004992
-0.065443994
-0.012150814
-0.039905469
-0.090487250
-0.066210989
0.040821697
-0.028987527
-0.008862825
0.002963246
-0.054725021
-0.025317951
0.006390024
0.000000000
0.034432108
-0.034432108
0.055742102
0.017910846
-0.086473707
0.047252867
0.129677779
0.000000000
-0.030180541
-0.051439681
0.048650346
0.032969875
0.075458448
0.002503367
-0.035627218
0.057877581
0.110968302
-0.077311235
-0.016686798
-0.077441823
0.018018373
0.027674650
0.074107888
0.066839997
0.086652233
0.068729260
0.086550027
-0.108938924
-0.058268881
-0.006018165
0.039452834
-0.027452505
-0.012000329
0.060506415
0.076539954
0.032789850
0.006768052
-0.006768052
-0.063068325
0.074882724
0.010016933
0.024611566
0.019262148
-0.022509018
0.050723934
-0.060527891
0.013050828
-0.003246871
-0.023027364
0.070655395
0.073221824
0.105216296
0.040666264
-0.045867710
0.032074573
-0.002528535
0.046980102
0.060908949
-0.079190988
-0.068729182
0.042559654
0.040821886
0.040385685
-0.014068303
0.003535569
-0.061875496
-0.038269809
-0.034395036
0.040875783
-0.091956502
0.069747953
0.023499674
-0.046212829
-0.058431166
-0.004306982
0.038113208
-0.054067093
0.000000000
-0.017699673
0.008888908
-0.002954140
0.029156399
-0.008658026
-0.007272757
0.017366669
-0.001435887
0.033901740
0.069733243
0.031870116
-0.001255463
0.034571388
-0.038347260
-0.026838781
0.007742093
-0.035320949
0.034034653
0.010243272
0.025158700
0.028170778
0.009615512
0.014251961
0.065054629
-0.087715130
-0.010915695
0.039455107
0.017432299
0.019395868
0.007878431
0.066148724
-0.046170081
0.030305385
-0.024826052
0.025891303
0.037622201
0.032293359
0.011845972
-0.017822059
0.019783147
0.014584367
-0.031375065
-0.009004823
0.035542066
-0.011707633
0.011707633
0.040860707
0.023920370
-0.013730405
-0.004618834
-0.022472868
-0.005697996
0.044700094
-0.000911248
0.005454644
-0.010022946
0.001830000
-0.039147526
0.030886681
-0.032789698
0.050149783
0.014388603
0.011540440
-0.012433675
0.011550378
-0.037808233
0.008223216
-0.036131773
-0.007575722
-0.014361292
0.037847564
-0.010266157
-0.036298305
0.017358239
0.034761657
-0.023354626
0.007533034
-0.024692694
-0.050281498
0.025949289
-0.069344580
0.036292199
-0.003059835
-0.021683710
0.008315979
-0.001035708
0.035627165
-0.007024445
0.001006398
-0.015205680
-0.004093951
0.025317677
-0.015113753
-0.009178955
0.053851500
-0.017630155
0.032088347
0.000000000
0.032944141
0.032789787
-0.038360919
-0.032169294
0.032169294
0.000930754
0.056072487
-0.007946869
0.028835369
0.039684342
0.007422829
0.057477848
0.010034853
0.009935063
-0.011472397
-0.001539701
-0.007733896
-0.016438607
-0.010313682
0.070055621
0.032909808
0.036033621
0.059930406
-0.067593342
0.050453697
-0.057471351
-0.028573363
-0.013129234
0.046620196
0.065763980
0.005888156
-0.012471456
0.036320513
0.049093420
-0.074901217
-0.023141518
-0.011436508
0.047565061
0.031748838
0.003742896
0.030054469
-0.021992383
-0.018074666
-0.022258462
-0.050109246
-0.010193926
0.040166028
-0.006583300
-0.043881395
0.022518806
0.008733788
-0.043054234
0.007781886
0.036342668
-0.008792780
0.030771683
-0.021978903
-0.023851323
0.041208210
-0.022081938
0.048854707
-0.017550002
0.023972541
0.053595422
0.034002631
0.042486392
0.028264571
0.068628413
-0.017499108
0.064343978
-0.036187468
0.048766117
0.050619962
0.017667559
-0.025928290
-0.006936428
-0.047028483
0.011605680
0.043740795
-0.029420774
-0.056043824
-0.030536834
0.028027190
0.015458012
0.021053280
0.054678976
0.073813107
-0.021969399
-0.006116358
-0.009244944
0.008368272
0.153774646
-0.020901295
-0.054857062
-0.056323514
0.006417221
0.027756193
-0.058941205
0.006140553
-0.009666259
0.005723228
-0.019056729
-0.010796344
-0.011829057
0.035958902
-0.000441660
0.062078775
-0.024796476
-0.048832782
0.018592864
-0.088927033
0.025557458
-0.014117905
-0.003323009
0.021637682
0.019811739
0.013143082
-0.009500121
-0.005012595
-0.032028647
0.045640656
-0.038121829
-0.028491890
-0.004344720
-0.008746483
-0.018719751
-0.061526179
0.005274261
0.015139830
-0.026780171
-0.011777563
0.051427774
0.013716595
0.039569797
-0.020578966
-0.030153030
0.037078433
0.022416817
-0.058318259
-0.048137567
0.025961506
-0.017775923
0.019376239
-0.001600316
-0.001603005
-0.031507144
0.022914302
0.019231136
-0.024097486
-0.008163435
0.014646364
0.005370561
0.003742348
-0.015595838
0.006482929
0.012309403
0.000000000
0.056862938
-0.039984832
-0.040560397
-0.008752920
-0.016062115
0.017709248
-0.007156768
0.013172502
0.013001241
-0.036726223
-0.037547220
0.052509884
0.000000000
-0.016080314
0.019923334
-0.024966748
0.034781576
0.016146678
0.010621467
0.013641265
0.030282007
0.043528123
-0.000968586
-0.001939712
0.023507873
0.004258269
-0.020029268
0.009110767
-0.005264634
0.023240382
0.008403366
0.005563232
-0.020551754
0.009861623
0.004661833
0.005565919
0.012867921
-0.038161930
-0.002850380
0.012763155
0.048588784
-0.030436058
-0.000461524
0.021005392
0.042032349
-0.007393001
0.008259133
-0.006514630
0.028775794
0.038210724
-0.004902007
-0.009049808
-0.008298817
-0.013000764
0.008825313
-0.016452575
0.018124877
-0.019827792
0.021080053
0.003332021
0.007869176
0.019608384
0.044311153
0.005018162
0.011866259
0.006447970
0.000378047
0.015748346
0.023167148
0.008686205
-0.007596279
0.005792796
0.000000000
-0.038268048
0.010819021
0.004442754
-0.010397413
-0.041537652
0.001943695
0.005035657
-0.006590454
-0.020432814
-0.027773949
-0.012320482
-0.030203818
0.007214224
0.010515327
-0.007138394
0.015471743
0.003727560
0.028928462
-0.002412565
-0.010522186
-0.010222883
-0.018668865
-0.013066573
-0.010663387
0.000000000
0.055465526
0.000811036
-0.027534023
-0.006689087
0.030975058
-0.001628155
-0.006538551
0.034256899
-0.002380027
-0.033107603
-0.002466016
-0.018692178
0.006269660
0.010362769
0.000000000
0.028857816
0.013925091
-0.031710425
0.018586255
-0.051756754
-0.005495771
0.010961358
-0.035420785
0.000000000
0.013805178
0.036597178
0.000000000
0.033708748
0.017419189
0.008597316
0.008137885
-0.012036555
0.015504036
-0.019418010
-0.007478844
0.011392818
0.036437405
-0.029430751
-0.006225658
-0.016529335
0.018868535
0.011614441
0.017172802
-0.005311086
0.004175271
0.027644680
0.011357556
0.001819808
0.030440925
0.015748356
0.047540412
0.000000000
0.008661246
0.005600275
0.002440318
0.000000000
0.030856072
0.009408594
0.028031491
0.023780068
0.017315186
-0.011299558
-0.010471359
0.029852967
0.006788060
-0.000615214
-0.024923321
0.019678914
-0.007139727
0.001556585
-0.006866550
-0.038632079
0.018704164
0.000000000
-0.006088746
0.008003902
-0.008968699
0.006734045
0.011439560
-0.020750935
-0.014949830
0.035700765
-0.017851914
-0.012949258
0.015519136
0.066701683
0.042597166
0.004304714
0.009122284
-0.016307240
-0.013649043
0.007283369
0.010682871
0.025238781
-0.005616312
-0.038466361
-0.020997256
-0.014449392
-0.012202687
-0.002458588
-0.008342396
-0.034083460
0.013393050
0.013840996
-0.003442229
0.000000000
0.002504605
0.007787039
-0.035689779
0.014365636
0.020082222
-0.018498659
-0.014342879
0.003205159
-0.024292746
0.014323243
0.017620118
0.015440647
-0.003131779
-0.010722324
0.018844807
0.000000000
0.001865149
0.048494311
-0.002369677
0.003847903
0.004421547
-0.007380219
0.030636969
0.033901662
0.006368535
-0.011939598
0.001395520
0.022069935
-0.019006155
0.021186652
-0.007378211
0.010885889
-0.003944813
0.007874096
0.014184578
-0.051569422
-0.057141366
0.003074197
0.034688959
0.005617158
0.031343242
0.000000000
0.039220766
-0.024472881
-0.027109617
-0.019866237
-0.010083246
-0.015620623
0.009041755
-0.028299486
-0.020265703
-0.031352578
0.012274048
0.051309422
-0.006424980
0.000613618
0.058963204
-0.059270029
-0.070220965
-0.009591582
0.020395456
-0.004896374
-0.012843935
-0.057294910
0.000350973
0.001052035
0.009072029
-0.041126083
0.016867484
-0.006784524
0.024071923
-0.001750347
0.012534979
0.011353986
-0.021439248
-0.011247889
0.003880663
0.030173988
0.013573321
-0.014256915
-0.018982335
0.032564946
-0.003716861
0.002029142
0.011420983
0.008315349
-0.039870113
-0.006224120
0.018897616
0.045575892
-0.002931137
0.020339694
0.024310637
-0.001248497
0.017337950
-0.029592644
-0.006661364
0.015161383
-0.006289290
-0.048474795
-0.014004915
-0.032073696
-0.009056157
-0.011967797
0.071397970
-0.054195541
0.013826758
0.035079479
0.009237953
-0.018227540
0.012298706
-0.005964265
0.028503121
0.039580872
0.000620793
-0.002485165
-0.017255387
-0.016914427
0.008333397
-0.043045489
0.000000000
0.011265859
0.035284504
-0.014093810
0.007071734
-0.010302735
0.044930072
0.002472206
0.038448826
0.019994755
0.018460265
0.038956948
-0.020550705
0.072503389
-0.011020801
-0.026468544
0.004325361
0.015790522
0.001591980
-0.027686275
-0.017042668
-0.030685132
-0.010922752
0.000577924
-0.035875583
0.002989458
0.004764721
-0.000297100
0.013284309
-0.032789810
0.004836802
0.036421487
-0.023239738
-0.039458912
0.017797455
0.013893253
-0.042898727
0.028092496
0.050745353
0.017780716
0.005668915
-0.006521942
0.002557138
-0.006262495
-0.045568657
0.006256592
0.018829600
-0.010253463
0.025869678
-0.012124695
-0.019948074
-0.020656137
-0.058868057
-0.021729412
-0.003284123
0.032365256
0.002862158
0.009167136
0.011575381
-0.019155948
0.003481546
-0.007611755
-0.021236356
-0.022029532
0.001328965
-0.002326831
-0.001665235
-0.005682818
0.015963168
0.017659053
-0.020632803
0.010205822
0.019140977
-0.006771069
-0.013352991
0.038274424
