-0.019159610
0.008976065
0.043709771
-0.018046722
-0.021933246
0.008221336
-0.025363260
0.017141924
0.004844254
0.024189546
-0.006467439
-0.038391792
0.019863910
0.001288903
-0.007433729
0.010488164
0.001764075
0.004476383
0.003344277
0.023256733
-0.002799747
0.008993708
0.003390385
0.000000000
-0.006172948
0.000000000
0.001546753
-0.022824085
0.012727070
-0.000937265
0.012887407
0.017888937
-0.005927398
0.010463347
0.006016031
-0.004357985
0.008995436
-0.039113270
-0.008259905
0.007794242
-0.026752199
0.015666037
-0.005984189
0.001420638
-0.015578220
-0.002084728
0.004484921
-0.003361812
-0.004339101
0.012961207
0.016555342
0.000312672
-0.003445052
-0.011834438
0.001585988
0.009306772
-0.012799341
0.006341184
-0.004434603
0.004750585
0.000947428
0.001419502
0.016412960
0.003095886
0.004780049
0.003684868
-0.020124459
-0.008007056
-0.007753652
-0.001271759
0.004127021
-0.018061720
-0.003554728
-0.001295658
0.009677475
-0.020923742
-0.010711120
-0.010157393
0.086062634
-0.011118199
0.005419975
-0.003868422
-0.010911992
0.001722635
0.010738490
0.007402994
-0.012368839
-0.003272233
0.012100604
0.009973377
-0.003670904
0.008240661
-0.011771346
-0.003543068
-0.011017351
0.017171161
-0.024060046
0.018677516
-0.001388724
-0.004798466
0.000775532
0.019954792
-0.009160603
0.018237755
-0.001507122
0.009755975
0.027984081
-0.009925671
-0.004999843
-0.006359516
0.012532361
-0.007057917
-0.001033284
0.002360537
0.011137339
-0.002334468
-0.003072207
-0.011790991
0.000741281
-0.027028693
-0.000304626
-0.021205248
0.024306431
0.001833791
0.001982687
0.051087694
0.007643992
-0.004897025
0.002019311
-0.004332187
-0.005805469
0.004502375
-0.000145019
-0.004357356
0.003632392
-0.005818136
-0.008055723
-0.009604939
-0.001634492
0.014176199
0.011372177
0.001593280
0.039449075
-0.003764027
0.004876454
0.001666538
-0.004450144
-0.014035225
0.002117863
0.011917361
-0.014742352
0.011251973
-0.007017635
-0.005649672
0.002405087
-0.010940073
-0.007600043
-0.032180797
-0.015731682
0.008420984
0.021773789
0.011798236
0.002747499
0.003891289
-0.006204499
0.013228290
0.021059228
0.000699117
-0.000838985
-0.014654311
-0.014296177
0.007602327
0.000285736
0.004276709
-0.000711552
0.012448800
-0.023902018
-0.010421357
0.005368905
0.000000000
0.002746014
0.003888943
0.001723631
0.007577563
0.005397596
-0.007964673
0.020074126
-0.001821097
-0.034520566
-0.035905389
-0.007096080
0.009350267
-0.008290178
-0.028711689
0.027045396
0.020111758
-0.007457114
0.013235274
0.012625004
0.016206398
-0.003738815
-0.007665235
-0.002471057
0.000145631
-0.033590705
-0.100439853
-0.038675085
-0.033233788
0.038752965
-0.037502203
-0.005371514
-0.032664182
0.034637032
-0.014983530
0.010673965
0.000899366
0.014812464
-0.016972276
0.013245219
0.007616747
-0.011536236
0.026945426
-0.008901361
-0.023772634
-0.011919987
0.022634315
-0.001421929
0.009383124
0.008247808
0.011641111
-0.004501286
0.006744459
-0.007265184
-0.001563822
-0.007154633
-0.009678996
0.007224113
0.006823576
-0.002094592
0.013364793
0.017433345
0.001523704
-0.001354356
-0.028872894
-0.034593210
-0.008862143
0.018818522
-0.020110407
-0.040129666
0.019040881
-0.023665282
-0.029595442
-0.013820914
-0.001412956
-0.029932410
-0.027855895
0.008947757
-0.003186481
0.000000000
0.000000000
-0.029801395
0.019965926
-0.008415117
0.044084260
0.008259352
-0.016169542
0.030866657
0.011684342
0.017471120
-0.002167237
-0.020524871
0.020524871
0.009032088
0.018398809
0.003256964
0.018571736
0.008413630
0.032783807
0.000000000
-0.010141293
-0.014299083
-0.079919624
0.027615229
0.028954111
-0.007207913
0.003610528
-0.010104022
0.012755995
-0.007786555
0.019821301
0.004475985
-0.021076409
0.000951953
-0.002858504
0.009307702
0.026125747
-0.003505913
0.022119639
-0.001266418
-0.052399230
-0.005739402
0.022012278
0.006547644
-0.011628103
-0.032594850
0.005635935
-0.031698623
0.003394886
-0.002994969
0.000799578
-0.008024102
-0.025911889
-0.001862008
-0.004566199
-0.000624314
0.025890120
0.001823896
-0.009766141
-0.013586010
-0.005194847
-0.002085455
0.023928537
0.007108774
-0.008332571
0.004073329
-0.015154927
-0.034641766
-0.002781134
0.004701956
-0.003203482
-0.017913526
0.071023369
-0.042894857
0.007803519
-0.001051000
-0.006117502
-0.015781964
0.000429915
-0.006683312
-0.008035616
-0.021155482
0.013274520
0.011363777
-0.000434664
-0.010929113
0.003729274
0.014563886
0.038315703
0.014023701
-0.019229344
-0.000417622
0.016981140
-0.011565611
-0.022052770
-0.006818728
-0.029289477
0.001320194
-0.010165790
-0.000444434
0.012148206
0.005473389
-0.037824331
0.024416131
-0.031242045
-0.002972426
-0.009432989
0.036318162
0.006000693
0.041025820
0.039613186
-0.016280570
0.013004639
0.005113981
0.009948402
0.022374011
0.011392848
-0.000943071
0.008084438
-0.010066166
0.011047676
-0.000196252
-0.005115061
-0.002963005
0.021527309
-0.001938043
-0.006226893
-0.009807846
0.005308181
0.062698576
-0.019902061
-0.013808978
-0.009569451
0.005561449
0.003055187
0.016075959
0.006358727
-0.017869375
0.005300069
0.016847984
0.013460128
0.005115156
-0.016350120
-0.002596515
-0.000928918
-0.011591063
0.006373030
0.005589729
0.000928573
-0.001486123
0.002970115
-0.000741721
-0.001113623
-0.012519981
0.029094983
0.000730345
0.012334638
0.010223387
-0.022740594
-0.015452846
-0.011748350
0.000000000
-0.002065534
0.004875277
0.002428792
-0.000746705
0.012065149
0.011921223
-0.000729473
-0.007140981
0.010965059
0.002722536
-0.010202257
0.012917472
0.014001270
-0.002319926
0.016479526
0.007354227
0.005046578
0.006401942
-0.017397794
-0.030470063
-0.004897081
-0.011888608
-0.001472989
-0.018222873
0.008780944
-0.005970148
-0.004125226
-0.009818810
-0.003802305
-0.000381025
0.030217181
-0.012838542
-0.022153741
-0.005182870
-0.015711641
0.033073520
0.017994918
-0.011772555
-0.049711680
-0.034978400
0.029034277
0.039358285
0.012531016
0.000000000
-0.002266699
0.000378162
0.003961877
-0.009649172
0.006820811
0.011452317
-0.023228313
-0.013270663
-0.054917378
-0.001842564
-0.006372660
0.035055741
0.004767550
-0.026100639
0.009918146
-0.008292089
0.010505066
0.003410616
-0.005422244
-0.037964937
-0.031445101
0.001509760
0.001292203
0.000215259
0.000215148
0.014311939
0.002118602
0.008639818
0.012303356
-0.007280282
0.032857123
-0.011990795
-0.007799732
-0.048769516
-0.011314307
0.004802389
-0.001307409
0.025617546
-0.027145096
0.000218321
0.011937180
-0.022914238
-0.000441599
0.014906019
0.016828941
0.003843609
-0.021978821
-0.013378881
-0.029351295
0.010854901
-0.014956091
0.016304732
0.008499313
-0.032826965
0.001839458
-0.006915634
-0.014915215
0.014221034
-0.010003596
0.010003596
0.017439588
-0.001365741
-0.024208767
-0.009849939
-0.025783286
-0.021017294
0.002712938
0.000492514
-0.015381077
-0.017909395
0.023145637
0.009652321
-0.012391733
-0.000997929
0.018303702
-0.022807087
-0.009068097
-0.031095888
0.009094489
0.034073980
-0.075262538
-0.021799202
-0.012474202
-0.007559773
0.008396327
-0.002232200
0.035399526
0.041199435
0.005675892
-0.008526030
0.001814647
0.007225786
-0.004897497
-0.002587401
-0.016982694
-0.004489695
-0.006905711
0.025784117
0.023615010
0.002027421
0.007566215
0.020147479
-0.007414764
0.008399283
0.000000000
-0.017620582
-0.012344230
-0.006357300
0.014938877
0.049280666
0.006913867
-0.011710064
0.011947574
0.010161993
0.020940761
0.034622737
-0.014788529
0.020997041
-0.020771288
-0.033504809
-0.027204446
-0.018393597
-0.012040888
0.058805204
0.024863113
0.017356460
0.026897587
0.012537951
0.000000000
-0.028324312
-0.043588248
-0.010908824
-0.008201522
0.011696040
0.009720003
-0.006237655
-0.019895401
-0.007117444
-0.011976191
-0.003621054
-0.015107451
0.000000000
-0.003196904
0.014912904
-0.002672848
-0.000973637
-0.018682992
-0.004975160
-0.000249358
-0.018631003
-0.013817953
-0.004131144
0.014129946
0.004327307
-0.005348262
-0.002044939
-0.031715706
-0.011689905
-0.002407921
0.001338482
0.022223136
0.008337724
0.004142937
-0.006220912
-0.017309638
-0.013583855
0.005082236
-0.021030675
-0.003275085
0.018687016
0.004283808
-0.005089016
-0.006465593
-0.002164557
0.033296459
0.012497012
0.027559743
-0.024717834
0.016884516
-0.013793246
0.012015919
-0.008934278
0.051229165
0.029286803
0.000709448
-0.019334580
-0.026127820
0.012782893
0.002926880
0.016665015
-0.001198299
0.022994898
-0.010365181
-0.000947667
0.009671004
-0.017762457
0.015882804
0.025311951
0.017727692
0.002474993
0.010728757
0.000000000
-0.023620489
0.012217369
-0.000449843
0.019604125
0.001543040
0.021140528
0.001723810
0.001075826
0.008352099
0.004893106
-0.000849193
-0.028656533
0.000000000
0.002837522
-0.006340920
0.001753189
-0.005048831
0.033754849
0.020011220
-0.009429111
-0.027317085
-0.005858756
0.020037296
0.001704988
0.000000000
-0.006408888
-0.031790158
-0.011571135
0.018186352
-0.022672676
-0.001349877
-0.009500140
0.010850016
0.004933874
-0.006508855
0.013197820
-0.022245654
0.005438536
-0.015716050
0.000000000
-0.014568439
-0.006309169
-0.009657359
0.023624020
-0.006028259
-0.047140363
0.021226122
0.000000000
0.000000000
0.001430885
0.009487785
0.000000000
-0.001417482
-0.026591578
0.000485437
-0.020594011
-0.014220023
0.006012092
-0.018908920
-0.020831433
0.000519615
-0.001039527
-0.026879089
-0.016155414
-0.028915659
0.025380618
0.002992006
0.010536340
0.002415784
-0.025524003
-0.011340185
0.001389826
-0.011454239
0.004765195
0.015814007
0.000825396
0.000000000
0.018529140
0.000000000
-0.011950251
0.000000000
0.018140528
-0.007270801
0.010752845
0.048025928
0.011654527
0.003771142
-0.019255675
0.006883418
0.005068434
-0.000758680
0.004291361
-0.013440116
-0.037190504
-0.006646309
-0.016947305
-0.030297085
0.018013568
0.000000000
0.016344630
0.002428823
-0.016304655
-0.032013925
0.023760811
-0.031998238
-0.046710242
-0.007800760
-0.019158287
-0.040412672
-0.030182430
0.025054214
-0.020124048
-0.026579604
0.005707586
-0.002346306
0.014987825
0.023845651
-0.086952690
0.007017573
0.001746725
0.043373710
0.007657770
0.022627626
-0.219987060
-0.024955315
0.041385258
-0.005180286
0.059331142
0.013463218
0.001855595
-0.020982374
-0.044124805
-0.010742097
0.000000000
-0.020202707
-0.009020110
0.009836104
-0.026866629
-0.027177935
-0.000861370
-0.046294315
0.029786599
0.003934431
0.009984889
-0.003895309
-0.044786915
0.013961136
-0.045753632
0.002338042
0.051433450
0.007513759
-0.046876497
-0.030454450
0.000951070
0.090806444
0.047880315
0.048455218
-0.001577949
0.020321137
-0.001161216
0.005792602
-0.009673127
-0.036425248
-0.008097170
-0.012270134
0.004106823
-0.012371292
-0.009170594
0.019901237
-0.014888654
-0.004175371
0.031709472
-0.029619565
-0.024943165
-0.059982747
-0.016036999
-0.000924261
0.022852915
-0.032609044
0.061996822
-0.022183695
-0.013095739
-0.037041225
0.010323836
0.087983473
0.041864633
0.007353015
-0.030161344
-0.025489910
-0.077821997
0.000465008
-0.029247416
-0.033587874
0.032630115
-0.028184566
-0.014395930
0.003992021
-0.024194729
-0.025317756
0.017635311
-0.035587271
-0.014489119
-0.017998850
-0.014412666
0.005012542
0.115805724
0.010337331
0.013618936
0.035590943
0.061035800
0.011772580
-0.010895728
0.014357436
-0.016111779
-0.007933096
0.030503411
-0.004300996
0.007728591
0.010636136
-0.001270337
0.002539147
-0.003386963
-0.025774623
-0.003924182
-0.000436967
-0.010103271
0.001323627
-0.006191926
0.032732574
0.002572857
-0.022083599
-0.013665586
-0.031104648
-0.066249337
-0.011811160
0.000000000
-0.014460536
0.018413110
-0.007424038
-0.001989011
-0.023672674
0.010646437
-0.021922876
0.000000000
0.027454749
-0.005531872
0.019970709
-0.024519617
0.019564156
0.013323711
0.030415136
0.010406858
0.012625840
0.006022719
-0.000924261
-0.036727245
-0.011577505
-0.005839481
0.064263959
0.008658108
-0.012785608
-0.007380107
0.015162248
-0.030087851
-0.008020802
0.050795684
-0.003156711
-0.007708041
-0.004561960
0.014976454
0.008968625
-0.025775788
0.029785595
-0.000889724
-0.037175587
-0.052631201
-0.004880439
-0.014289526
0.011349690
0.005382984
-0.013759480
0.007885797
0.012198248
-0.003887274
-0.020163063
0.000993098
0.016244512
-0.013271318
0.046407603
0.033901552
0.014055956
-0.008591462
-0.000908678
0.010850016
-0.057370032
-0.020688734
-0.030103483
-0.009564584
0.016056542
0.010398658
-0.006920394
0.047939462
0.061875404
-0.038971901
0.007366516
0.011856045
0.000906253
0.018843088
-0.014775286
0.016994998
-0.006674063
0.041536025
-0.011630542
-0.012205950
-0.047606610
-0.011100947
0.031588847
0.021841697
0.014010737
0.000000000
0.012959102
-0.023888172
-0.011049836
-0.019296089
-0.007732583
-0.012405443
0.013774369
