-0.062205280
-0.021625865
-0.000624925
0.002496938
-0.022062100
0.018940100
-0.010688748
-0.061929121
0.006702638
0.018531195
-0.080534697
-0.067623089
-0.002284002
-0.018462075
-0.059993955
0.013104282
-0.004894032
-0.022324243
0.034514595
0.005638241
0.032401021
0.016198105
-0.028717698
-0.015873287
0.030723111
-0.030723111
0.002397045
-0.010429348
0.025479138
-0.001573548
-0.003944896
-0.019960694
0.024692727
-0.009486243
-0.007974655
0.019818384
0.043017446
-0.038318870
-0.019724562
-0.030746761
0.006552181
0.044700026
0.029232853
0.048104120
-0.006524203
-0.220420056
-0.063632140
0.056352717
0.006372464
0.007233349
0.046642777
0.012815248
0.027628479
0.029294108
-0.028468861
0.026060052
-0.066469502
-0.030530152
-0.012477868
-0.013544265
0.000908730
0.066749974
0.027651632
0.005768337
0.021139103
-0.030218778
0.018704271
0.009381736
0.021000226
0.030293025
-0.039478792
-0.013513785
0.011834435
0.012526441
0.022970609
0.005661092
-0.039478792
0.035438427
-0.003244086
0.023284818
0.108213624
-0.045909747
0.012597474
0.001471654
0.087256458
-0.039867815
0.022877869
0.025711895
-0.006030187
-0.018996462
-0.027075639
0.012587617
-0.010478677
-0.024166069
-0.047891224
0.015724787
-0.034004037
0.031027782
-0.025661789
-0.008445253
-0.011632515
0.057591605
0.004408387
-0.033547599
-0.008374625
0.032345735
0.026298164
0.016446562
-0.000709464
0.007072086
-0.007072086
-0.041295163
0.023392804
-0.109866520
0.004024106
0.031623241
0.021555834
0.001522053
0.043889611
-0.021332225
0.012560244
-0.048129630
-0.010065887
-0.033230838
0.031673222
0.000779111
0.023095752
0.012102984
-0.030536675
0.011560792
0.009912382
0.001516381
-0.020666600
-0.053208376
0.005693427
0.018481740
0.000795955
-0.042248304
-0.106744749
0.117475231
-0.038498478
-0.021561833
0.089188673
-0.081372606
0.033180368
0.058505683
0.063452665
-0.031605372
0.024170381
-0.000746539
0.025075063
-0.018376097
0.005917205
-0.004434642
-0.045462350
0.001549170
0.022197665
-0.038584994
-0.031977194
0.011308556
0.035506797
0.065265037
-0.025746269
0.047298770
0.036976690
0.007505922
0.010145565
0.042811964
-0.018217856
0.011749435
0.018006964
-0.028444161
0.019481251
-0.019481251
0.045506238
-0.035718173
0.001297927
0.018632040
0.000000000
0.037480946
-0.004301113
0.033901486
-0.029600373
-0.004917059
0.026749406
0.045728964
0.030476347
0.004437149
0.046494755
0.000528252
0.005790881
-0.005263044
-0.005291026
0.003706473
-0.012766125
0.058733506
0.050687295
-0.022810919
0.002451681
0.014584441
-0.003868496
0.026770371
0.023771715
-0.011582356
-0.012661164
0.027462794
-0.013404552
0.007879443
0.006901321
0.019973613
0.003141036
-0.008097235
0.064284546
-0.003394219
-0.008964796
0.020374101
0.054376745
0.001193271
0.051511742
-0.030276269
-0.004289294
-0.006665309
-0.002757656
0.011375025
0.022368743
-0.021199593
0.000000000
0.015078608
0.019381264
0.016054165
-0.038509956
0.011100616
-0.014184723
-0.011259993
0.004674823
0.008899166
0.015670129
0.005295058
0.029364545
0.016349235
0.022448719
0.019885713
0.014062974
-0.016137729
-0.044955270
-0.019006440
-0.044133214
0.067835247
-0.027398901
0.002589067
0.025170080
-0.041933280
-0.023950940
-0.030867859
-0.002383765
-0.025378979
-0.000408128
0.014184632
-0.009298527
-0.027173518
-0.023222449
0.015681705
-0.020391684
0.029600573
-0.019352836
-0.027564217
0.034338358
0.011744970
-0.002923389
-0.025414426
-0.007319650
-0.007809119
0.001740569
0.042559740
0.004158070
0.070098642
-0.020321110
0.017221569
-0.026343186
0.007145694
0.001185992
-0.014726572
0.022205567
0.000000000
-0.001962788
-0.005911433
-0.008733532
0.016607752
-0.043685485
-0.004516799
0.002055529
-0.011981112
0.060478018
0.004294217
-0.008607156
0.049070779
0.003361358
0.025038130
0.007246559
-0.124802368
-0.056797445
0.011620346
0.007247927
0.006774142
-0.012311900
0.031948933
-0.082770142
0.030104035
0.009980555
0.059668827
-0.002152884
0.003442361
0.005568551
0.037313050
0.006562863
0.007737791
0.030759392
0.002749782
-0.011045414
-0.004372851
-0.015255255
0.007656717
0.010383472
-0.006777013
-0.018163935
-0.007769432
-0.023256880
0.024897553
-0.018614772
-0.035270181
-0.068931144
-0.017765768
-0.028710105
0.020658880
-0.027478422
-0.017751768
-0.027233120
0.008146664
0.016595639
0.008937589
-0.019466536
0.041467010
0.019157598
-0.006185957
0.001430884
0.000952825
0.013245265
0.009354681
-0.004198874
-0.011283504
-0.028779022
-0.019160483
-0.008468330
-0.025843836
0.008179984
-0.022137290
-0.008888857
0.018730973
-0.005686244
0.025590045
-0.007099533
-0.006125655
0.028768087
-0.042689347
-0.019397847
0.028185740
-0.019751277
-0.000524940
0.010969046
0.026148491
-0.044497826
-0.016000245
-0.005390925
-0.004876622
0.003253766
0.004860884
-0.007571686
-0.005989810
-0.003282047
0.025427265
0.013266372
-0.004755703
-0.012793288
0.035313189
-0.003631615
-0.004166631
-0.008385772
-0.013778757
-0.010729674
0.029234042
-0.031934595
-0.008690962
0.102574229
0.029114258
-0.002873652
-0.011092476
-0.002913891
0.027819376
-0.034162462
0.082637402
-0.031588927
0.007414288
-0.002773899
0.018349121
-0.020666596
0.036450578
-0.004034989
-0.023637389
-0.008778200
0.019302098
0.054905212
0.038043552
0.019306368
0.002843915
0.000000000
-0.019251109
-0.011647420
-0.027573203
0.016635047
-0.023107548
-0.006514826
0.011265224
-0.002156494
0.008170353
-0.023397975
-0.001315906
-0.004840711
0.023540732
-0.015632052
0.008280846
0.097910921
0.005102954
-0.016979554
0.029817806
-0.044567095
0.025997196
0.007833435
0.001641404
0.019489066
0.048273088
0.005349520
0.036667006
0.020364432
-0.001080483
-0.001081693
0.017167863
0.000000000
0.008474635
-0.015592158
-0.019474099
0.005085458
0.001086268
0.022899030
0.013003213
-0.073893096
-0.017062147
0.047423596
0.010881438
-0.013072074
0.035544918
-0.007790440
-0.016487663
-0.015662452
0.000000000
-0.024151239
0.039813692
0.006843138
-0.036926186
0.004459299
-0.015695395
0.045646618
-0.007585478
-0.002904857
-0.013914552
0.117127267
0.051457198
0.025528105
-0.005175897
-0.000610526
-0.016631216
0.009888902
0.013135953
0.002727686
0.010836980
0.001495890
-0.001495890
-0.011139697
0.032174339
-0.024033221
-0.005420099
-0.006664560
0.012985211
0.031307966
-0.004079328
-0.007326089
0.055490270
-0.017118235
0.011817779
-0.019774696
0.003417820
0.009057649
0.010092498
0.015774583
-0.024459319
-0.007059199
-0.002837790
0.000284335
-0.015748321
0.004032298
0.013135342
-0.025281377
-0.010823635
0.005865266
-0.041797211
-0.007958330
-0.010193215
-0.005604104
-0.038833562
0.014819859
0.046243832
0.031853655
0.003248139
0.000884099
0.000000000
-0.001768879
-0.032081943
0.009702855
-0.000905579
0.032097835
0.001169278
-0.003805096
-0.030973209
-0.022328495
0.010767664
-0.009531228
-0.011808723
-0.000312654
-0.035649836
-0.010096189
0.000981577
0.000980577
0.018449976
-0.025334217
0.034592149
0.005703361
-0.020750875
0.025479026
-0.027416397
0.002259833
0.016946941
0.000633821
0.022557336
-0.016555065
0.013763069
-0.020399160
0.006636091
0.005026696
0.029945203
-0.009165914
0.004898915
0.016959726
-0.003610064
0.007506465
-0.022078652
-0.021951739
-0.028537187
0.017851932
-0.019783614
0.026082933
0.029391085
0.019025243
0.001793162
0.007733553
0.011489181
0.008458604
0.000000000
-0.020540602
0.006795746
0.000000000
0.024721355
-0.006340171
-0.013680908
-0.004111608
-0.021717346
-0.015151731
-0.027551705
-0.003143638
-0.010763018
0.004445828
0.035484646
-0.002142915
0.021225718
0.007770499
0.000000000
0.012132050
-0.025921203
0.012299605
0.003571282
0.025807989
-0.014581865
0.020355598
-0.001440336
-0.025990771
-0.011007001
-0.009316500
-0.023523265
0.000000000
0.007084724
0.019754343
-0.029005263
-0.010901787
0.016770641
-0.001849651
0.004617675
0.009475661
0.016594135
0.011010414
0.012060842
-0.002928367
0.007304616
-0.000291070
-0.015850146
-0.007125791
0.027334450
0.002316885
0.014929912
0.011616504
0.017313887
0.050739554
0.006818764
0.025801247
0.015668799
-0.026166938
-0.015825907
0.007035796
-0.002079446
-0.011252315
-0.006865548
-0.011459193
0.001874431
0.038829586
-0.016606503
0.039753854
0.005766711
-0.022501304
-0.013125975
-0.019357104
-0.003439637
0.016299069
-0.008116343
0.015908605
-0.022767031
0.000529284
-0.010905811
0.000000000
-0.006439401
0.008576778
-0.007769516
0.017859830
0.018325097
-0.003638169
-0.007841052
0.004973004
0.017855515
-0.003597305
0.035153543
0.000000000
-0.018560914
0.031891089
0.021829676
-0.016449296
-0.002441980
0.007308207
0.002424109
0.019660183
0.064805615
-0.013666547
-0.015458439
-0.026463988
0.008666310
-0.019784004
0.002138583
0.007095488
0.006811517
0.041271335
-0.000224571
-0.002474398
0.030607717
0.005663311
-0.009164295
0.005900983
0.000000000
0.000435766
0.019200153
-0.010525224
0.004954138
-0.001290028
0.018967014
-0.024576488
0.026685284
0.003574805
-0.002521987
0.000841466
0.113005673
-0.016854959
-0.034982196
0.000000000
-0.004956804
0.006537872
-0.017530333
0.031063999
-0.018284183
-0.017816629
-0.022674860
-0.038543180
0.000000000
-0.006678943
0.020328119
0.000000000
0.010535233
-0.004411274
-0.003796572
0.018425888
-0.035906732
-0.019105999
0.000657356
-0.005491437
-0.003751615
0.001970256
0.003398595
-0.005443402
-0.012357098
-0.006468054
0.021777269
0.002943605
0.006085916
0.008503074
-0.014588990
0.012804751
-0.029217384
-0.009699819
0.002086627
0.000694464
0.000000000
0.006459127
0.004817011
-0.019175840
0.000000000
0.022830440
-0.008471611
0.015061851
0.023946535
0.001767583
0.002205125
-0.010851678
0.028535779
0.009047764
0.023106611
0.031964733
-0.008356351
-0.007395238
0.044559334
0.025697327
-0.030243214
0.007499544
0.000000000
-0.010475379
0.004954905
-0.001780987
-0.021622555
-0.010375342
-0.002047155
-0.006578967
0.005553873
-0.005553873
-0.040839170
-0.034094169
0.024594976
-0.008058508
-0.038110375
0.019125297
0.025741213
0.012304530
0.000643399
0.022472918
-0.010537497
-0.013652104
-0.002580732
-0.010172099
0.008232285
-0.006276354
0.015724576
-0.002782161
-0.000428831
0.024567116
0.008333417
-0.005826183
-0.014927153
0.001058515
0.025899584
-0.020202653
-0.002317089
0.009236011
-0.013674368
-0.014508457
0.019157703
-0.034097889
-0.019828836
0.065872799
-0.029815038
-0.007973391
0.002161183
0.013722358
-0.011565739
0.010287328
0.027341315
-0.008542649
0.007089300
-0.014018392
-0.000843238
0.006516041
0.006682024
0.000208100
-0.020177241
0.005082582
-0.007207937
-0.038387035
0.004852180
0.011811223
-0.007420307
-0.001698433
-0.026204308
0.027119466
-0.005273406
0.003213213
0.013429112
0.044874335
-0.020749812
0.007256772
0.039945189
0.051293239
-0.032110077
-0.003309843
-0.033930083
-0.011209474
-0.004562766
0.054250639
-0.020421634
-0.036445674
-0.018733311
0.009961383
-0.014644089
-0.000894489
-0.011248705
0.016825900
-0.024776055
-0.020272497
-0.005834936
-0.011062938
-0.013103194
-0.014006550
0.193927159
-0.007439522
-0.004247060
-0.002841479
0.040236413
-0.009415473
0.009024940
-0.013370229
-0.018781764
0.014616312
0.008904728
0.005501021
-0.012618428
-0.016000343
-0.002624365
-0.001820953
0.063740823
0.019754141
-0.021656049
0.003231009
0.001895758
-0.001895758
0.003787930
-0.005687289
-0.020746003
-0.010340537
0.013054213
0.015176599
-0.009578611
0.003075106
0.022579483
0.026110148
0.003648959
-0.009882973
0.027036059
-0.005925150
0.009855861
-0.014006351
0.008642483
-0.003412085
-0.002521588
0.027394110
-0.007927473
0.007225397
-0.009704583
-0.022956543
0.005066990
0.028647056
0.018938972
0.026831311
-0.006218989
0.010065453
0.001501136
-0.008200234
-0.005053854
0.006565072
0.006355659
0.011932546
0.015691688
-0.030629765
-0.006711390
0.011216289
0.012736923
0.010789734
0.000000000
-0.004563280
-0.018131378
-0.003999947
0.001168273
-0.022264334
0.039791239
-0.014196285
0.002324785
-0.031165693
-0.028464293
0.000000000
-0.007776639
-0.015376663
-0.009049830
0.006704779
-0.018409361
-0.015012807
-0.023237059
-0.013857059
0.003289209
-0.002320643
0.035191428
0.015762943
-0.017633814
-0.009407400
-0.034227617
-0.009039129
-0.015115613
-0.007038817
-0.014842170
0.065984168
0.000958294
0.013509853
0.002076839
0.011625839
-0.008612637
-0.007360606
-0.025516985
-0.029782295
-0.005017536
0.071993013
0.004483489
0.021208717
-0.008613630
-0.004057499
0.008465234
-0.000733301
0.006580195
0.016980229
-0.029999586
-0.010016801
-0.018438908
-0.032030457
-0.013820597
-0.009789290
-0.008467809
-0.009561726
0.009764211
-0.015298638
-0.013450795
-0.009208939
0.001260785
-0.000210054
-0.013959561
-0.005125040
-0.006658770
0.000000000
0.020900766
