-0.010435008
0.009134089
0.037624841
0.008718534
-0.001243387
-0.032829038
0.001285063
0.031543975
0.006192893
0.043484725
-0.064062199
0.079310478
0.003492209
-0.022290004
0.007095099
-0.035980547
-0.001827118
-0.022264081
-0.018942887
-0.029757007
-0.009240384
0.014478151
-0.037941165
0.046400719
-0.024921178
0.010566080
-0.008582607
0.001989441
0.031897372
0.022799768
-0.017689190
0.000000000
0.005084796
0.005058869
0.051642729
-0.019364285
0.001223186
0.025308200
-0.022866698
0.016899339
-0.002400636
-0.024898304
-0.043367902
-0.033965363
0.019087701
0.006498681
0.008378982
-0.016838535
0.006511603
0.046904792
0.051877056
-0.050646575
0.050646575
0.010525970
-0.000582851
-0.030131829
-0.017551414
-0.026600066
0.068453460
-0.010603184
0.029736776
0.055305062
0.030510513
-0.022394108
-0.015750629
-0.024398298
0.037994740
-0.037994740
0.006713995
0.016586810
0.002733827
-0.039021652
0.005669955
0.006200584
0.029339089
0.006520007
-0.063776564
0.007485779
-0.027320865
-0.036002465
0.050607028
0.035128842
-0.039988137
-0.018442148
0.022694082
-0.031412669
-0.008804611
0.001895341
0.026117428
0.010989056
-0.020236800
0.008632550
-0.004924953
0.019565448
-0.031990012
-0.009415781
-0.026203567
0.018600411
-0.009578274
-0.019446238
-0.018495630
0.039226906
-0.032581263
-0.016691585
0.002690478
-0.007415078
0.018103647
-0.007336676
-0.023020257
-0.013793422
-0.000694680
0.000000000
0.032139468
-0.006752479
-0.004072874
0.000000000
-0.009570007
0.007526807
0.003402075
-0.015057924
0.002066281
0.000000000
-0.001376657
-0.016679144
0.006287083
-0.000696616
-0.000697209
0.007641735
-0.019567425
0.012622899
0.017272087
-0.022862555
-0.016249345
-0.033312137
0.009527974
-0.017661272
-0.054933178
-0.003142646
-0.018260843
-0.018601897
-0.016461529
0.020534196
0.046076610
-0.003109799
-0.034869659
-0.018721669
-0.034270206
-0.058660222
0.066283957
0.029108748
-0.029953240
-0.011039580
0.006808481
-0.017109181
0.029750955
-0.020304715
-0.010309684
0.004307931
-0.034109006
0.015888458
-0.007031069
0.056571489
-0.025318118
-0.043675112
0.000892589
0.001782791
0.012388892
-0.014171683
0.025540724
0.030823980
-0.012727721
0.010194635
0.045444504
-0.003236971
0.012882405
0.008761563
-0.057950787
-0.034191608
-0.020203224
-0.054708699
0.014885028
0.010105935
-0.049659668
0.010511537
-0.005719114
-0.023212578
0.029881950
0.021606484
0.011091031
0.021819575
0.020471746
0.007023412
-0.038345365
-0.021131327
0.000928353
0.012903870
0.043017176
-0.017699435
0.026433313
0.019801810
0.005950739
0.000000000
-0.012793907
0.008546995
-0.039935552
-0.008003399
0.068993229
-0.005851397
0.037834550
-0.024511455
-0.009140126
0.022287166
0.035287827
-0.007117415
0.041964831
-0.006106722
0.036832580
0.014651258
-0.025037594
0.002978958
0.003709863
-0.014925533
0.008236712
-0.015784092
-0.029210390
0.014711847
0.003070290
0.016716999
-0.043903764
-0.000787827
-0.047607831
0.045241836
-0.028036368
-0.006519816
0.013804171
-0.018721669
0.014682038
0.004846001
-0.076154840
-0.000870071
-0.007863808
0.010471752
0.004330317
-0.013924997
-0.027545520
-0.020938810
-0.001840471
-0.011121859
-0.003735522
0.008384064
0.006473317
-0.018605172
0.018605172
0.031748294
0.003564352
-0.023403233
0.028727757
-0.034206617
0.010023061
-0.021073234
-0.020581127
0.040747200
0.009033411
0.065268533
0.010893127
-0.033901791
0.011995962
0.038434992
0.011409348
-0.004059311
0.000000000
0.000000000
0.014539468
0.004001205
0.000000000
0.006369277
-0.005570757
0.027549622
-0.005449564
-0.009411885
0.004717559
0.007034091
0.047156426
-0.000742181
0.016223619
0.044356661
0.058442433
0.016364717
-0.004553570
0.001958227
0.026338036
-0.017269033
0.000000000
-0.085489006
0.029088347
0.079991940
-0.004418407
0.001257506
-0.008884684
-0.037695135
0.009891082
0.007831552
-0.002600424
-0.008520542
-0.030049984
0.026098185
-0.029493328
0.000000000
-0.015079407
-0.004845617
0.046104993
0.000663489
0.040237591
0.000000000
0.020156944
0.014233035
0.019482032
0.013177763
-0.010172441
-0.004818333
-0.001210223
0.012021078
0.016000252
-0.007073705
0.002360613
0.006653552
-0.015371870
-0.012468272
-0.012634735
-0.031464041
-0.005757133
0.026042591
0.032399019
0.000777813
-0.022793086
-0.026577123
-0.032361141
0.024160165
-0.017434219
0.009174975
-0.007500533
0.005006765
-0.003334826
-0.019385461
-0.003411795
-0.013754830
0.000000000
0.032367381
0.010843469
0.000000000
0.001648266
0.022916276
-0.014668047
-0.029997970
0.006738913
-0.029848287
0.017166625
0.002551204
-0.007673119
0.026176129
0.012419084
-0.020791637
0.033880934
-0.025508381
-0.009213597
0.017506833
0.049976732
0.010164252
0.000778234
-0.000778234
0.007755954
-0.025816768
0.007109762
0.014836457
-0.032296960
-0.000801295
0.011944260
0.035773907
0.019668873
0.030974316
0.001452074
0.025767696
-0.006375939
-0.000711788
-0.009292237
-0.010839807
-0.005098973
0.005825489
0.020117315
0.008494730
-0.018498755
-0.004321713
0.022114619
0.009137068
-0.027657274
0.009307157
-0.029635305
0.014565726
-0.054993273
-0.022405877
-0.031746347
0.000000000
-0.008091948
0.039838294
-0.007838099
-0.021490706
-0.002417541
-0.013802117
-0.004920587
0.019529361
0.000000000
-0.005659631
0.042055929
0.010046412
-0.004619327
0.016097548
-0.029319913
-0.029407674
0.004829443
-0.038450885
0.009127364
0.019641103
-0.012226809
0.006544627
-0.005724178
0.019481586
0.015947944
-0.015144073
-0.008068423
0.000000000
0.004848957
-0.015427208
0.006528604
0.024091142
0.003171000
0.009444750
-0.006283399
0.021071315
-0.001546331
-0.011674751
0.008574713
-0.005447836
0.020843568
0.036013671
0.007345761
-0.008821394
-0.004440271
0.002222600
-0.016405775
-0.007542218
-0.019121738
-0.009314334
-0.003906748
-0.030181779
-0.025321216
-0.007466099
0.037616757
-0.021088778
-0.008234742
-0.084455950
-0.042246693
-0.010373325
0.015985639
-0.006551345
-0.004706077
0.011257422
-0.005612314
-0.001878944
0.002815983
0.009328684
0.008321800
-0.029908550
0.024367799
-0.042559175
0.021032802
-0.000946021
0.000946021
0.016886911
0.000000000
0.004639463
0.004619021
0.036203413
-0.024292412
-0.028639755
0.034994931
-0.021034064
0.019221603
0.001812461
0.022372218
0.021884380
0.010331457
0.015304318
-0.008469150
0.016876700
0.010815790
0.053203624
-0.001571932
0.022536155
-0.010038738
0.001552240
-0.002329357
-0.004675147
0.081668830
-0.007223688
-0.005816931
-0.003644362
-0.023690559
0.001497632
0.001495658
0.044546085
0.003566983
-0.005713127
-0.011516702
-0.013852194
0.074261851
0.022249013
-0.020886042
0.012177157
-0.016956028
0.002050908
0.006806166
0.013467305
0.024444746
-0.014464051
-0.007307565
0.026982692
-0.013071201
-0.003957073
0.000660483
0.034387884
-0.011544415
-0.024165185
-0.013976259
0.017936178
-0.009256444
-0.010021839
-0.010115255
0.016140434
-0.009388103
-0.007430891
0.007430891
-0.002015500
-0.000675192
0.035155671
-0.035831479
-0.038575736
0.008395990
-0.010506090
-0.012746263
0.019063004
-0.004909429
-0.016295291
0.012067652
0.019569224
-0.013936335
0.016701919
-0.003458156
-0.000693134
-0.005554259
-0.012629258
-0.004946532
-0.002130983
0.007783364
-0.005652381
0.000000000
0.025207931
0.004142855
-0.036471906
-0.002146143
0.002146143
0.032329051
-0.025207931
-0.014284955
0.010730819
0.001548027
-0.009079588
-0.004987712
0.054330385
-0.019124006
0.037114441
0.030536642
0.015666153
-0.015666153
-0.004521407
0.023144031
0.008085268
-0.154883162
0.004264442
-0.047939506
0.013304191
0.043110028
-0.001689189
0.026690404
0.000000000
-0.009094602
-0.004995932
-0.011754876
-0.010186844
0.008496140
0.039806247
0.014528099
-0.013715380
-0.005702704
-0.012330569
-0.000827514
0.013974869
0.000000000
0.008130041
0.012072457
-0.040821995
0.019802711
-0.024815167
-0.006722714
0.010067198
-0.005860166
-0.010975247
-0.011096953
0.025425009
0.005008528
0.001663723
0.001661215
-0.026062886
0.017729420
0.011647471
0.021277396
0.039687743
0.010065859
-0.009287992
-0.013307396
0.026440028
-0.012355289
0.002328329
0.004640221
0.013032115
0.001521992
-0.007633467
-0.004608460
0.008432517
0.007604598
0.001514005
0.024655747
-0.017119994
-0.006024037
0.024618806
-0.011115227
-0.011240320
-0.014421540
0.009132561
-0.002275352
0.006056036
-0.004538663
-0.016819968
0.012260768
-0.006111475
0.023476838
0.010424517
-0.009676103
0.004477542
0.008895611
-0.000738318
0.004421449
0.000000000
-0.010347468
-0.011206652
0.015654398
0.032742137
0.000000000
0.009262659
0.007771108
-0.009190554
0.023860778
0.011720194
0.042930733
-0.003288294
0.000658511
-0.020619320
-0.012170535
-0.013698773
-0.017391704
0.003502522
-0.014084666
-0.014286029
0.012155994
0.001420600
0.021068191
-0.006274090
-0.025497130
-0.010093887
0.007220322
0.005023369
0.002859260
0.000000000
-0.000714140
-0.002861232
-0.011527579
0.003616826
-0.022636999
-0.010393712
-0.008242719
0.002254754
0.002249681
-0.016616618
0.006831184
-0.019091952
-0.022613008
0.015649850
0.000000000
-0.014073806
-0.005527016
-0.022418871
0.046667260
-0.018721373
-0.019881328
-0.012934698
-0.018891687
0.000000000
0.011541590
0.009787923
0.000000000
0.020884539
-0.015218677
0.002418422
0.015182113
0.011041120
-0.011041120
-0.030598280
-0.011513200
0.029341955
0.033178395
-0.026773249
0.011111143
-0.012708587
-0.004807701
0.006405145
0.011900138
-0.005535758
-0.015182113
-0.000805353
0.012810258
-0.017656876
-0.010582066
0.023454326
-0.015304573
0.000000000
0.008889154
0.006415418
0.017433086
0.000000000
-0.026264978
-0.003231020
0.012062912
0.003192341
-0.003992144
-0.019386547
-0.004906146
0.015453785
-0.014634323
0.022672951
-0.014516300
-0.002440142
0.008110510
0.007243450
-0.004823077
-0.014610814
0.024233900
0.000000000
0.026773249
0.002328329
0.007721887
-0.011605426
0.034420181
-0.022045702
-0.033609996
-0.010387668
-0.013748824
-0.014766385
-0.009966859
0.027173387
-0.011438116
0.009812100
-0.017234771
-0.006644628
0.014888865
-0.002466303
0.014706230
0.007272717
-0.028584997
-0.011666798
-0.016906659
0.004253559
0.003389833
-0.009349790
0.000853650
0.000000000
0.012717465
-0.004221326
-0.005089069
0.004242731
-0.022261190
-0.028096756
-0.007149179
0.004474142
0.006230686
0.042559565
-0.015424469
0.006884708
-0.001716650
-0.008628180
0.009486873
-0.018190326
-0.003502631
-0.004395386
0.004395386
0.008733858
-0.005231228
0.000873878
-0.002623481
0.019081235
-0.006896755
-0.033424212
0.003571432
0.004446382
0.004426699
-0.012444512
-0.005381362
-0.027348921
0.011029429
0.019013839
-0.011727739
-0.009115833
-0.025036028
-0.014184682
0.034631393
-0.027986900
-0.024905302
-0.000970651
0.030595121
-0.030595121
-0.023576629
0.039946905
-0.002869589
-0.043059387
-0.002002002
0.018859269
0.028116095
-0.011538489
0.024833934
-0.009478646
-0.048790159
-0.001000552
0.030559251
0.004842773
0.010571888
-0.032057087
-0.010918170
-0.023221791
0.021223687
-0.018163969
-0.004081638
-0.015456203
-0.029506987
0.008519753
-0.036721074
0.031404795
-0.008565252
-0.032789929
0.014341172
0.023810535
0.074184360
-0.023104942
-0.004073220
-0.010256498
0.005141241
0.010204378
0.016113032
0.000998553
0.014859162
0.000000000
0.006859258
0.015504086
0.011472499
-0.021134410
0.019231460
0.002853020
-0.005714203
0.003813159
-0.025049576
0.029795620
-0.010471348
-0.032088364
-0.002968677
-0.005964436
-0.008007948
0.014962923
0.005923018
0.031010136
-0.008624726
-0.024355753
-0.033085770
-0.013340423
-0.017717969
0.005243796
0.024794761
-0.007168646
-0.005151942
-0.026165856
-0.002123034
-0.026926826
0.021599109
-0.030371094
0.010953011
0.028987588
-0.002118753
0.005288382
-0.029980937
-0.005449660
-0.003284019
-0.013245225
0.001110551
0.031679378
0.014941468
-0.042191161
0.036880420
-0.003199948
-0.004282661
0.030641431
0.022634712
-0.018480914
0.001035786
0.022518757
-0.039220605
-0.005277002
0.013662795
0.024743528
-0.020576749
-0.001040308
0.042776381
0.041021477
0.021770902
-0.017950361
0.065491209
0.026433435
-0.010489695
-0.005286355
-0.022332278
0.051067426
0.013640448
-0.030083960
0.004353556
0.013805222
0.003421731
-0.025076925
0.022511769
0.027028497
-0.010892225
0.050113021
0.017474629
-0.007905179
-0.016807158
-0.026166574
-0.014184762
-0.017804493
-0.000855754
-0.010327290
-0.013060565
0.058715239
0.034121992
-0.021801383
-0.004090195
0.001638170
0.006525224
-0.004073199
0.040518447
0.014106808
0.008523857
0.003850712
0.006893933
0.003048746
-0.010711683
-0.013163179
0.017768046
-0.027952189
0.005496690
0.031601793
-0.003039480
-0.002285765
-0.016148029
-0.010911982
0.004691197
-0.005475194
-0.003929231
0.000147460
0.014861455
0.014643745
