-0.028947548
0.014578432
0.072432811
0.011472391
-0.014682638
-0.009692964
0.022472807
0.019491198
0.006826009
0.032251066
-0.030397349
0.001233631
0.023157675
-0.025626760
0.004317018
-0.028083018
0.028083018
0.024917681
-0.012685001
-0.073780771
0.023286929
0.037029587
-0.004941377
0.008017478
-0.021733341
0.000000000
-0.022216115
-0.005793303
0.009637071
0.044396170
0.013365873
-0.007268201
0.009077063
0.004807746
0.007168483
-0.008368290
-0.011470107
0.012070263
-0.037901934
-0.018233723
-0.036837892
0.018911588
-0.028170718
-0.065912853
0.036925236
0.005457007
0.002717418
-0.047942445
0.054029546
0.026615097
0.047444958
-0.029872038
0.045404984
0.023157675
0.003007567
0.000000000
-0.027398873
0.000000000
0.021978738
-0.015825077
0.017635103
-0.011519004
0.001218965
-0.014106299
0.006157674
0.018851206
0.009592415
-0.016847506
-0.025193445
0.025800008
0.015644083
-0.042396101
0.011805056
0.001234354
0.020757919
-0.025705175
-0.014990793
0.035243169
-0.021493079
0.029962495
-0.016398761
0.010356548
-0.011582048
-0.008002489
-0.013063818
-0.036344559
-0.009132392
-0.003282022
0.038056798
-0.018524943
-0.005819573
0.003237320
-0.016949602
0.008510672
-0.001957600
-0.010505675
0.001978334
0.014388683
0.028802043
-0.026208068
0.026208068
0.018750384
0.004941368
-0.042157789
0.007044588
-0.020632653
0.009724542
-0.006472483
0.000000000
-0.013072176
-0.019934038
-0.027212677
0.017772134
0.009440543
0.013333465
-0.028890280
0.006116272
0.006079090
0.036367667
-0.017027385
-0.015307909
0.014647263
0.009210579
0.000654748
-0.009865327
0.003957738
0.000658116
0.021478287
-0.014920838
0.017493128
0.003206259
0.007653000
-0.015365176
-0.008422528
0.024422907
0.000000000
-0.045462228
-0.039991895
0.006204821
-0.009668653
0.004845928
0.019829770
0.030012310
-0.020578210
0.000670471
-0.023738145
-0.054295910
-0.010929238
0.048615816
0.025492270
-0.016461230
0.001382097
-0.031570467
0.018362060
-0.018362060
0.009223175
0.031969429
-0.000684316
-0.046943824
0.025497231
0.028268115
0.042587762
0.000651258
-0.031748688
-0.052425844
0.007057243
0.020877568
-0.032904598
-0.070010228
-0.011516433
-0.006973933
-0.000777913
0.008523754
0.016074032
0.004545221
-0.026035073
-0.030723204
-0.064431827
-0.012881232
-0.050520312
0.020693537
0.011509621
0.001758922
0.032846647
0.034269909
-0.047968749
0.058594180
0.009900860
-0.012653210
0.025148123
0.022914138
0.027136629
0.003144640
-0.027050265
0.033310033
0.019313130
0.006102199
-0.030890502
-0.013423018
0.014207088
0.006249987
-0.027637034
-0.015329004
0.003246739
-0.039674606
0.021685425
0.023645755
0.011218146
0.033688979
-0.015528270
-0.009434165
0.017228440
0.028321837
-0.003780681
-0.009897315
0.001529000
0.011394107
0.026827014
0.032552746
-0.017953770
0.013674062
-0.034912622
-0.014163521
-0.011325024
-0.027715431
0.028474418
0.003786407
0.029786368
-0.015527354
-0.002237809
-0.016566599
0.037993388
-0.002928159
-0.022239620
0.017094448
-0.025374662
0.020202709
0.026317338
-0.072019397
0.000000000
-0.009382679
0.020988013
-0.000769631
-0.007727993
-0.026730969
-0.032391687
0.025194389
-0.013737496
-0.062100487
-0.004338289
-0.011368857
0.028610613
-0.003424829
-0.000858018
-0.030503371
-0.017857568
0.039740319
-0.043350296
-0.007259707
0.014466883
-0.012647009
0.051384117
0.035627216
0.062974683
-0.010224079
-0.047762962
0.035834333
0.015873306
0.023347390
-0.017067988
-0.042355453
-0.012320355
0.036515202
0.000796420
-0.002391349
-0.007208735
0.023044244
0.014040898
-0.026689272
-0.002389444
-0.000797690
-0.016901969
0.024851023
0.024248484
0.007698246
0.095728386
-0.006993016
-0.003515013
0.022285016
-0.020877527
0.039977772
-0.021858764
-0.004152419
-0.033853684
-0.001231442
0.052135922
0.002085605
0.012422636
-0.026408905
-0.014899156
-0.000715005
0.012086814
0.007743837
0.005594525
-0.021855173
0.021157390
-0.022583829
0.007820919
-0.072692563
0.001521970
0.040974236
0.011611051
0.032650182
0.036342787
-0.002022264
0.007394960
0.017922760
-0.013245177
0.009289960
-0.005962088
-0.010016872
0.040768363
0.005782129
0.010831587
0.025032644
-0.016828087
-0.000628763
0.005644471
0.004368105
-0.021397791
0.009496765
0.019963115
0.022596479
0.020323416
-0.017910960
-0.003016736
-0.013382001
-0.021666007
-0.017677276
0.007614393
-0.026907561
0.010978483
-0.015534220
-0.001958957
-0.006557413
0.003284156
0.019481171
-0.005804577
0.019219004
0.006325072
-0.013968421
0.022131761
-0.000625616
-0.018951962
-0.025841134
-0.002621357
-0.005922925
0.038839904
-0.009569541
0.042666469
0.010388191
-0.019024947
0.034108216
-0.020569397
-0.016641526
0.006813392
0.041710335
-0.005342828
0.005342828
-0.000592136
-0.034964392
-0.022333434
0.013088359
0.027482629
0.004207928
-0.016329312
-0.017841074
0.002479829
0.040648600
-0.001785066
0.025287954
0.029186700
0.018441222
-0.010016621
-0.001119184
-0.003365277
0.000000000
0.021123872
0.029804297
-0.003744376
-0.013488226
0.024149268
0.007395693
0.007863870
-0.044855416
-0.018187314
-0.024776063
0.025887782
-0.021336934
-0.005691738
0.006258884
0.009596403
0.011173385
-0.004454371
-0.028298426
0.006865016
0.014714396
-0.008462627
-0.007963562
0.002281782
-0.002853074
-0.025464361
0.042461842
0.038572227
-0.002706122
0.005405184
-0.017401161
-0.044875690
0.020443770
-0.053692461
-0.001781162
0.001187772
-0.005952477
0.001789460
-0.012593852
-0.006053367
0.031672873
-0.005899733
-0.017910960
0.006006171
0.031243136
-0.025868402
0.008894234
0.014650090
0.005800360
0.004616433
-0.016836462
0.015107641
-0.008106512
0.004061568
-0.023434039
-0.001186162
0.037850162
0.022599811
-0.012366539
-0.010233272
0.007968095
-0.010256468
-0.000572734
-0.000573387
-0.009795467
0.008073915
-0.003452280
-0.041783176
-0.029270314
0.029871123
0.029587947
0.002911216
-0.028902070
-0.052648404
-0.085776419
0.028503833
0.039642397
-0.013262805
-0.012088792
0.013422958
0.026317331
-0.036367602
0.010050271
-0.002670187
0.000668197
-0.042995232
0.025474658
-0.082879269
0.009555375
0.011636472
0.017204692
0.057987261
-0.025816734
0.019762264
-0.014271375
0.021666270
-0.014844956
-0.000680086
-0.006141228
-0.009628723
0.001381232
0.042559561
0.013793305
-0.002612560
0.008466269
-0.007812561
0.008460902
0.033771938
-0.010708786
0.037294527
0.006688967
-0.001819892
-0.014679068
0.010419908
0.001827585
-0.035939311
0.019369472
-0.001238337
-0.014981593
-0.009478752
-0.035544968
0.018253513
0.004511788
0.024770874
-0.031870088
0.024313495
-0.020434899
-0.014295266
0.014940191
0.000000000
0.037334283
0.002481420
-0.005591845
0.010536153
0.017721318
0.006640576
0.038942912
0.038040331
0.008321891
0.010989009
0.008163377
0.005405423
-0.002699178
0.002699178
0.020278238
-0.050376415
0.004987692
0.029413695
-0.028308770
0.004957290
-0.011049907
-0.009489224
-0.018681554
-0.008032077
0.040084278
-0.004993104
-0.024206088
0.011331700
0.011761592
-0.011761592
0.000000000
-0.019915451
-0.004608231
0.006904534
0.021555008
0.010050209
-0.010050209
0.015037901
0.007709138
-0.009922779
0.001660720
-0.010005699
-0.002797145
-0.014104742
0.013544385
0.000560357
-0.015241703
0.016434200
-0.029870113
0.020202773
-0.012651042
-0.015748462
0.006445958
0.006984899
-0.005234127
0.002329690
0.000581575
0.028655295
0.017917583
-0.017352822
-0.015363012
-0.004597670
0.008032135
0.028170733
0.011049865
-0.002751025
0.021260045
0.024508417
0.001577732
-0.025546968
-0.154150611
0.043083528
-0.039317042
0.022305773
0.035513890
-0.018502621
0.024398782
0.000000000
-0.006487907
-0.019116378
-0.017645662
0.017042332
-0.019500959
0.008578513
0.021726881
-0.018072662
0.010882626
-0.023730944
0.011022844
0.019898135
0.000000000
-0.012616413
0.023895991
-0.039740418
0.019465238
-0.003016651
-0.004238460
0.002424223
-0.010343867
0.009132523
0.000000000
0.023953106
-0.001184026
0.001184026
-0.002369585
-0.010733433
0.001796784
0.011306234
0.005899770
0.015178311
0.030806734
0.001123108
-0.000561396
-0.002248436
-0.007342669
-0.007968010
0.008534815
-0.002836811
-0.020086761
-0.014598884
0.002936915
0.000586222
0.001171796
0.016260573
-0.006356622
-0.010489614
-0.004109270
0.004694933
-0.005872054
-0.007092233
-0.015541290
-0.012121392
0.027069440
-0.003567123
0.020047705
-0.003508714
0.008748873
-0.007577955
0.004670139
0.025303287
0.007918681
-0.003386071
0.006198821
-0.005633617
-0.020548807
0.006896584
0.005141372
-0.002852936
0.006833806
0.000567201
0.000000000
0.029619449
0.020709162
-0.004866046
0.002706353
0.010217788
0.027962848
-0.019438627
0.000000000
-0.013351236
-0.011898570
-0.014246667
-0.010541090
-0.018576367
-0.016614596
0.005760430
0.017084709
-0.010215635
0.015284491
0.016713555
-0.011669958
-0.020898898
-0.001713767
0.013628902
0.021206125
0.000000000
0.014254716
0.012442620
0.002684557
0.015429827
0.000528026
-0.006035489
-0.026991392
0.007786427
0.031090632
-0.021167747
0.017401256
-0.027324141
0.008275961
-0.015504221
0.000000000
-0.006157341
0.000000000
-0.054223121
0.015878016
-0.008790033
-0.025031097
-0.003627480
-0.013414902
0.000000000
0.037353786
0.009417279
0.000000000
0.000000000
-0.001172282
-0.014771305
-0.008968790
-0.009049765
-0.007299310
-0.023472325
-0.010681853
0.038418651
0.007268297
-0.013977718
0.004274760
-0.025302137
-0.001876745
-0.007542469
0.027995520
-0.021706263
-0.027973859
0.017891959
0.003792642
-0.022329458
0.006430953
0.022187762
-0.003139651
0.000000000
0.010635075
0.004346427
0.000619426
0.000000000
0.025070054
-0.007272702
0.003642963
0.004233460
-0.013977718
0.000611846
-0.024769180
0.000000000
0.006872914
0.001244568
-0.006864270
0.004373716
-0.008766579
0.006269608
-0.017019073
-0.007017540
0.020906656
0.000000000
0.003129957
-0.019565180
0.001910273
-0.003185728
-0.005760038
-0.030631253
-0.015338791
0.010695253
-0.031748689
0.010242558
0.000000000
-0.016438742
0.011671954
0.000682331
0.012877259
0.002690008
0.023889608
-0.036732050
0.002038721
-0.171383674
0.032503878
-0.009404384
-0.009493836
0.001588663
-0.008768533
-0.030896812
0.013125743
0.006498868
0.011272200
0.000800285
0.019018025
-0.007089463
-0.041975477
0.005754155
-0.004930040
-0.011599162
0.016529202
0.004090069
-0.015631769
-0.017566274
0.015075544
0.007453568
0.030871622
-0.029222801
-0.000824115
-0.009942097
0.018969696
-0.011503850
-0.005802024
0.014851905
0.003270594
0.035288267
-0.011093557
-0.027465304
-0.004926254
-0.011589472
0.002494784
-0.010855941
0.017478547
-0.016639305
-0.023770181
0.016191168
0.013434334
-0.002505290
-0.008396349
-0.019583485
0.013663792
-0.014523970
0.008569117
-0.004275334
0.022872571
0.014137457
0.003297557
-0.024157705
0.010901638
-0.051337148
0.001754310
-0.000876864
-0.001755944
-0.033053376
-0.020184174
-0.017765803
-0.046340383
-0.003960335
0.021590636
0.000000000
0.000000000
-0.051804498
0.017233076
-0.035809315
0.031781179
0.047299399
0.009578711
0.029123648
-0.028170854
-0.004773275
0.013308211
-0.008534936
-0.028987617
-0.040005305
0.004073474
0.008097074
0.011027736
-0.027288200
0.021288230
0.014932962
-0.037246372
0.016277115
0.010040237
0.002992497
0.000995583
0.016773853
0.000000000
0.021298002
-0.003838814
0.000961137
0.003835134
-0.018349165
0.004861558
0.045505422
0.042636828
-0.007130130
-0.014414710
-0.032275812
0.013035596
-0.009293641
-0.016949726
-0.015311252
-0.015549337
0.056178498
-0.013047645
-0.016076003
-0.042849793
0.028447149
-0.028447149
0.009900853
0.023370228
-0.023370228
-0.024938825
-0.026613584
-0.012526272
-0.013749522
0.008483472
-0.037658960
0.007646033
0.039471896
-0.031883651
0.002157290
-0.019586980
0.028170809
-0.012903418
-0.016366848
-0.008839805
0.039177945
-0.030338139
-0.012175086
-0.008948574
-0.025029751
0.002301397
0.011428808
0.029117327
-0.034815344
-0.025464467
-0.011792455
-0.009535327
0.002392369
-0.060325986
0.027536163
0.043485154
0.007067236
0.075699437
0.017260463
0.005333229
-0.009620409
0.087369278
-0.012877809
-0.010020116
-0.004036372
-0.002024312
0.039727244
0.004856732
-0.008759318
0.054221635
-0.003710517
0.008329557
-0.024593338
0.003913886
-0.008827934
0.022407245
0.039665217
0.015618134
0.016275169
-0.000897214
-0.031922392
0.005545282
-0.046212927
0.008649860
-0.021277524
-0.002936800
0.016529295
0.048009201
-0.019490157
0.020408991
0.029852905
0.018543559
-0.038346210
0.039220670
0.001746719
0.105884000
0.019433153
-0.006952535
-0.047628049
0.024097633
-0.014388769
-0.013782133
-0.018953984
0.010757161
-0.004123661
0.009868467
-0.014009288
-0.021812956
-0.005102122
0.005102122
-0.015384954
-0.000861650
-0.015638929
-0.008795192
-0.010657167
