-0.034576770
-0.020271845
0.009263447
0.027290614
0.020810211
-0.025175449
-0.035387909
0.009822573
-0.012495565
0.042426138
-0.021248362
0.010942329
0.008509694
0.013272280
-0.022561035
-0.023875320
0.032395618
0.004357289
0.029013666
-0.005488731
0.000751555
0.011673142
0.014217296
0.007760156
0.006262054
-0.001440310
0.019045527
-0.015446558
0.029268452
0.000233120
0.009256071
-0.004385365
-0.000232193
0.005310101
0.000691911
-0.006233692
0.016534306
0.018052530
-0.021703533
0.014745917
-0.014745917
0.005243417
-0.000455699
-0.007762114
0.022441603
0.006702100
-0.013675798
-0.007022117
0.034376318
0.019955186
0.034526347
-0.015389517
0.002367764
-0.012760787
-0.011600589
0.004831423
-0.008582207
0.001549220
0.007252538
0.000877915
0.029542903
0.003394432
0.009063418
-0.005469118
0.010493651
-0.005024533
0.029162507
0.003582560
-0.019444957
0.017002975
-0.006370788
0.000736441
-0.015352439
-0.003746938
0.020326096
-0.001718765
-0.025392094
0.007534484
0.041902453
0.005503727
-0.003108191
0.005493968
0.004750757
-0.001423816
0.003789126
-0.002365310
-0.000238820
-0.002371398
0.004740709
0.012452725
-0.010799257
-0.012351041
-0.015416685
0.011105006
-0.012077258
0.010153793
-0.017710956
0.002932185
0.004138784
-0.031604584
0.015187378
0.016417206
-0.010015301
-0.006651205
0.005915662
-0.005172033
0.051972273
-0.021327780
-0.008180118
0.002171098
-0.003862535
-0.004850061
0.019260552
-0.007177368
0.005029206
0.004767923
-0.007158697
0.001195971
0.017782436
-0.012772342
0.043324375
0.018743060
0.004907136
-0.002227160
-0.002905357
-0.004035921
-0.016308406
0.009093721
-0.016427508
0.018686343
0.011450322
-0.001115759
0.014420778
-0.000882068
0.009654780
-0.000657266
-0.035807882
-0.006362409
-0.007090509
0.017744965
0.015215557
-0.031352255
-0.002064433
0.009824921
-0.005473138
0.007742908
-0.046194480
-0.025022068
0.034949003
-0.008265702
-0.017951730
-0.010191984
-0.021953341
0.021953341
-0.002198180
-0.017262515
-0.003987591
-0.016115127
-0.020511612
-0.015667199
0.029302270
0.026979259
-0.030307937
-0.016807573
-0.019748918
-0.002661561
0.007966890
-0.020579959
-0.012502328
0.014390739
-0.018225389
0.015524082
0.025406093
-0.000529648
0.021876993
-0.007065190
-0.016947795
0.002400850
-0.013142990
-0.004055488
-0.021650653
-0.004442161
-0.035397013
0.047567368
0.007665300
0.001091290
0.054353680
-0.009071278
0.010103832
0.000771841
0.005651798
0.010702179
-0.039017324
-0.025354736
0.024561167
0.024231816
0.009477388
-0.024520035
0.001827191
0.024731992
-0.014869021
0.012319023
0.009142072
-0.014512157
-0.044311316
-0.020314885
0.033099802
-0.015471780
0.019963479
-0.012996853
-0.022677819
0.010592305
-0.011961746
0.010610731
-0.000541706
0.000000000
0.013443857
-0.017240177
0.023894764
0.012653853
-0.007098720
-0.020792825
0.016299365
-0.023330122
-0.048641558
-0.010306678
-0.004035805
0.053169551
-0.016572367
0.002779823
-0.007528217
0.048351582
-0.029772612
-0.004683021
-0.009147555
-0.011205366
0.009531419
0.006675554
-0.037273088
-0.022107469
-0.013323686
0.025602183
-0.002911641
-0.006427695
-0.015070458
-0.041949971
0.046701366
0.015289560
0.003787355
0.017292967
-0.048293421
0.003594676
-0.019001851
-0.007336640
0.004895442
-0.003668328
-0.004301558
-0.000306079
0.000306079
-0.001538863
-0.021807310
0.021807310
0.003694079
0.039134483
-0.015471440
-0.066636941
0.032476329
0.025125978
-0.061778685
-0.018188976
-0.082284372
0.040109539
0.016948482
0.004693797
-0.001335278
0.024813675
0.036261507
0.010033736
-0.022399658
-0.012520697
-0.006483416
-0.008819426
0.017236546
0.037656958
0.026962099
0.044348137
0.027384719
-0.015310631
0.014183603
-0.016758630
0.021533479
-0.054735336
-0.003184631
-0.001503902
0.009591427
0.046057907
0.004833345
-0.004833345
0.002843241
-0.026774562
-0.022723836
0.041513742
0.018160081
0.008680591
-0.027698608
0.036304691
-0.009164393
0.011096919
-0.014448521
0.015825978
0.048396743
-0.020682486
0.024454617
0.034236308
0.010557832
-0.011467767
-0.001516287
0.003640868
-0.018337817
0.013174803
-0.032485322
0.029741891
0.028288356
0.010333252
-0.016283262
0.002382730
0.039415488
-0.006030084
0.000863652
-0.016830229
-0.010886134
0.020208642
0.003473185
0.027076651
-0.026788952
0.006622776
-0.033853095
-0.030744000
-0.006755593
-0.030030387
-0.002861940
0.005081067
0.006632317
-0.003784721
-0.011121094
0.014274734
0.007845597
0.007780762
0.015386335
0.002133796
0.005469456
0.017421770
-0.014397306
-0.017370561
-0.004929371
-0.001855403
0.013527620
0.018154706
-0.005715917
0.004513474
0.028706647
-0.030809157
0.014632373
-0.007140510
-0.012315952
0.000602051
0.022405854
0.000297653
0.001473285
-0.003246792
0.003837469
-0.006802883
0.024620277
0.013232370
0.018398849
-0.001401451
-0.011867703
0.004818282
0.013768285
-0.001957167
0.027029891
-0.006824837
-0.009636489
0.007714665
-0.003573738
-0.005802079
-0.006672173
0.008887533
0.015907117
0.015658038
-0.058182254
-0.001988290
0.013563436
0.004479233
-0.016623415
0.000000000
-0.005695734
0.019239898
-0.014963417
-0.000853775
-0.010017088
0.009162584
-0.009739072
-0.024172444
0.000000000
-0.000591069
0.005588189
-0.007065185
-0.025430318
0.015633589
0.000000000
0.002088403
-0.017114853
0.002417325
-0.010627716
0.007603252
-0.002731079
-0.020258509
0.011715487
-0.021061100
0.020141267
0.010071743
0.003938833
0.008069110
0.012944803
-0.024528199
-0.000610562
-0.007700745
-0.010875529
0.004676440
0.014205184
-0.006460716
0.003390713
0.030294857
-0.000895602
-0.008097290
-0.012423712
0.007595496
0.020363692
-0.020668655
0.003929379
-0.035909788
-0.002816654
0.025371379
-0.001529965
0.009745474
-0.001517527
-0.003038280
-0.001524551
-0.006728492
0.003676386
-0.005213626
-0.004003235
0.002467461
-0.006798895
-0.009654551
0.013367477
0.010140054
-0.031994366
-0.039926832
-0.020245369
-0.000667883
0.011339602
-0.016384352
-0.018374020
-0.011051163
0.040822005
0.011928526
-0.012260592
-0.003005521
0.006664122
-0.012367170
-0.000335132
-0.027981540
-0.010434768
-0.004904449
-0.004225302
0.031263443
-0.026688122
-0.017719752
-0.037149516
-0.010442204
-0.024288367
-0.060987900
0.078504314
-0.022525925
0.048606060
0.032923424
0.003550848
-0.008903467
0.001784567
-0.021661322
0.005825453
0.011902647
-0.023217803
0.027511081
-0.009677491
-0.010925196
0.002194652
0.004741296
-0.034028300
-0.015161878
-0.015786030
0.008115508
-0.002696039
-0.017520489
-0.012253829
0.002382625
-0.026934522
0.012551635
0.041774581
0.039725034
0.024546301
-0.033488256
-0.008646292
-0.005300724
0.011320877
0.011937414
-0.002227180
0.022051740
0.015151856
0.002501559
-0.013661492
0.013661492
-0.009326269
0.036110243
0.011062151
-0.009673879
-0.013984838
0.014680628
-0.013624692
-0.021330340
-0.019963810
0.012749812
-0.010183976
0.035908803
-0.023915284
-0.020807509
-0.000371823
0.001844634
-0.005540200
-0.007060181
-0.011633358
0.027177742
0.000744023
0.008098788
-0.008471426
-0.012652379
-0.004129551
0.021581021
0.019316173
0.011487318
0.004273757
-0.001066960
-0.002136412
0.009227762
0.027521692
0.033123624
-0.029349400
-0.024958019
0.017395073
-0.002416313
-0.007634651
0.015899389
0.001233858
0.007371099
0.009744157
-0.002022069
0.001617865
0.007650574
-0.006034981
-0.017094259
-0.004525947
-0.006205035
0.008264738
-0.057158335
0.009540449
0.007310314
0.004701788
0.021097570
0.015742072
-0.007839935
-0.002488749
-0.015906358
-0.008049384
-0.021931731
-0.049007398
0.035437478
-0.008409038
0.019367008
0.018998887
0.005119523
0.011844316
0.000000000
-0.007174567
-0.034471224
-0.012351227
0.020646243
-0.009611043
-0.015038094
-0.003571348
0.022989638
-0.003502811
0.010037367
0.009507413
0.008991517
0.000000000
0.014808704
0.003773006
-0.005874837
0.018349029
0.004123756
0.015111731
0.004852421
-0.007287637
0.007287637
-0.000403649
-0.002439173
-0.002849557
-0.006954410
-0.002877721
-0.005780406
0.001654815
0.003713648
0.005339993
0.019874969
0.021847803
0.009775609
0.003495740
0.001936661
-0.001936661
-0.001163967
0.002326348
-0.002714872
-0.003891125
-0.001951115
0.007394730
0.002710480
0.009237818
-0.001917534
-0.051596525
-0.031618362
-0.011327769
0.000000000
-0.004228564
-0.009365586
-0.005575799
0.015788722
0.010947278
-0.013066460
-0.009377921
-0.019459902
-0.006571830
-0.002200102
-0.006630030
-0.008908583
0.002234624
-0.002682224
0.011571328
0.005735336
-0.015070933
0.001784832
-0.004468362
-0.007642092
-0.002258744
0.013030860
0.000000000
-0.009869958
0.036737967
0.008223457
0.004300951
0.000858140
0.001285265
-0.015381417
-0.006650267
-0.025226744
-0.015632363
-0.008376046
-0.021252298
0.032404878
-0.017245922
0.010290025
0.022545359
-0.022080165
0.005566066
0.011954045
0.006832227
-0.013711454
-0.001381390
-0.006472643
0.007393763
0.000000000
0.024557825
0.000000000
-0.014024049
0.004091634
0.009033596
0.012067356
-0.036647483
-0.017197936
0.001873748
-0.019849481
0.000953855
-0.025109658
0.090184851
0.028629984
0.000000000
0.037499064
0.009573456
-0.034558813
-0.003006137
-0.006472759
-0.004338276
-0.007418792
-0.001753556
0.000000000
0.017399264
0.009014948
0.000000000
0.016949465
-0.009710886
-0.011521319
-0.010353891
0.001733042
-0.008695660
0.003922279
-0.003922279
0.009561184
0.011182902
0.004268016
0.008481719
-0.011040393
-0.003850175
0.009810044
0.022661756
-0.012946469
-0.010564339
0.009723151
-0.011849518
-0.007263322
-0.008181070
-0.001297826
0.000865524
0.000000000
0.011610499
0.005117455
0.005424298
0.000000000
0.023945595
0.014015242
0.000818236
0.011386841
0.010858718
-0.018164009
-0.014359154
-0.000826741
-0.003314060
-0.014629439
0.030274088
0.040821937
0.032789890
0.011320678
0.027023771
-0.004392274
-0.009583666
0.000000000
-0.016054184
-0.022070869
0.014894330
0.018776364
0.003342541
-0.028202676
-0.036904453
-0.005953499
0.011084762
-0.043450258
-0.007428663
-0.003735178
0.032722679
-0.019915352
-0.003289532
0.008611971
0.007323218
-0.026701265
0.025890281
-0.015124205
-0.003713455
0.000000000
0.000413261
-0.012892649
0.006675049
-0.018041272
0.011784574
-0.002094098
-0.037160021
-0.005672961
0.019502078
-0.015135353
-0.028775581
0.011340605
0.016994898
0.018889136
-0.030037361
-0.017643686
-0.027766625
-0.014654178
-0.009569257
-0.000962043
-0.004340598
-0.011667383
0.001953938
-0.021707893
0.001495235
0.006948047
0.011310673
-0.033311818
-0.004052397
-0.010204256
-0.039754397
0.005852737
0.009503630
0.000000000
-0.012159820
0.007947131
-0.013280091
0.031581293
-0.005194681
0.010362755
-0.023469276
0.013106520
-0.001042255
-0.064052277
-0.032771016
0.017649197
0.023976461
-0.016666939
0.013908612
-0.001105823
0.003864150
-0.023412424
-0.011914795
-0.030129903
-0.002945535
-0.014260490
0.002987778
0.002978809
0.030465055
-0.010440712
-0.015276560
-0.023361287
0.026907407
0.019860514
-0.019860514
-0.029942126
-0.015314293
-0.012422697
0.025911503
-0.038490321
-0.024993224
-0.055366046
0.050161165
-0.008516292
-0.009917445
0.058080667
0.021706465
-0.026104702
-0.035248693
0.004555750
0.020566349
0.020774906
0.021572388
0.007290748
-0.012567122
-0.010549347
-0.001873342
0.000000000
-0.002503165
0.051888231
-0.019219523
-0.005473016
0.030032423
0.046251116
0.000000000
-0.040351381
-0.002355881
0.009389936
-0.004683846
-0.007067128
-0.020902601
-0.034380352
-0.000624813
-0.006269627
-0.102569129
0.014527983
-0.007583416
-0.002772042
-0.041082420
-0.040580794
0.052797982
0.035091241
-0.026556221
0.016157689
0.049619397
-0.018066829
0.011413353
-0.020911286
-0.014418415
-0.003463695
0.024675552
0.008091861
0.005358271
0.018531331
0.000000000
0.003926760
-0.004582722
-0.009228782
-0.015348886
-0.002019550
-0.008798823
-0.040935226
0.026556221
-0.010398532
0.010398532
-0.020906493
-0.007067183
0.044647767
-0.023530588
-0.033006278
-0.055974618
0.014872967
-0.017241844
-0.008733567
0.003979349
0.000793956
-0.023701765
-0.008196957
0.052116025
-0.041473177
0.001627395
0.000000000
0.039845782
-0.037409912
0.005661261
0.002416515
-0.010513646
0.018526519
0.013476249
-0.003154598
-0.001580995
0.016477295
-0.017268775
-0.026475696
-0.024692642
0.012422399
0.018753202
0.019992737
0.044141868
-0.022214711
0.032014936
-0.033565121
-0.054196803
-0.100730198
-0.040671217
-0.006625382
-0.015311301
-0.053477950
-0.008171815
-0.051563263
0.011808980
-0.010729612
-0.002160021
-0.055569678
-0.017291454
0.058707498
-0.023295629
0.066220957
0.014598381
-0.013548707
-0.027661347
0.038099867
-0.015699102
-0.043109941
0.007679587
0.021622726
-0.009672506
0.019251885
0.029662013
-0.010638057
0.020116769
-0.046316819
0.005509817
-0.024472814
-0.020478695
0.021603957
