-0.026119993
-0.008857706
0.000000000
-0.008128882
-0.035700425
-0.033526728
0.013889000
0.005162428
0.019528621
0.041193458
-0.065884507
0.008589418
0.005109789
0.005092367
-0.035308166
-0.014122068
0.018497398
0.023284350
0.054741418
-0.039511459
0.046753759
-0.020240169
-0.011512106
-0.018367733
-0.034275214
0.005220897
-0.028146090
0.007106507
0.043335675
0.014316616
0.035319317
-0.004849003
-0.013884081
0.011446397
0.004059137
0.008061499
0.047065734
-0.005373757
-0.033694836
-0.024194023
-0.025631225
0.029707471
0.004869215
-0.058304607
0.010237000
0.005928580
0.025000120
-0.033480352
-0.018895294
0.026530685
0.019234660
-0.018389819
0.054201475
0.038413383
0.007667845
-0.006129565
-0.028823861
0.009439379
0.014770542
-0.010860291
0.039754972
0.036796774
0.013636577
-0.005722199
-0.029828201
0.027681457
-0.002879659
0.038863535
-0.026689608
0.008502998
0.014713494
-0.002089906
-0.006990290
0.014624354
0.019183967
-0.002038620
-0.016453526
0.029288515
-0.011475415
-0.012296171
0.037284090
0.043500344
0.030950305
-0.012781461
0.004494230
0.013356997
-0.013997561
-0.031232329
0.034432168
-0.000639012
-0.031151105
0.001318280
0.005249488
-0.058658200
0.000694648
0.030749355
-0.027982817
0.025960455
-0.010165579
-0.034654597
0.030556391
-0.020732482
-0.026890389
0.020588820
-0.030689029
-0.003624609
0.011569327
-0.022537839
-0.020058091
-0.015873953
-0.013042537
0.003078172
0.034061907
-0.027153041
0.038987544
-0.037458678
-0.084374710
-0.042416244
0.026508257
-0.003383406
0.004227471
-0.027352322
0.019729845
-0.013687116
-0.006909979
-0.033516372
-0.017189076
0.020772282
-0.006279151
0.005384763
-0.007186106
-0.015434293
-0.044909787
-0.003827665
-0.047209662
0.004020804
-0.035736282
-0.058872676
0.018569266
0.004320268
-0.032861494
0.027458854
0.022497034
0.004227796
0.012579284
-0.028527866
-0.041581210
-0.011236364
-0.003395647
0.020202008
0.046671718
-0.017112829
-0.029558889
0.015436571
0.017354261
-0.047339767
0.023398609
-0.040454460
-0.098757032
0.018809832
-0.025158034
0.028877714
-0.028877714
-0.042948312
-0.016085520
0.012088466
0.017207636
-0.025250355
-0.052497904
0.012684434
0.018043769
0.004117944
-0.011019465
0.004146404
0.023178596
0.005375668
-0.060791630
0.022536104
-0.015440177
-0.009949299
-0.018746497
-0.010242004
-0.016308501
-0.002992928
0.046859225
-0.011509448
0.017216400
0.009908754
-0.018479807
0.014244105
-0.002831646
0.021052458
0.006920628
-0.011095700
0.012475131
-0.020878313
0.005609397
0.055760050
0.013139555
0.014259357
-0.035367038
-0.035282109
-0.023761770
0.016831554
-0.022504605
0.018323529
0.054361526
0.029968675
0.022844036
-0.068814045
-0.005390160
0.013423368
0.027614059
-0.034303220
-0.017603945
-0.002736272
-0.024967065
0.009784118
0.009689316
0.006861969
0.008175490
-0.028907851
0.020732361
-0.049063618
-0.053109380
-0.062520331
0.031749523
0.000000000
-0.015748763
-0.003180205
-0.024175879
0.036834357
-0.014251205
-0.027488781
-0.057350179
0.039152865
0.053628939
-0.014343977
-0.029318369
0.016394249
-0.024691490
0.029557331
0.003231583
-0.003231583
-0.008123741
-0.052656948
-0.028675915
-0.052249846
-0.057158752
-0.047777400
0.012684633
0.018732290
-0.033545972
-0.015038974
-0.026315911
0.000000000
-0.047791149
0.013888527
0.004587669
0.022626106
-0.004484803
0.098369224
0.083951551
0.101420012
0.117971755
-0.236388255
0.039218944
0.001830984
0.062021533
0.087155109
-0.083723973
-0.006873860
0.010291258
0.031908484
0.013136650
0.032106104
-0.055209202
0.037679440
-0.031022674
-0.054528182
0.049540528
-0.049540528
0.027635488
0.044970049
-0.004897654
0.137409916
0.008522425
-0.012811124
0.019858415
-0.015569717
0.019774266
0.074108781
-0.053346118
-0.056353089
0.001449142
0.088576840
0.019673226
0.025641750
0.006309538
-0.022900964
0.019120317
0.040821665
0.007247208
0.009581027
-0.036412797
-0.019974475
-0.062439058
-0.034134095
-0.060102893
-0.010378907
0.056496755
0.054808163
0.037936894
0.020331160
-0.039773684
0.020726208
-0.033902048
-0.002656164
-0.014735752
-0.021829067
-0.019498832
-0.002817214
0.008426483
0.002793607
-0.045657028
0.032687768
-0.059878930
-0.024020771
-0.019641555
0.022878231
-0.029510995
0.059743668
0.003130306
0.060623280
-0.084340397
-0.017756475
-0.033116519
-0.073330193
-0.023832905
0.023832905
-0.025691082
0.003711303
-0.009302710
0.000000000
0.012999834
0.038014179
-0.014311858
0.021390283
0.014011086
0.017242176
-0.020725237
0.037675360
-0.030719827
-0.040678400
0.001804559
-0.034833568
-0.003738817
0.011172940
0.057569716
-0.012311843
0.034785117
0.074108410
0.035856281
-0.013877767
0.007734249
0.039280488
0.032072264
0.043514981
0.000000000
0.046956755
0.022036887
-0.031252647
-0.032260803
0.062229771
0.093091242
-0.001171009
-0.050429954
0.063228097
-0.021027841
0.051764471
-0.013543649
0.009049914
0.022272008
-0.004414512
-0.032605623
0.030390626
0.008830158
-0.003302042
0.002202663
-0.005515782
-0.024637102
0.047601812
0.044404100
-0.033652145
0.019068679
-0.017999193
-0.003210171
0.034758287
-0.006230348
0.020618961
-0.026888110
-0.016913732
-0.016121252
0.018250406
-0.043485241
0.001111054
-0.021313107
0.004524235
-0.004524235
0.020202054
-0.008928713
-0.019241861
0.041416329
0.050250478
0.005200396
0.009293381
-0.015536825
-0.077002124
0.002251298
-0.059078964
0.005948912
0.014135218
-0.021277727
0.014234656
0.016356371
0.019506815
0.032423193
-0.020000982
-0.003372297
0.000000000
0.013422448
-0.024747978
-0.023041983
0.025317599
-0.017192981
0.031857781
-0.015801538
0.009060161
-0.001128879
-0.023987524
0.031857781
0.007807562
0.000000000
-0.005569991
-0.001118783
-0.010117802
-0.015945523
0.014814091
0.024583431
0.017505928
0.027808332
0.021910566
0.006172406
-0.059151375
-0.009841071
-0.006615161
0.048579723
-0.011658685
-0.035815582
-0.092552119
-0.040821607
0.033522689
-0.001221305
-0.021000955
0.004980603
0.009888920
0.003683126
0.010968529
-0.010968529
-0.018552649
0.027095021
-0.025847813
-0.015076420
-0.065381889
0.024032096
-0.014618011
-0.012120805
0.014795124
-0.024325913
0.000000000
-0.013773422
0.027360880
-0.034319909
0.009728110
-0.008333115
0.031574964
0.004045726
-0.020395515
0.039329111
0.014735534
-0.016085542
0.040305141
0.017462305
0.026281932
0.001296987
0.021781416
-0.028279306
-0.015769768
-0.013332433
0.014657041
-0.014657041
0.034303105
0.113884888
-0.010470826
0.003502517
0.029852053
-0.015963521
-0.008077680
-0.001160280
0.048679783
0.008800953
-0.006593347
-0.013318172
-0.045722306
0.066729074
-0.016548026
0.015452778
0.015217369
-0.049760684
0.000000000
0.014631795
-0.010107615
0.020112932
0.029429728
0.007491133
0.067000502
0.030437927
0.007711865
0.020887443
0.055746213
-0.022468807
-0.021135084
-0.007451037
0.000935817
-0.001872293
0.048436579
-0.009867607
0.048365158
-0.030505141
-0.038793263
0.007328094
0.047269963
-0.041801941
0.018896748
0.032438685
-0.000863827
-0.058675492
-0.084023674
-0.021138558
0.000000000
0.037928694
0.031811451
-0.016261132
-0.001931710
-0.008733292
0.005828488
-0.006803214
-0.031717398
-0.010121887
-0.012282022
0.011264636
-0.022657852
0.028749047
-0.039220577
-0.051847432
0.041265087
0.004246852
-0.010650085
0.018037215
-0.010569930
-0.004260543
-0.051461221
-0.036617413
0.034367462
0.045136612
0.038019976
-0.056488427
-0.003294790
-0.020001056
0.010050146
-0.012297570
-0.004509011
0.036609471
-0.017195924
-0.004505294
-0.005659305
-0.228549824
0.043273390
-0.030515351
0.041384885
0.024032259
-0.009276883
0.031457433
0.000000000
0.001289014
-0.015584017
-0.025183494
0.026491054
0.002611196
0.018088014
-0.018088014
-0.026422429
0.023811232
-0.026491054
0.010681025
0.026213265
0.000000000
-0.010403235
-0.007873846
-0.015937386
-0.005368384
0.061336321
-0.026940963
0.030732294
-0.003791331
0.045772099
-0.022006318
-0.001236402
0.012300654
-0.003674125
0.020644052
0.027269515
-0.027269515
0.023754668
0.015142041
0.019463209
-0.001135049
0.021337089
0.007747988
-0.004419399
-0.012257369
-0.002243711
-0.010164599
0.007914553
-0.003384007
-0.028655937
-0.018778856
0.000000000
0.009434045
-0.003528322
0.023284387
0.012578838
0.005665845
0.023451922
-0.020067915
-0.029716859
-0.049950136
-0.008573700
0.011008714
-0.014705477
0.012270463
-0.004890693
-0.008615916
-0.019974449
0.082270990
0.008096466
0.010315922
-0.020738440
-0.019988509
0.022314561
-0.005824372
-0.021252794
0.023586721
-0.003502402
-0.002342260
-0.007058528
0.000000000
0.002357619
0.026730725
0.034933478
-0.020135133
0.000000000
0.010117732
0.019934570
-0.032314944
0.015730245
-0.005589839
-0.028426797
-0.050868451
-0.023328053
-0.016281169
0.016281169
-0.008734162
-0.002508483
0.056180567
-0.025257053
0.021687978
-0.015616198
-0.002424595
0.013261120
0.001197678
0.000000000
0.002388467
-0.019277752
-0.011008714
0.014651611
0.006042433
0.001204889
-0.008459730
0.007254841
-0.008468582
0.027562422
-0.024801170
-0.025317772
-0.009014887
-0.042278542
0.000000000
-0.056920151
0.000000000
-0.007168479
0.035339317
-0.028170837
-0.034887274
0.001478129
-0.033036026
0.000000000
0.004569656
0.010582129
0.000000000
0.028170905
-0.005865177
0.043172273
-0.028573492
0.022923705
0.026556443
-0.032238174
-0.061693678
0.035718100
0.011627990
-0.017493167
0.000000000
-0.014815066
0.001491522
0.004460770
0.001482677
-0.031605229
-0.023203037
0.013986464
0.003081525
-0.021773665
0.003139576
0.033901540
-0.001516231
0.000000000
0.015060504
0.014837047
0.011713116
0.000000000
0.013015415
-0.008658147
-0.011661730
0.001465135
0.002924007
-0.020649737
0.014793148
0.020349575
-0.010123025
-0.004369961
0.002915321
-0.016141129
-0.017910934
0.003007550
-0.015129029
-0.003053298
0.031605229
0.000000000
0.095983353
0.010709711
0.003986681
-0.005319213
0.021109022
-0.027798001
-0.034132960
0.047466620
-0.002652547
-0.031020618
-0.004118172
0.033809947
0.051824992
0.021237523
0.004932240
-0.022389073
-0.017766997
0.030267142
0.024541076
0.023953209
-0.007125859
-0.021687540
-0.020923838
0.025784027
-0.002427209
-0.014688154
0.018326830
0.027464479
-0.014235121
0.009512385
-0.031252448
-0.023472378
0.024692714
0.010915718
0.025016238
0.000000000
0.011696023
-0.001163543
-0.004667369
0.020833905
-0.019664922
-0.032050333
0.032050333
-0.029640670
0.009580872
-0.011990535
0.002409663
-0.009673688
-0.024601454
0.002487588
0.019680886
0.022878671
-0.026539547
-0.031039073
0.021211025
0.017136178
0.023981935
-0.002372240
-0.002378277
-0.021661441
-0.006101292
0.019394601
0.014302860
0.001182809
-0.029283941
-0.010403291
0.030890448
-0.002538025
-0.005095590
-0.005121688
0.017812242
-0.002525207
-0.002531732
-0.010191114
0.029024103
-0.029024103
-0.019393022
0.011680912
0.050325062
-0.001227724
0.002453943
-0.048973873
-0.063766812
0.023052004
0.027761232
-0.009168470
0.009168470
-0.046706388
-0.041847055
-0.030371133
0.000000000
-0.010332311
-0.016454970
0.011994079
-0.002985021
0.016308742
-0.035932120
0.031510523
0.016117570
-0.040034868
-0.003030407
0.040154270
0.067631305
-0.041730762
0.022472876
0.013793352
0.018996569
0.001343018
0.019934259
0.009168470
0.007792236
0.009014836
-0.024660506
0.010457552
0.024407199
-0.003814433
0.002544483
-0.019243741
0.024313497
0.018785815
-0.006222809
0.021001382
0.025348274
-0.025348274
-0.003674282
0.004896007
0.004872026
-0.010995757
-0.001229233
0.026700621
0.001196866
0.005963060
-0.011961891
-0.025595449
-0.041593904
0.012787792
0.016383567
-0.012578809
0.043350404
-0.006079059
-0.009803944
-0.058318270
0.019393022
-0.049879132
-0.005398164
0.025385548
-0.013280436
0.009314874
-0.025487712
0.013495510
-0.012137762
-0.042972721
0.025176268
0.001380237
-0.001380237
-0.030857996
0.002844899
-0.033216032
-0.001469480
0.023256732
0.046324089
-0.019391117
0.002793391
0.031574326
-0.030180624
-0.004187094
0.001397598
0.001395793
-0.001395793
-0.021172178
0.070228414
0.048029912
0.020075975
0.071887262
0.163847465
0.021360143
-0.052254316
0.026961105
0.014670221
0.037164732
-0.008454566
-0.022901933
0.018173683
0.000000000
0.014117912
-0.015066112
0.068739787
0.065147311
-0.056328893
-0.011479216
-0.020637778
-0.003633187
0.045361349
0.004338501
-0.007822760
-0.027423347
0.012478019
0.011448795
-0.007029866
0.007029866
0.030187781
-0.010247906
-0.005163426
0.052931270
0.006525357
-0.016393845
0.025297184
0.004823070
0.012749271
0.006314113
-0.004731946
-0.009531434
-0.008817611
-0.007272792
-0.010599423
-0.000819907
0.013040130
0.019246759
0.014978567
0.007017604
-0.026773327
0.009531434
0.028829533
0.038422793
-0.011148411
-0.001965180
0.016516882
0.031515925
