-0.013030769
0.018085517
0.034686330
0.020354064
-0.056160702
-0.018680037
0.027061473
0.042995750
-0.020452783
0.023114328
-0.064185507
-0.022923061
0.030266041
-0.028526255
-0.038341630
0.009576105
0.023543373
0.000578291
0.020148291
-0.040704714
0.074873437
-0.007740497
-0.024724147
-0.001704078
-0.005141480
0.039310203
-0.028489878
-0.013112693
0.033304261
0.023056801
-0.002717817
0.004340651
-0.013084725
-0.007714983
0.027281139
-0.001076380
0.032857515
-0.030705797
-0.008095636
-0.005437362
-0.024268060
-0.001116788
0.002786342
-0.016296469
-0.011966037
0.022676074
0.023818095
-0.017671555
0.008319862
0.019155898
0.034624014
-0.029221443
0.034963604
0.025691565
0.003545821
-0.021979985
-0.035238517
0.024849178
0.032369323
0.033802207
0.018402184
-0.005291700
0.012940617
-0.005251427
0.000000000
0.005251427
-0.011492892
-0.012606111
-0.004400092
0.018930115
0.005273935
-0.038514450
0.003473898
0.010349185
0.033734414
-0.016724963
-0.008712638
0.019258428
-0.003820257
-0.020128542
-0.010493967
0.016643317
-0.004868384
-0.024694244
0.014890500
-0.014890500
0.029562627
-0.043659015
0.038790631
0.001948190
-0.019166882
0.001484254
-0.013969606
-0.013154739
0.002038765
0.011115974
-0.020304488
0.000000000
-0.006174859
-0.002584538
0.013871642
-0.007164605
0.016306587
-0.016822835
0.008193207
-0.012831384
0.006691430
-0.002564573
-0.007229041
-0.004156749
-0.004168655
-0.002090947
0.014550461
0.006174859
0.005112245
-0.009226275
-0.009829151
-0.031163476
0.042026729
-0.031354602
0.016319434
-0.028064650
0.009620819
0.002124396
-0.008529744
0.032655305
-0.014088574
0.006806950
0.017075238
0.000000000
0.024331860
-0.021254478
-0.005641955
-0.000516945
-0.005162524
-0.008831196
-0.018968333
-0.010154996
0.002679145
0.018057567
-0.044667409
0.039393247
0.019906144
0.006719087
-0.013488955
-0.016319434
-0.028533116
-0.027688995
0.022209937
0.015261960
-0.018560559
-0.039902405
-0.025556664
-0.004714448
0.004714448
0.007036188
-0.007036188
-0.035930712
-0.023443132
-0.032999268
0.031750639
0.030773677
-0.024540191
-0.025164027
-0.020587856
-0.015069226
0.046430735
-0.047750901
0.005270590
0.002631642
-0.000659024
0.029100616
0.019563964
-0.018290750
0.040541924
-0.007364321
-0.079422724
0.005316212
-0.030295671
-0.012380093
-0.011135458
0.009061881
-0.017490152
0.033309225
0.014904090
-0.024501146
0.035872822
0.000660931
-0.010014785
0.015977014
0.035046566
-0.019967416
-0.001301399
-0.033117707
0.013377726
-0.023527999
0.016192701
0.021852823
0.004567865
0.034597395
-0.026802749
-0.007140055
0.005195463
-0.000644719
-0.011083052
0.015613180
0.037377298
0.020319198
-0.019070635
-0.013763931
-0.029392059
0.020541646
0.016380858
0.012422188
0.009214621
-0.015403324
0.000000000
0.035986332
-0.012055225
0.010856878
0.002395323
-0.024228049
0.012795614
-0.038256810
-0.010108408
0.001269306
-0.028320166
0.026412494
-0.005738148
0.002552938
-0.027801122
0.046126657
-0.020236298
-0.012217997
-0.002589311
0.007754335
0.014056618
-0.001907672
-0.037568399
-0.029470527
0.025504363
0.019681644
-0.012419031
-0.009922055
0.008606096
-0.025351214
0.013422476
-0.010055084
-0.041241464
-0.002809409
0.003514127
-0.013416975
0.012712257
-0.002109962
-0.004226043
-0.018529295
0.012153042
-0.014316107
0.015029837
0.045805608
-0.021943663
0.028708209
0.048016964
0.040285866
0.017122554
-0.037695038
0.014381493
0.023922629
0.006038937
-0.001810928
-0.035001686
-0.005640974
-0.011378249
0.008229268
0.046207554
0.014344017
-0.022809846
0.040459623
-0.031993795
-0.004831437
0.029211348
-0.043834981
0.024859077
0.026589788
-0.023599035
0.034613863
0.019419102
-0.007378993
0.013021825
0.045624769
0.012279392
-0.004788775
-0.015043119
-0.051666602
0.035288407
0.062918862
0.000000000
-0.007780426
-0.001041718
-0.024272946
0.038768487
0.036326454
0.005930695
-0.019395670
0.003007386
-0.015644231
-0.026287370
-0.008914803
-0.021299137
0.002688718
0.022292473
-0.011614736
0.031882654
0.003589621
-0.018624789
0.018624789
-0.011339358
0.005685779
-0.005165083
-0.002073426
-0.001043883
0.007251419
0.046379648
-0.000494829
-0.021922386
0.021812727
0.000000000
-0.011816184
0.002580632
0.007702178
-0.015983925
0.026162074
-0.002534842
0.015113711
-0.012072556
-0.012732626
-0.023859986
-0.023905610
-0.003231014
0.007522821
-0.020552238
0.011410127
-0.019640637
0.011503829
-0.001635348
-0.002731424
0.013583455
0.018712017
0.014199554
-0.007863748
0.000526240
0.043238816
-0.010635656
-0.023179079
0.027751061
-0.006100667
-0.001530973
0.023720407
0.007453513
0.006906738
0.022844246
-0.016961888
-0.000488835
-0.014778615
-0.009975090
0.004999931
0.029486259
-0.002909792
-0.001458153
0.081687558
-0.006746063
-0.002711295
0.017937741
-0.001779479
0.000000000
-0.004909565
0.010238255
-0.003549212
0.004876959
-0.007547182
0.006662259
-0.001772383
0.000443367
0.009704634
-0.005281783
-0.004866218
-0.003109089
0.003109089
0.012778332
-0.010563457
-0.000885315
0.001770031
0.003970717
-0.004855433
-0.004434527
-0.004454372
0.000000000
0.020765045
-0.001750574
0.022521508
-0.005583004
0.003868447
-0.000429099
0.000000000
-0.006890655
-0.007809135
0.003478408
-0.000868581
-0.003045333
0.009540322
-0.003025722
0.006472479
0.012820663
0.015171018
-0.002512559
0.006686165
-0.002501995
-0.005442756
-0.000419910
-0.004630595
0.007984774
0.004593982
0.001665218
0.004979253
0.001241013
0.005359686
-0.000822762
0.000000000
0.000000000
-0.001647387
0.002058916
-0.004948454
0.000000000
0.001652235
-0.001238878
-0.002482584
0.003308487
-0.003722787
0.006608964
-0.004538924
-0.002484468
0.003724284
0.002063207
0.005344305
-0.003696918
-0.002059636
0.000824372
-0.000824372
0.000000000
-0.002063930
0.001651468
-0.002064825
0.001239261
-0.004966716
-0.003741530
0.003741530
0.001658229
-0.002488504
0.002074205
-0.012091050
-0.008424604
-0.001693506
0.014721705
-0.002927123
0.009170648
0.004140813
0.003712081
-0.002473203
0.010264909
-0.001226303
0.005709685
-0.002035406
0.004878048
-0.013883483
0.001232854
-0.000410853
0.002052156
0.000409884
-0.004518288
0.018356565
0.002019052
0.013224030
0.000000000
0.000000000
0.000397851
0.001193099
-0.002786073
0.001592974
0.000397899
0.000397699
-0.001989998
0.000796549
-0.000398298
0.003974505
0.001981529
0.002372393
-0.002372393
-0.001981529
0.000793075
0.000000000
0.000396322
0.000396124
0.002768402
0.003097680
-0.000397319
0.001984528
0.001188919
0.000395938
0.001582268
0.003550955
-0.001971228
-0.001184531
0.001973562
-0.001578603
0.000394925
0.000000000
0.002759630
0.001966657
-0.003937026
0.000000000
0.001182663
0.000787706
0.000000000
0.001573635
0.000785809
0.001569929
0.001958791
0.001173532
-0.000782161
-0.000391371
-0.001566734
-0.001176673
0.002352084
-0.001175411
-0.001961986
0.002353930
0.000783467
0.000391323
0.000391371
-0.000391371
-0.000783080
0.000000000
0.000783080
0.001173532
0.001562530
-0.001953594
0.000781856
0.001171739
0.001560052
-0.001950466
0.003508088
0.003495864
0.000000000
0.003097155
-0.001160329
-0.002712656
0.000775830
0.000775109
-0.000775109
0.000387570
0.000774888
-0.000774888
-0.000775409
-0.000776171
-0.001553991
0.002718002
0.000775109
0.001161717
-0.000774368
0.001934697
0.001158984
0.000386003
0.001157196
0.002310304
0.001153232
-0.001153232
-0.001154524
0.001154524
-0.000769482
0.000384775
0.000000000
0.000000000
0.001153715
0.001152189
0.003066330
0.000765184
-0.003831514
0.001917632
-0.003838829
0.000384519
0.000384490
0.003452827
0.005347687
0.000000000
0.003042924
-0.001520285
0.000000000
0.000380161
0.000380290
0.000000000
0.000379950
0.000000000
0.000000000
0.000000000
0.000000000
0.000379884
0.000000000
0.000000000
0.000759296
-0.000379518
0.000000000
0.000379518
0.000000000
0.000758798
-0.000758798
0.002653025
0.001890646
0.001510071
0.000377162
-0.002265030
0.000755567
-0.002268416
0.000756788
0.005657132
0.003753809
0.001123243
0.000748295
0.000373918
0.000747379
0.000000000
-0.000373639
0.000000000
0.001493680
0.000000000
0.000745985
-0.001119129
0.001119129
0.000745429
0.000744950
0.000372172
-0.000372172
0.000744243
0.000371895
0.001486503
-0.001114632
0.001857017
0.000000000
-0.001485322
0.001856251
0.000741636
0.001851592
-0.000370120
0.000739990
0.000369695
0.000000000
-0.000369695
0.001108788
0.000738623
0.000369012
0.000368990
0.000000000
-0.000738002
0.000000000
0.002212337
0.000736372
-0.000368137
0.000000000
0.001839256
0.000000000
-0.001471119
0.000735830
-0.000367866
0.002205095
0.000000000
0.000000000
-0.000734479
-0.000367461
0.000367461
0.000000000
-0.000735019
-0.000735597
0.000000000
0.001470616
0.001101497
0.002565515
0.000365982
0.000731524
-0.000365676
0.000000000
0.001461903
-0.000365238
0.000000000
0.000365238
0.000000000
-0.001096227
0.001826491
0.000000000
0.000364838
-0.000729885
0.001459349
0.000364477
0.001092708
-0.001092708
0.002547811
-0.000363661
0.000363661
0.000000000
0.000726739
0.000000000
-0.000726739
0.001452876
0.000000000
0.000725759
0.000725158
-0.000362532
0.000000000
0.000724858
0.000362307
0.000000000
-0.000362307
0.000724370
-0.001086696
-0.000362532
-0.021254011
0.005540199
-0.071363477
-0.185967476
-0.047314311
-0.052292750
-0.040274037
0.040800130
-0.015372717
-0.001603756
-0.038728691
0.003331577
0.014309447
-0.014309447
0.006629870
0.030905070
-0.006964860
-0.003770542
0.012868832
-0.001066091
0.000000000
0.019541155
0.010405743
0.001551766
0.000000000
0.004125762
-0.012428868
-0.007322319
-0.016406849
0.015881915
0.003146284
0.046043883
0.031983053
-0.023023322
0.039830350
-0.012458150
-0.001447592
0.006737276
-0.012062815
-0.009756259
-0.009357382
0.022505940
0.000000000
0.011065783
0.016136976
0.004228428
0.005610122
0.015267391
-0.011544798
-0.001394391
0.013857035
0.025810838
-0.002237646
-0.010810842
0.004518683
0.006292159
0.007142884
0.021127493
-0.002616598
0.022026331
0.012311835
0.015906506
0.004971106
0.002063906
-0.007450357
-0.009182057
0.012500163
0.002068345
0.001238829
-0.002479281
0.001240451
0.010686339
0.004487131
-0.002444972
-0.008604851
-0.009510097
-0.002495782
-0.002502069
-0.007964839
0.009633580
-0.002504243
0.001670135
0.006652828
0.011127198
0.013433963
0.007252322
-0.012929467
0.003653339
-0.006504127
0.004882036
0.001622091
-0.011820010
0.004499896
-0.003270626
0.003270626
-0.002042867
-0.007389230
0.002880069
0.004100061
-0.005744787
-0.004123646
-0.004140892
0.000829568
-0.007908480
0.014931909
0.009832131
-0.002672842
-0.007885431
-0.025745363
-0.016814279
0.007364142
-0.010848520
-0.010967368
0.019655588
-0.020538203
-0.012886193
-0.020787021
0.008638404
-0.012298117
-0.001375789
-0.007369976
0.034979723
-0.007168464
0.027933570
-0.005260832
-0.015950758
-0.007171677
0.029694128
0.030533480
0.003382719
-0.016599746
-0.009053718
-0.030785187
0.000446484
-0.004025962
-0.006294911
-0.003162424
-0.010919109
-0.015675743
0.015218227
0.009111566
0.004524907
-0.010894327
-0.000456472
-0.004118161
-0.005978327
-0.001846728
-0.007886864
0.009272182
-0.006481428
0.000000000
0.019319787
-0.003651222
0.003195582
-0.012844248
0.002766214
0.008253211
0.006825891
0.001812513
0.009909881
-0.003592199
0.000449697
0.002245730
-0.002695427
0.007618161
-0.001340051
-0.007178294
-0.004060381
-0.007259626
-0.009608792
0.004587223
0.004566137
0.001365767
-0.003646229
-0.000456773
-0.006416125
-0.006920462
-0.013986280
0.007017687
0.020761953
-0.004576726
-0.000458775
0.002749827
0.000000000
-0.006428002
0.009170148
-0.011475897
0.002766214
0.001380313
-0.005532580
0.015141372
-0.002735895
0.009090950
0.039916625
-0.008733748
0.020834144
-0.002150126
0.003437959
-0.004730187
0.012422510
0.033078256
-0.008271452
-0.004161482
-0.010901606
-0.003378305
0.008844049
-0.003780733
-0.002528453
0.001264983
0.003365642
-0.000840338
0.003357125
-0.008413997
0.009251435
0.031722540
0.033496006
0.001175822
-0.017384918
-0.017286910
-0.013472337
0.017923177
0.015224613
0.009891264
0.016012844
-0.019957673
0.000000000
0.000000000
-0.009132428
-0.002796095
0.000000000
0.011928523
-0.015936555
-0.000803579
0.010793699
0.020854559
0.013537238
-0.001153145
-0.006947211
0.006947211
-0.003467592
0.001542698
0.007295040
0.013300593
0.004143924
0.000000000
-0.011342308
-0.000380263
-0.003810952
-0.007665870
-0.011609990
0.011994720
0.044752727
-0.010723039
0.001485964
-0.000371303
0.000371303
-0.005956809
-0.004116089
-0.006772015
0.006021826
0.013047751
0.003696872
0.003683293
-0.007750605
-0.000370615
0.018726465
0.008331895
0.009693119
0.007474695
0.009880064
0.012907977
