-0.021847502
0.000000000
0.051021059
-0.009243269
-0.043897916
-0.031103406
0.015826567
0.006750709
0.013667521
0.023846172
-0.062282795
-0.005028469
0.017179948
0.005559009
-0.023684591
-0.005058355
0.020703426
-0.007166302
0.028969495
-0.050462311
0.053495488
0.000302701
-0.030743236
-0.019228306
-0.006065364
0.025606002
-0.035905530
0.010939725
0.019959443
0.045378726
-0.025194958
-0.011750062
-0.012204955
0.010959949
-0.005621508
0.020152709
0.037057899
0.015554244
-0.008480807
-0.011222917
-0.027398988
-0.011049773
0.014097742
-0.038466378
0.017244508
-0.000621725
0.030931773
-0.030931773
0.012057633
0.015551247
0.030982690
-0.017458742
0.025347745
0.008115920
-0.018942607
-0.007085967
-0.022775943
0.002119523
0.027448163
-0.002357146
0.037630918
0.014384763
0.028707413
-0.046506904
-0.003712633
-0.023741839
0.044973983
0.019418151
-0.032954921
0.017171759
-0.009253123
-0.005649661
-0.005966752
-0.003139842
0.011370290
-0.005879585
-0.002338658
0.013372441
-0.013079823
-0.008225481
0.016964298
0.028589773
-0.009344499
-0.010294678
-0.001150371
0.004593778
-0.000286569
-0.020261128
-0.023669750
0.043930878
-0.009211373
0.017202282
-0.024458063
-0.012899614
-0.007701445
0.029879165
-0.022177720
0.007349675
-0.017432944
-0.027498341
0.028987650
-0.010471381
0.015518149
-0.023368305
-0.012813033
0.020663189
0.007192240
0.005954044
-0.018574457
-0.002725083
0.023079011
0.004434621
0.006175463
-0.009721534
0.002955841
0.005592447
0.001759497
-0.019826172
0.048420091
-0.031822129
0.027827813
-0.010922779
0.007486415
0.012542987
-0.033120354
0.009616711
0.000579962
0.024339105
0.006485396
0.015339750
-0.001662121
-0.004724166
-0.012896244
-0.001694439
-0.018830683
0.002301370
-0.022962717
-0.022599886
0.019360376
-0.001771591
-0.018190446
0.030233558
0.049276582
-0.027614970
-0.004295229
-0.030592216
-0.006530184
-0.019546501
-0.016225537
0.004618819
-0.013609853
-0.011274759
0.007843117
-0.011629849
0.017860343
-0.026433216
0.006357322
-0.027302165
-0.024057881
-0.010731185
0.053818768
0.008589275
-0.003808246
-0.014411856
-0.056399695
0.015241698
0.019967248
-0.019967248
0.017988515
0.006909007
0.047383993
0.007166259
0.044924030
-0.001187918
0.024946270
-0.002902716
-0.038221280
-0.011237763
-0.020053060
-0.009078286
0.000628824
-0.008521425
-0.001586117
0.009793141
0.025757777
-0.027015984
0.020253012
0.013176253
-0.023718796
-0.011916245
-0.011740559
0.011740559
0.018131173
-0.012155513
0.018947717
0.006135047
0.025363674
-0.007181332
0.002998494
0.016332908
-0.006204803
-0.060791287
0.014073611
-0.005293413
-0.026896024
0.041463125
0.033286034
0.011246112
0.020967525
-0.044189831
-0.025935933
0.000309154
0.028333977
-0.090485669
-0.001974987
0.000329442
-0.003299154
0.004615839
0.000000000
0.011447515
-0.015072374
0.000329932
0.002636883
-0.039615741
-0.017271494
-0.025049885
-0.024594413
0.003289925
-0.014705971
-0.011173268
-0.018141344
0.025975547
-0.021409229
-0.021101770
-0.055813646
0.014652196
0.037665593
0.018886557
-0.051313356
-0.029365884
-0.006644637
0.020619283
-0.031932826
-0.005493374
0.029229505
-0.054982033
-0.022423451
-0.004009840
-0.049415368
-0.047056231
0.010271474
-0.000486627
-0.029144966
-0.023841053
-0.019699819
-0.051017897
-0.016666938
-0.005618046
0.008415174
0.059638237
-0.015915280
0.071200793
0.027990968
0.065597268
0.000000000
-0.051173865
0.042977144
0.037249179
0.034635343
0.018967901
-0.069589668
0.001789003
0.000893275
0.035091435
0.033901301
-0.027885033
-0.023408229
0.063715850
-0.056287261
0.001305228
0.008658144
-0.042259860
0.039237780
0.026452110
-0.003373921
0.066991198
0.067226393
0.007727627
0.030682840
-0.046943261
-0.022608284
0.085422268
-0.020502848
-0.095488639
0.009775221
0.069148572
0.015492908
0.082981137
-0.024651444
-0.056900579
0.007469388
0.024502297
0.018160615
0.003051392
-0.031989033
0.035705921
-0.077824876
-0.007685250
-0.020787908
-0.001501304
0.045529109
-0.029504934
0.027708595
0.044655050
-0.049340513
0.028843076
-0.020926478
0.014234945
0.003175192
0.009814351
0.006258849
0.003805487
0.026577283
-0.001009191
-0.005118304
-0.002121493
-0.017857654
-0.003610171
-0.020092026
0.015742666
-0.027994509
0.036674351
-0.009770123
0.039220553
-0.072871358
-0.031712314
-0.018414011
-0.031327750
0.003665324
-0.004073536
-0.016876169
-0.030343625
0.023261858
-0.002511583
-0.015628833
0.008056064
-0.008907826
0.030629719
-0.001240498
0.002892023
0.007398322
0.062693918
-0.007721900
-0.017201292
0.007855350
-0.018559257
0.012279949
0.041640543
0.011265615
0.022887576
0.043562807
-0.003149553
0.045228611
-0.024416316
-0.002750043
0.029842838
0.024097548
-0.048105400
0.003757441
0.017908914
0.023826375
-0.015156757
-0.021477385
0.031388197
0.063675220
-0.003708172
0.008324241
0.022466128
-0.004211847
0.025596515
0.007611389
-0.014393041
0.002659310
0.008227862
-0.012960297
-0.014934459
-0.021905462
-0.004624463
-0.006510696
0.009287961
-0.030030478
0.006015571
0.020000713
-0.004962819
-0.028064187
-0.006738410
0.005138015
0.021547067
-0.007867693
0.042677977
0.010840236
0.017221427
0.000588494
0.004989128
-0.023997728
-0.004206749
0.018497045
0.018160972
-0.033351195
0.026360034
-0.022765068
-0.014458170
0.013261354
0.039623557
0.007739820
0.000856193
0.009088445
-0.054617075
0.005657303
-0.048983243
0.008074731
0.031961306
-0.020581954
0.017581461
0.027269166
-0.005865180
0.023256899
-0.002301494
0.002588902
-0.010395791
0.000580399
-0.002032925
-0.022637860
0.004154180
-0.007430470
0.014218159
0.002936838
-0.011206254
0.017345847
0.007549335
0.012361799
0.009384379
0.022944473
0.028631893
-0.005390841
0.004852952
-0.007559453
-0.009256744
-0.010171985
0.001932341
-0.004145340
0.008548301
0.003563196
-0.020453956
-0.012646019
-0.018265356
0.049722253
0.000000000
-0.037698127
-0.077177372
-0.131907800
-0.026298630
0.048155549
-0.045278803
0.014260597
0.033417489
-0.006870469
0.014713686
-0.025108878
0.022387711
0.019228202
-0.032255350
-0.001035742
-0.047030192
0.005416200
-0.016703322
0.015622384
0.023865886
0.006315823
0.001048777
-0.011597362
0.009848776
-0.026961511
0.000359465
0.025551474
-0.053619737
0.006265060
-0.019662952
0.003739737
-0.016181051
0.016927297
0.009281560
-0.000369650
0.011395213
-0.005865025
0.071978433
-0.009970672
-0.013918212
0.014608996
-0.010762284
0.001743831
0.045299726
0.046202095
-0.005100343
0.000319342
0.014904490
-0.008852513
-0.011819235
-0.001929898
0.023230953
0.010638365
0.003727865
0.002477691
-0.042976837
0.037393613
-0.009375148
0.019895014
0.007970620
-0.015695032
0.012330632
0.006413125
-0.012867789
0.004307639
0.021264638
-0.028042246
0.032839814
0.041886290
-0.012992862
0.008392583
0.004313419
-0.011253899
-0.008158611
-0.014142821
0.000000000
-0.009540835
0.030390164
0.016143411
0.011373403
-0.025194473
-0.046285476
0.029031150
0.026202214
-0.041360971
0.036463958
0.010056106
-0.012079628
-0.016630515
-0.037468803
-0.011056572
0.015323654
0.005157015
-0.007593175
-0.009803951
0.009803951
-0.018462001
0.016631078
-0.014459628
-0.003414493
-0.026785825
-0.017722451
0.008739445
-0.019854346
0.004918891
-0.012839714
-0.022111364
0.021779974
0.000993841
-0.004646553
0.010918199
-0.017593703
0.005344027
-0.008698624
-0.035919819
0.015895249
0.035128342
-0.028049261
-0.022497732
-0.009745203
-0.040351374
0.063066939
0.034024378
0.005323874
0.033075233
0.003418665
0.040139193
-0.017196189
-0.134770982
0.052056362
-0.036904604
0.022305851
0.039291427
-0.011733601
0.001429541
0.000000000
0.007117485
-0.012488904
-0.010104813
0.011181344
-0.024692479
0.014598753
0.008658028
-0.079982940
-0.026815431
0.005182478
-0.003984166
0.017019945
0.000000000
0.007039597
-0.006254983
-0.027028617
-0.023233143
0.026852661
-0.004425638
0.016397080
-0.005568781
-0.025860027
-0.006983012
0.011067995
0.006906504
-0.001215481
-0.004061754
0.032829193
-0.015479438
0.039220676
-0.006947135
0.014610026
-0.007662891
0.012232464
0.003034961
-0.002654972
-0.001140108
0.007575812
0.000000000
-0.002266615
0.015387632
-0.001863835
-0.022642447
-0.012675517
0.001545028
0.003467598
0.013371748
-0.018770951
-0.000773645
0.024843578
0.000377426
-0.022515755
-0.025802920
0.048318675
0.089806231
-0.047325235
0.012578714
-0.010772044
0.033022773
0.012840714
0.022166291
0.007392517
0.010987234
-0.020067612
-0.001352216
-0.020851825
0.004480296
-0.011760671
0.019297546
-0.003076336
-0.011015659
0.007929793
0.000000000
0.000000000
0.009229215
0.001699874
0.001357762
-0.002377294
0.006101661
-0.001352748
-0.011572603
0.014613597
-0.005073497
-0.008171616
-0.013769614
-0.009752770
-0.026601996
0.012147319
0.002482729
0.014768151
0.012487238
-0.002415894
0.006543718
-0.009658496
-0.002429232
0.021654053
-0.013694149
0.000000000
-0.028318723
-0.008904702
-0.024630030
-0.006253496
0.028375855
0.002507671
-0.042015312
-0.003738249
-0.001874522
0.002248857
-0.009025975
-0.026412959
-0.031123419
-0.011672268
0.000000000
-0.002026549
-0.001217680
-0.032613913
0.022817866
-0.015709295
-0.001250771
-0.010484477
-0.028219005
0.000000000
0.021026219
-0.003402781
0.000000000
-0.001279034
0.038087970
0.034312114
-0.014791355
-0.040268487
0.013741693
0.000826826
-0.047819708
0.012063998
0.007254170
-0.027588147
0.005231292
-0.022868381
0.018510873
-0.004814978
0.005688048
0.012573316
-0.025306687
0.019689909
-0.008703392
-0.029720422
0.033646431
0.031285952
0.003369953
0.000000000
0.017094423
0.014772403
0.016162008
0.000000000
0.007031744
-0.018848692
-0.005512000
0.016027369
0.004175232
-0.007108554
0.003351502
-0.000418181
-0.023281477
-0.003432019
0.006852209
-0.022443698
-0.015838486
0.011025544
-0.004395650
0.004834094
0.025109564
0.000000000
0.029903243
0.016461248
-0.001634036
0.002042193
0.002851841
-0.015580418
-0.033189345
0.015681564
-0.008021993
-0.008086911
-0.009014801
0.051271713
-0.000409829
-0.002872823
0.004920033
0.008146541
-0.004065039
0.001628094
0.032409212
0.034059100
-0.018046254
-0.017983204
0.002364096
0.001572910
0.000392841
-0.018232728
0.002397112
0.020928681
0.020116763
0.029064106
0.005564913
-0.016036171
0.007117463
0.027973719
-0.005824496
-0.005124500
0.000000000
-0.003676352
-0.021594303
0.013829371
-0.025565314
-0.013032024
0.006153928
-0.004997054
0.003846030
-0.002690736
0.010339024
-0.013423037
-0.027398967
0.012618425
0.026678562
0.003808111
-0.031270620
-0.038781635
0.029325350
-0.000792186
0.003954255
-0.008321925
0.006346731
0.006306663
-0.005911379
0.049354710
0.013453086
-0.005583438
-0.029932262
-0.017067806
0.013214324
-0.015564489
-0.005111086
-0.018298088
0.035492624
-0.012475758
-0.033509354
-0.020492486
0.031500313
-0.031917614
-0.012131536
0.022472821
0.026397511
0.003600851
-0.007616894
-0.009298621
-0.044433435
-0.000424555
-0.001700696
0.003398505
0.016821099
-0.033930177
-0.023130025
-0.006644545
0.017621531
-0.027896395
-0.008115420
0.036011814
-0.001310765
-0.031537282
-0.024773698
0.027938596
0.031127482
-0.053507954
0.000923414
0.006898129
-0.007821543
-0.037651458
0.020883492
0.029162111
0.001822926
0.029611965
0.016659787
-0.017544356
-0.004434527
-0.011173289
-0.013119580
-0.010528663
-0.019048222
-0.019896446
-0.006721035
0.000962983
0.000961855
0.032169255
-0.007945841
0.009806366
0.000000000
0.003710550
-0.013047687
-0.012270058
-0.026950661
0.031687687
0.001888634
0.012189424
0.008352810
-0.031450703
-0.012958987
-0.034401557
-0.033039790
0.014366557
0.028623720
0.000000000
0.034544860
-0.000478382
0.020834097
-0.050948032
0.009325090
-0.033278405
-0.020408819
0.039914338
0.000495252
0.014254201
-0.018719651
0.013827401
-0.004423851
0.004423851
0.002938313
0.011667518
0.014871949
-0.020688717
-0.000972768
-0.024631762
0.014851784
0.031917518
0.014177908
0.001406881
0.021785231
0.017723873
-0.032039425
0.000000000
-0.027825395
0.014245230
0.009385383
-0.016007909
0.066109437
0.037065492
0.029109793
-0.006256505
0.081907730
-0.004249574
-0.026281169
0.002778242
0.014558727
0.001951169
-0.024468512
-0.009634684
0.010433368
0.005970219
-0.002383804
-0.030287046
0.024702764
0.025667695
-0.011370523
0.036395841
-0.002665139
0.033367746
0.020799849
-0.006885388
-0.015021293
-0.003327827
0.039576775
-0.015064852
0.005406402
0.010014442
0.020430435
-0.005945126
0.001402004
0.019424851
-0.005511619
0.025576923
0.071772346
0.016781026
0.004611789
-0.003072151
0.027315827
-0.009022697
0.032692471
-0.033599184
-0.017386417
-0.020830843
0.005326673
-0.017654962
0.028223936
0.004935196
-0.003081618
-0.003091273
-0.028896471
-0.000956435
-0.048359613
0.001338212
0.007991988
0.049406919
