-0.061186808
-0.040184929
0.014621776
0.012088437
-0.031498675
-0.064431828
0.056399617
0.011227097
0.050535485
-0.017205537
-0.052654147
0.043744516
0.004270910
0.050983398
0.005141326
-0.005509683
-0.024232204
-0.027157865
0.009647043
-0.059737009
0.020178099
0.022126756
-0.006272110
0.034779278
-0.041882764
0.025416604
0.017225391
0.006431032
0.050727393
-0.002512012
0.006089981
-0.014388762
0.007220195
-0.023659045
0.012809153
-0.005469501
0.026341026
0.007450764
-0.009946653
-0.010768368
-0.023367314
-0.004442756
-0.010069188
-0.010550152
-0.000757793
0.009056608
-0.009435766
-0.030025239
0.009334850
0.025230687
0.055437256
-0.022391726
0.019530541
-0.000716784
0.005362056
0.037093224
-0.020476420
-0.043718820
0.014906737
0.006474813
0.038337865
0.000689662
-0.007267559
0.017900626
0.008493299
-0.014310298
0.008882842
0.006779720
-0.013605593
0.020339535
-0.017945240
-0.012721458
-0.004508380
0.036516581
0.006680124
-0.019496533
-0.016772714
0.015753877
-0.018172954
0.020548683
-0.006254419
-0.040807690
0.021315274
-0.032871841
0.007598935
-0.035219918
0.011878393
0.012832316
0.011229959
-0.001802679
-0.002167635
-0.010909218
0.018116412
0.006799208
-0.006799208
-0.009017137
-0.030533864
0.002611340
-0.034107103
-0.030530802
-0.001591013
0.029033066
0.010004025
-0.014266856
0.002714732
0.016897636
0.016616529
0.000000000
-0.011299531
-0.023377156
-0.025129032
0.001986324
0.031252533
-0.024135243
0.017187939
0.018419633
-0.004955338
-0.013464294
0.006947304
-0.030062954
-0.003175904
-0.012805209
-0.029840781
-0.012946355
-0.033771235
-0.008295054
-0.005715691
0.032106868
0.006808464
0.011385444
-0.031086247
-0.016132893
-0.022222998
-0.020432129
-0.025082586
-0.002354760
-0.023855946
-0.002901419
0.012033881
-0.012033881
-0.007778391
0.000975826
0.014040245
-0.019908242
-0.006889842
-0.011922786
0.021750813
-0.022250589
0.019312404
0.012670562
-0.007290388
-0.014742189
0.000000000
-0.035268282
-0.020725939
-0.013706323
-0.046722109
0.012710865
-0.019967287
0.018318677
0.031937534
0.028363297
-0.010934655
-0.051017707
-0.027934936
0.002828906
0.049596765
0.038496928
0.023518464
-0.048663950
0.004235101
0.017282408
0.045511148
-0.024060619
0.036127213
0.003492182
-0.027772571
-0.012365002
0.008774357
-0.040372625
0.005868291
0.016354889
-0.009463749
0.003690990
0.057772105
0.015771906
0.042131559
-0.005170492
0.047398047
0.040084538
-0.026691561
0.037001001
-0.041445461
0.004444460
-0.015642781
0.016086064
0.010582182
0.024264617
-0.013793349
0.037483115
-0.010084188
-0.005929620
0.007195737
0.005887378
-0.016913705
0.052337478
0.028328230
-0.006710100
0.023871195
-0.019918567
-0.013902955
0.015085666
0.014473078
0.028710273
-0.026770428
-0.007782110
0.000000000
0.000781085
0.014723178
0.002688627
0.004974260
-0.042891554
0.012275044
-0.009887454
-0.043043723
0.026613820
0.001614908
0.025095755
-0.020668503
0.008000152
-0.028284768
0.049180432
-0.011774052
-0.013113688
-0.001601237
-0.000400651
0.003999871
0.009535298
-0.034597145
-0.001228828
0.008163326
0.007290447
0.021162668
0.004336676
-0.008692148
-0.048790304
0.004987747
-0.019255747
-0.011049707
0.000000000
0.001708046
-0.054802407
0.035852624
0.005203735
-0.013937534
-0.025767802
-0.005415080
0.023256801
-0.000884566
0.036920633
0.002129855
0.021053401
0.023879320
0.022527189
-0.001194056
-0.020519793
-0.025526392
0.003330617
-0.028669660
0.008517755
-0.029261891
0.027988989
0.031761881
0.008193521
-0.004498146
0.000000000
0.012672389
0.034803884
0.010806679
0.031736251
0.003849239
0.000384014
0.026900660
0.024008568
0.008359028
0.018289900
0.013413614
-0.012348157
-0.001776408
0.007793110
0.014015603
0.000348009
0.002778767
-0.011161661
0.006990569
0.053902238
0.003623744
0.007861188
0.025448404
0.001906558
-0.016000437
0.019802645
0.005047371
-0.001259420
-0.011088363
0.014547950
-0.081404181
0.003739624
-0.012978275
0.017379799
0.017083122
-0.010349111
0.015318404
0.033471828
0.000319469
0.015219153
-0.002520465
0.029528169
-0.009230911
-0.004337023
-0.032500080
-0.018123438
0.062658836
-0.015456245
-0.008132665
-0.012642317
-0.008624945
0.013067950
-0.009864846
0.011130607
-0.017225303
0.015642797
0.019759170
0.038981835
0.023322179
0.017562908
0.031702776
-0.023827810
-0.026197110
0.008020199
0.000000000
-0.010110103
0.003877786
-0.017720826
-0.003643036
-0.001521809
0.013914326
0.005691143
0.003875474
0.011536817
-0.004716970
0.015249639
-0.015840931
-0.030318883
0.006985622
-0.035113006
0.008428286
0.000932149
0.016631236
0.018160255
0.008957950
-0.028340737
0.007312531
-0.036794969
0.022423926
0.026741127
-0.009036199
0.007836176
0.011343237
0.007098576
-0.006505069
0.017059222
-0.002627934
0.008733607
0.007220172
-0.004036861
-0.006086078
0.014430306
-0.031434642
0.015258525
0.004648580
0.004338382
-0.012195341
-0.003805079
-0.016260436
0.019188868
-0.005571291
0.003815261
-0.002639824
-0.009442213
-0.021880083
-0.010662736
-0.012326813
0.047830008
-0.009802739
0.012164752
0.007052617
-0.002932792
0.000293808
0.006438339
0.020785964
0.031775514
0.003040038
-0.011657243
-0.019166276
0.002841822
0.017161595
0.007226383
0.002765466
0.010712917
0.051907920
-0.024420525
0.000265871
0.010573926
0.006029395
-0.009453674
-0.003965796
-0.026847088
0.004614985
-0.028573149
-0.010365846
0.015647163
-0.020163227
0.009011761
0.037958432
0.017391644
-0.006920463
-0.005087602
-0.020887902
0.006012669
0.032174420
-0.011143597
0.006117693
0.015785723
-0.005496751
0.040633147
0.018724715
-0.000742162
-0.009700669
0.009948053
0.026134098
-0.000723585
0.006013292
0.048676000
-0.039604454
0.009460703
0.019811968
-0.014880577
0.007002928
-0.041801665
0.040404778
-0.007247146
0.007014181
-0.028596935
-0.026234166
0.000738155
0.045199943
0.016552393
-0.024576926
-0.036192178
-0.095310227
0.026668324
-0.026668324
-0.041385246
0.040033158
0.019298100
0.010037181
-0.014026912
0.010604436
0.013880176
0.001299491
-0.008084740
0.033220586
-0.034792741
0.001572156
-0.031655645
0.052900004
-0.002823637
0.003573403
0.011938939
-0.015076889
-0.007866140
-0.018747879
0.020899081
-0.002151202
-0.027286725
0.005517146
0.004665992
0.016295677
-0.006215220
-0.010628333
-0.021881544
0.055819517
0.010275610
-0.026562120
0.045516293
0.000514347
-0.001801109
-0.023450956
0.015175657
-0.024445971
0.010060978
0.015163781
0.002073584
-0.006755126
0.035343114
-0.013171500
0.009137152
0.017282829
0.001240778
0.012324543
-0.001225570
-0.005410791
-0.010909997
0.003981038
0.008653737
0.015633043
0.033133650
-0.001173029
-0.009670990
-0.018660793
0.002652777
0.010303202
-0.007897576
0.011941875
0.010157175
-0.003531544
0.004705874
0.009345930
0.009489752
-0.051281223
-0.012934975
-0.020097338
-0.022814761
0.007917400
-0.023161265
0.024432325
-0.030962227
-0.004201740
0.018253433
-0.016675612
0.024397686
-0.041356327
0.028453024
0.002853084
-0.019880440
0.002902038
-0.040317117
0.031054163
-0.021500464
0.022032060
0.005036472
0.031236272
-0.003079985
-0.015283379
0.014254531
0.001028847
-0.017635449
-0.006035998
-0.000526472
0.019043065
0.002580693
-0.008021692
0.010595853
-0.018158837
0.004179674
-0.017355105
-0.026883360
-0.012889213
0.009887510
0.011142891
-0.032132424
-0.003634730
0.038735732
0.015949563
-0.023672902
-0.035439633
0.017451377
0.028793198
0.019105323
0.017685396
-0.015525004
0.012332565
0.012445545
0.030325038
-0.015695583
-0.087483008
0.012935941
-0.027763825
0.023283289
0.008662939
0.009966816
0.007137007
0.000000000
0.001093499
-0.015696384
0.014329295
-0.014884574
-0.041968143
-0.003771841
0.000290565
-0.033691123
-0.029898443
-0.018440885
-0.012698706
0.012698706
0.000000000
-0.019108877
0.005771088
-0.018716309
-0.014105455
0.017032809
0.032276333
0.027908811
0.013064226
0.019429527
0.017315163
0.006091507
-0.011049822
0.006121449
-0.014637112
-0.006212239
-0.014947932
0.004507853
0.004189258
0.029712409
0.024338933
0.004234382
-0.001409361
-0.001411439
0.022899525
-0.011663522
-0.008415204
0.005618075
0.007256405
-0.005856937
0.007524103
-0.010605724
0.012824259
-0.021277402
0.010135295
-0.016380110
0.026136180
0.031133036
-0.017358740
-0.009898392
-0.001105778
-0.004157940
0.023607913
0.015879742
-0.003745255
-0.009695782
0.018767359
-0.012293127
0.008300949
0.004788538
0.012396417
0.007832944
0.006739162
-0.000775162
-0.008568317
0.006238703
0.009285664
0.007417841
-0.002296115
-0.003838954
0.000000000
-0.007980404
0.004384294
0.000257302
0.008964115
-0.010766675
0.014329861
-0.018720814
-0.001036115
0.010568436
-0.002310261
-0.028942283
0.000264628
-0.001853142
-0.032586643
-0.014614820
0.005540030
0.014534776
0.028450752
0.018094021
-0.007826787
-0.008152612
-0.011152525
0.023747728
-0.002610897
0.000000000
0.030129684
-0.013278975
-0.016589277
0.004693640
-0.007834990
0.009394682
-0.009656937
0.001572279
-0.004987508
-0.003691030
0.006581653
-0.032265191
0.013459211
-0.010752838
0.000000000
0.001350360
0.004309181
-0.029453954
0.023794413
0.003237981
-0.023440834
0.006049102
-0.038278194
0.000000000
0.010483124
0.017600754
0.000000000
0.010742356
0.006281627
0.007324085
-0.013331746
0.004100093
0.000545350
-0.003550477
-0.019895655
-0.004475610
0.014196601
-0.018973778
-0.006499891
0.006218249
-0.021071576
0.013434650
0.023292714
0.050571695
0.002370727
0.025712285
-0.006172805
0.008477957
0.022762761
0.020787668
0.004154954
0.000000000
0.004137659
0.000728602
0.007255075
0.000000000
0.024986386
0.000000000
-0.002352878
0.010311732
-0.008664134
-0.027902179
-0.019536598
0.010060244
0.017905099
-0.000479683
-0.022320261
0.029968439
0.011834534
-0.003063624
-0.010677471
0.015856413
0.037105298
0.000000000
0.023035801
0.009243110
-0.028214765
-0.016814710
0.008215508
0.000227176
-0.008213538
0.018161662
-0.002026808
-0.023723795
0.002305704
-0.008557825
0.008327537
-0.011817982
0.039982581
0.042102154
0.026069084
-0.015177356
-0.023641752
0.002606419
-0.034874436
-0.026170563
0.020991003
0.000225689
-0.009298118
0.009523851
-0.003844073
-0.013456685
0.035859200
-0.008007195
-0.033609051
-0.000692962
-0.011856667
0.021973944
-0.026192192
-0.011337043
0.015789251
-0.016977535
-0.001904192
0.012313605
-0.021409018
-0.019177730
0.017252254
-0.021181498
-0.000984741
-0.007416604
-0.010727328
-0.007300094
-0.019903833
0.002831107
0.039062477
-0.000494466
-0.024785271
-0.026716268
0.022652263
-0.015647295
-0.017736615
0.001314958
-0.006592066
0.045256601
-0.005069581
0.024351517
-0.000496105
-0.012987226
-0.001509361
-0.029472510
-0.018848188
-0.006818504
0.011158093
0.025385477
-0.007947170
0.038862660
0.012962385
0.018762316
-0.009712418
0.008472480
-0.007472015
-0.000500069
0.008964188
0.014519786
-0.018742954
-0.013786370
-0.055526522
0.022686211
0.011926520
-0.009061458
0.001299452
-0.005469393
-0.002876944
-0.039807721
-0.024556265
0.013869792
-0.018910442
0.001122380
-0.021542795
-0.008344086
0.010347846
0.004849511
-0.003420692
-0.000571318
0.011081207
0.006758703
0.006155582
-0.019434468
0.000568603
0.000000000
-0.011147724
0.012851856
0.009320776
-0.004225997
0.022058695
0.022663134
-0.013043697
0.039683551
0.005766614
-0.029171997
0.014161831
0.021263460
-0.015179624
0.040822082
-0.038451419
0.017473423
0.014119077
-0.016189476
0.005167944
0.008980294
-0.060002350
0.002167551
0.040832755
0.029944664
-0.022696401
0.021434876
-0.002780937
-0.026421974
-0.044380826
-0.008185585
0.028361050
-0.005072659
-0.005367754
-0.029494168
0.000554108
-0.025246783
0.049871831
-0.010869728
-0.015696325
0.024943133
-0.031626436
0.028644195
-0.045550855
-0.011144539
0.006302051
-0.002859742
-0.022004286
0.007582374
-0.004367410
-0.023919668
0.012178969
-0.021486883
0.008410929
-0.003295850
-0.008136260
0.004528356
-0.002412676
-0.001813095
-0.006372500
0.001521053
0.002428542
-0.017125783
-0.000308464
-0.020574241
0.026419453
0.019140910
0.003604623
0.043995367
0.026056440
-0.021475830
-0.010335992
-0.012195327
-0.020065597
0.033126341
0.019135192
0.014045233
0.044997407
-0.009646470
0.012309506
-0.104769607
-0.029065788
0.023438520
-0.034751874
-0.000615158
-0.007722094
0.012326907
0.108449112
0.000274844
-0.041509222
-0.040022850
0.022400126
-0.023593015
-0.028452301
0.025762828
0.029192762
-0.021740066
-0.000297011
-0.006856449
-0.009920378
-0.036300548
0.018622513
-0.000922863
0.041892522
0.016974307
0.022098741
-0.015734826
-0.030149996
0.000891003
0.017949664
-0.023009901
-0.012914961
0.002113794
0.008111693
-0.002696481
-0.016944472
0.013036435
-0.012121391
-0.024067782
0.009016044
0.009548752
-0.003685439
0.029110557
