-0.050464912
0.077651151
0.103634910
-0.033365846
-0.043802397
-0.016933639
-0.034752588
-0.027890355
-0.016293556
0.057842471
-0.068162300
0.050566747
0.036790371
0.018832848
-0.069526174
0.003992001
-0.046899404
-0.047017222
-0.037908601
-0.046520055
0.037387620
0.042655087
-0.026727783
0.000000000
0.031113732
0.085916625
0.004008001
0.007968129
-0.044631921
0.022564817
0.020081138
0.023576609
0.024929373
-0.042559635
0.023438692
0.000000000
-0.007752175
0.005819699
0.000000000
0.005786025
0.007662833
-0.034955074
-0.005946347
0.029385039
-0.001932476
0.009624782
0.064191290
0.025831652
0.016260645
0.047252833
-0.025975619
-0.026667962
0.057758587
0.008467494
-0.013582501
0.038562915
-0.006600562
-0.073853342
0.017668393
-0.052123301
0.029093065
0.008920501
0.029748545
-0.013889266
-0.019417936
0.007104903
0.012313033
-0.007017444
0.041385264
0.070118224
0.029482539
-0.061485248
-0.004889895
0.072472610
0.081677905
0.000000000
0.102415159
-0.006341058
-0.007662881
0.029060702
0.077836974
0.041743255
0.000000000
-0.082901401
-0.037924911
0.073306004
-0.036582272
-0.048009205
0.001260365
-0.005050571
-0.042669664
-0.057080776
0.027587935
-0.001361445
-0.022039376
-0.002789515
-0.028330485
0.012848241
-0.068992979
-0.069210025
0.027310998
0.067406845
-0.036203090
-0.050404367
-0.021225279
0.009852308
-0.008203533
0.004930269
0.014646236
-0.024531006
-0.044000311
-0.015693555
0.013961985
-0.012206091
-0.003514877
0.001758983
-0.014159476
-0.041862212
0.038290846
-0.047628249
-0.026617500
-0.025367207
-0.021978736
-0.039139910
0.024897578
0.010193580
-0.056323485
-0.030503404
0.070466667
-0.012448308
-0.031815957
-0.010834397
-0.022027435
-0.040914577
-0.059754947
-0.035091258
0.025190078
-0.015037895
-0.041242802
0.100083370
-0.011976252
-0.002412502
0.049479977
0.000000000
0.004587080
-0.002290910
-0.032636878
-0.048553188
-0.004987449
-0.022756861
0.017744117
-0.094807596
-0.045205600
-0.011627823
-0.041797053
-0.053220812
0.012779865
-0.032261022
-0.071337412
-0.035846310
0.123444324
0.115629842
-0.047067340
0.052798246
0.008534745
0.049734068
0.037041214
0.045693285
0.055502896
0.016298354
0.073447860
0.096090357
-0.041797292
0.000000000
0.045688276
0.051099047
0.059104003
-0.015775878
-0.100269570
-0.229511322
0.031441513
-0.046293288
-0.012547280
-0.007604459
-0.002547725
-0.060465311
0.024097422
0.078821007
0.082109545
0.056907857
0.061875719
0.063913058
-0.134335681
-0.048360953
0.054777970
0.067997554
0.021675787
-0.066489690
-0.025317833
0.025317833
0.024692397
0.008097299
-0.008097299
-0.016393748
-0.115976729
0.006936316
0.153492070
-0.019960609
-0.002018127
0.010050386
0.011928350
0.019570196
0.034288891
0.014870327
-0.100860573
0.004073250
-0.002034551
0.159663670
0.017212012
-0.022434064
0.051031536
0.011541741
-0.013201461
-0.023530656
-0.066808681
-0.067695098
-0.031623072
0.009990144
-0.032326165
-0.002055219
-0.065911228
0.021739839
-0.006472394
-0.024097620
-0.015642750
-0.006779828
-0.027587990
0.002328521
-0.025914362
-0.043909541
0.002490615
0.074285678
-0.021004436
-0.009478569
-0.048790122
-0.035627420
-0.050475215
-0.082316098
-0.023953150
0.035718120
-0.014727880
-0.027069173
-0.024692882
0.030771815
-0.040190863
0.009419048
0.024692882
-0.018462081
0.030583216
0.038409436
-0.008733518
0.017391422
-0.008657904
0.028573517
0.054808188
0.005319063
0.005290920
0.093149123
0.051533801
-0.006873022
-0.114340586
0.035446690
0.019704998
0.077412570
0.026727942
0.008752629
0.008676939
0.100597404
0.019343062
0.001913841
-0.001913841
-0.043059382
0.039220450
0.037740521
0.045256605
0.140146561
0.151069070
0.084914746
-0.146283679
-0.041642847
0.072116044
-0.037530425
-0.020029248
-0.131057283
0.100240343
0.167054071
-0.001261658
-0.002528548
0.029927454
-0.068642012
0.024692616
0.001283001
-0.052643844
0.006734066
-0.043902794
0.030389006
-0.055958610
0.089406558
0.010471414
-0.011788046
0.083381559
0.085899573
0.181579840
0.187256810
-0.126086629
0.039354928
0.014987808
0.094558597
0.026707848
-0.019217315
-0.096280685
0.010625256
0.051496512
0.000772070
0.013793337
-0.018433813
-0.054153295
-0.037520025
-0.065842140
0.010830443
-0.105959069
0.043930918
-0.050941569
-0.032689323
-0.136651480
-0.009569556
-0.008449041
-0.054808255
-0.047190833
-0.023083224
-0.006891861
-0.053990394
-0.014706049
-0.048567962
0.009288003
0.007674673
-0.026337756
0.066792667
0.074946670
0.006788927
-0.055647300
0.152309778
-0.076568086
-0.081480483
0.007168526
-0.048290256
0.053988340
0.028012849
0.012354405
0.014895376
0.005362002
-0.008053902
0.085212915
-0.091974301
-0.009543182
0.028361069
0.040449108
0.000000000
0.113511379
0.059818558
-0.077090231
0.050944924
-0.059108222
0.059108222
0.008791232
0.045972725
0.007288013
0.014418230
0.046938296
0.022190792
-0.006701673
-0.015489119
0.052268359
0.007380188
0.009149241
0.020730735
0.012411590
0.000000000
-0.024979059
-0.035866009
-0.061795601
0.055219731
0.026048051
0.011866862
-0.025736781
0.018450802
-0.041050661
0.044700340
-0.018382963
0.033746953
-0.057211090
-0.018208458
-0.015594913
-0.008880245
-0.086921136
0.015021715
-0.072880004
0.011389569
-0.003403097
0.028012913
-0.031428033
-0.019574513
0.022989633
0.097374138
0.001030256
-0.025027405
-0.023505173
-0.067064303
0.016055364
-0.076824502
0.014634424
0.001209899
-0.031943735
0.059375304
-0.001177141
0.042657658
0.004504562
-0.021579355
-0.004602915
-0.006944616
0.077090231
-0.026145307
0.003305597
0.045169023
-0.009508737
0.025158466
0.017445327
0.012133631
0.024815178
0.000000000
-0.031875087
0.033833915
0.007797396
0.029652960
-0.027713131
-0.012677024
0.000980971
0.021339378
0.025581661
-0.011288938
0.023376482
0.001846580
-0.009267846
-0.047673490
-0.052115744
-0.006192220
0.065120746
0.023011476
0.027117078
0.037125196
-0.076640981
0.050525192
-0.042877112
0.006644644
0.027066455
0.053776459
0.045210324
0.064590498
-0.017350552
0.025138884
0.034315216
-0.046805665
-0.023848534
-0.063948717
0.021214210
-0.005894744
0.012589403
0.003330499
-0.032097454
-0.030503301
-0.023277781
-0.007272732
-0.032455385
0.029714349
-0.019400115
-0.060566336
-0.021032169
-0.005073723
-0.023675762
0.035809393
0.020885857
0.054585233
0.008352671
0.002768864
0.000921109
0.050279914
-0.009678943
0.033901541
-0.036557536
0.014958518
0.021599018
0.012738991
0.043754564
-0.013008360
0.010582105
-0.012220077
-0.023218349
-0.016920864
0.020270889
0.036934847
-0.001612874
-0.021207966
-0.002476225
-0.053470532
0.006950480
0.009478772
0.039517505
-0.046402188
-0.039635405
0.021334168
-0.001760428
-0.000881429
0.080449530
0.023322276
-0.012800127
0.018349082
-0.009531364
-0.001597509
0.015073671
-0.003944798
-0.015936580
-0.036813968
-0.001668125
0.011618467
-0.031855271
0.020236804
-0.036553083
-0.021882616
-0.063005899
-0.009469704
0.024437407
0.025665892
-0.029386867
0.062322558
-0.027520616
-0.044165354
0.029659153
-0.093758718
0.003004571
-0.012072594
-0.009151245
0.040045362
-0.046192930
-0.003087832
-0.052922544
-0.009830849
-0.015486880
0.035052873
-0.049651667
-0.020572313
0.009195569
-0.033743812
-0.007125789
-0.091028616
-0.034531972
0.031917640
-0.044154300
-0.029148605
0.049460689
-0.010781735
0.032002766
0.041136900
-0.043765128
0.019544695
0.022960068
-0.042504764
-0.070874316
0.044206090
-0.032970058
0.032970058
0.021391267
-0.007968178
-0.032523228
0.058840361
0.011620621
-0.040607933
-0.149704360
0.068992835
0.002894475
0.010064601
-0.015861782
0.010122991
0.002873512
0.000000000
0.029684276
-0.045591935
-0.025093625
0.008928641
-0.019447305
-0.003025665
-0.019893535
0.019893535
0.016529352
-0.030259471
-0.010810898
0.004647483
0.000000000
-0.036196003
0.000000000
-0.035892645
0.018107541
0.032105270
0.007867901
0.021706243
0.055196745
0.037041259
-0.039948184
0.044135298
0.015204045
-0.011034390
-0.021024005
0.000000000
0.018246113
0.011065078
0.062645340
0.022989695
-0.024282496
0.005161358
0.003853649
-0.014203144
0.020592824
-0.037642257
-0.025453645
0.030730605
0.028536391
-0.045789633
-0.013477362
0.014815288
0.018543545
-0.010554303
0.017094428
-0.017094428
0.039016698
0.083177552
0.018605118
-0.029224629
-0.032552854
0.037286503
-0.010682536
-0.029057766
-0.003692389
-0.006184197
0.009876586
-0.018599515
0.009962686
0.023271253
0.038009321
-0.002333680
-0.005858277
0.004689391
0.000000000
0.016241492
0.064610431
0.020289007
0.020921249
0.017445327
0.000000000
0.017146316
0.048789951
0.012305043
-0.019953122
-0.002883404
0.043321473
0.033532838
-0.028935214
-0.032636986
-0.029824258
-0.052115744
-0.033476171
0.009528873
-0.023455178
-0.020709191
0.056730118
0.027708379
0.094573643
-0.009250698
-0.021607160
-0.026950688
-0.034743008
0.010050505
-0.035627357
0.000000000
0.057388679
-0.008845219
-0.026001455
0.004044420
-0.005058206
0.029972310
-0.032002610
0.018127404
-0.012048470
-0.037041193
-0.051624294
-0.057937830
-0.014134526
-0.032552854
0.000000000
-0.022305639
0.051293353
-0.043802673
0.028205482
-0.052121037
-0.021893883
0.024438367
-0.060227593
0.000000000
-0.008130136
0.049114083
0.000000000
-0.010416722
0.037255350
0.015019074
-0.015019074
0.008788639
-0.027885284
-0.033990188
-0.021506124
0.009465751
0.012040372
-0.035186296
0.032523228
-0.025659748
0.008174282
0.016151111
0.032832904
-0.013003998
0.000000000
0.016872555
-0.034034686
-0.013405095
0.048725930
0.021615640
0.012500079
0.000000000
0.002481345
0.034108286
0.003586309
0.000000000
0.035173516
0.036203047
0.030636920
0.022377031
0.047334036
0.026774007
0.002931182
0.056887437
-0.031837967
0.025365355
-0.028224032
0.039294269
-0.033585285
0.013195269
0.006533020
-0.046652949
0.056833430
0.000000000
0.001840001
-0.014815139
0.010208935
0.014665653
0.011759517
-0.031980636
-0.059290926
0.037703825
-0.035735126
-0.012865206
-0.015052926
0.083381547
-0.017832589
0.006607014
0.009363411
-0.028357319
-0.006734134
-0.012627653
0.002928321
0.058673431
-0.022305783
-0.047146814
-0.045347693
-0.051836198
-0.014215653
0.000000000
-0.003309374
-0.052165992
0.038817614
0.010028016
-0.016769623
-0.006787231
-0.032298159
-0.002347375
-0.029817364
0.019185168
0.053191701
-0.020478556
-0.015055289
0.000000000
-0.020035934
-0.009569556
0.056089667
0.015783708
-0.016920831
-0.021852511
0.030912561
-0.028589723
-0.027044480
0.018890829
0.027683323
0.007931907
-0.011350650
-0.027779594
0.019756507
0.060286179
0.004324251
-0.019608495
0.004390835
0.000000000
0.001094800
0.008714491
-0.035323761
-0.013574752
0.014697828
-0.037740303
0.013888992
-0.026792434
0.000000000
0.026792434
0.032789753
0.031748760
0.025533457
-0.012685299
0.018967925
-0.028588472
-0.004305759
-0.024018564
0.015351153
-0.054792954
-0.011560745
-0.051293330
-0.105768620
0.041311694
0.005208249
0.009049973
0.139146202
0.001119174
-0.026063717
-0.017371551
-0.051539298
-0.008647352
0.048435575
-0.007117476
-0.024097531
-0.042347496
0.000000000
0.015151673
0.003752428
-0.059143317
0.022266853
-0.014351235
-0.009240975
-0.002655995
0.009265438
0.034955130
-0.010230380
0.005128273
0.026499929
-0.025221997
0.017721953
0.000000000
-0.051491383
0.056497706
0.001247638
-0.008766478
0.033398245
-0.015941472
-0.017456773
0.030962236
-0.001220378
0.061558011
0.004581825
-0.010339058
0.071299934
-0.019544616
0.006557279
0.005431871
0.035128656
0.009370138
-0.010416691
0.007302976
-0.003123196
-0.012592120
-0.033282620
0.045874740
-0.005227430
-0.053834459
-0.006659169
0.003335258
0.046620812
-0.035583376
0.036642118
-0.045912611
0.024663643
0.009238031
-0.024434184
0.012873409
0.006952364
0.013761631
0.007941269
-0.053376976
-0.010785094
0.006006132
0.022499378
-0.044292053
0.016990632
-0.003616626
0.026223221
0.016336481
0.033013680
0.001119190
-0.012380650
0.030119526
-0.034659686
0.055323862
0.001075725
-0.005390709
0.009682779
-0.003217266
0.038972884
-0.007257877
0.000000000
-0.024224248
0.033545987
0.020408792
-0.059299623
-0.020574666
0.021646017
0.081194962
-0.002965883
-0.029133143
-0.001019884
0.020202627
-0.030459198
-0.049666873
0.007555322
0.000000000
-0.041718411
0.039565684
0.030771537
0.010395177
0.024516053
-0.020387984
0.011264683
-0.002038617
-0.022704816
-0.025371237
-0.011847392
-0.001083888
0.045582811
-0.023061726
-0.038923913
-0.013318678
-0.036409131
-0.021078110
0.012933955
0.011614358
0.013761631
0.010198473
0.034352394
-0.029852844
0.003361211
0.005577237
-0.033939774
-0.024462519
0.022158253
0.050601181
-0.005497638
0.001101924
0.022864388
-0.003234610
-0.001080374
-0.034088068
-0.014648091
-0.020642979
-0.008144155
0.032186557
