0.025509264
0.027600716
0.025975522
0.007925921
-0.054993534
-0.022493910
0.000000000
-0.003798581
0.016045527
0.013023337
-0.009284998
-0.011256986
0.037041005
0.011749180
-0.011749180
0.000908814
-0.002728712
-0.007312468
0.010949063
-0.019240176
-0.006496544
0.001860528
-0.010275680
0.026865728
-0.007339409
0.010077978
-0.013768143
-0.006490414
0.020258556
0.018067314
0.020381705
0.004376419
0.000000000
-0.006132303
-0.002639671
0.003518049
0.009611174
0.006932468
-0.005194689
-0.000868562
-0.000869216
0.021506325
-0.009405914
-0.032303081
-0.032464462
0.027126399
0.021183484
0.008695695
0.006042216
0.019600376
0.033197830
0.021801503
0.052889517
0.001514055
0.032008633
0.021739956
0.000000000
-0.026145227
-0.002947694
-0.022388963
0.041395340
0.000000000
0.017940936
-0.004276617
0.004987626
-0.028109978
0.001460800
-0.019904719
-0.027171516
0.006862363
-0.002282137
-0.012260565
-0.017107937
0.016336514
0.006153892
-0.008471378
-0.006984948
-0.030844698
-0.054528466
-0.001703572
-0.002560861
-0.008583814
-0.013015273
-0.015845449
-0.001776193
0.006202872
-0.000883729
-0.013351339
-0.023573192
0.043973096
-0.024890190
-0.002703965
-0.004522990
-0.007279459
-0.015646786
-0.005581283
-0.022642618
0.008551148
0.019672754
0.008314268
-0.001841615
0.010999156
-0.036198776
0.015940219
0.001858838
-0.048511647
0.011627886
-0.019455801
-0.041108580
-0.017553248
0.007265246
-0.002070387
0.007227618
0.028399378
-0.018164027
0.020162254
0.001993896
-0.014042425
0.009049863
-0.011071984
0.002022121
0.004032366
-0.002014209
-0.011150551
-0.008188468
-0.006185446
-0.014583661
0.000000000
-0.005260444
-0.008474721
0.006362917
-0.004237402
-0.001062193
-0.017149344
-0.005420112
0.000000000
-0.020868277
-0.010039154
0.002239635
0.001117875
0.008898805
-0.006666540
0.036128536
-0.002152846
-0.009745640
-0.016456643
-0.026907359
-0.046520122
0.000000000
-0.013181761
-0.025658079
0.006169101
-0.003696778
0.006153631
-0.006153631
-0.012422620
0.018576251
-0.013588726
-0.006238374
0.028379565
-0.009780137
0.036192007
-0.005941700
0.001191250
-0.062635568
0.011342310
0.001252272
0.000000000
-0.005018814
-0.022901685
0.021642963
-0.022930863
0.017880511
0.013828026
0.045157066
0.007134233
0.009434273
-0.003527396
-0.026254539
-0.002421300
0.000000000
0.006042224
-0.004830771
0.002418372
-0.001208525
-0.010942391
0.018171314
0.037695739
0.017192673
-0.007986522
0.009122039
0.026877357
-0.011111188
-0.004479275
-0.007887403
0.027888002
0.017448710
-0.005420112
-0.001087607
0.022593740
-0.004264261
-0.007506774
0.016017434
0.004228322
-0.024560742
-0.031853278
0.032933709
0.015005590
0.020011315
-0.030706568
-0.025042115
-0.017797962
0.021100291
-0.002200340
-0.004415003
-0.038336147
-0.013889199
-0.015267352
0.000000000
-0.021531996
-0.015844345
-0.022361103
0.018668732
-0.013656208
-0.079313912
0.016107985
0.046822431
0.001269764
-0.021809717
0.003883562
0.001291077
0.019170072
-0.001266693
0.001266693
-0.024344710
0.014166393
-0.001279512
0.003833931
-0.036367819
-0.007968143
-0.010723771
-0.002699204
0.004045922
-0.004045922
0.013422974
-0.029772056
0.044332234
-0.038852945
0.005449744
0.018843023
-0.001334141
0.006653438
0.006609310
-0.018617650
-0.027212471
-0.016690177
0.023563112
-0.011019357
0.011019357
-0.012405273
-0.036727323
0.036727323
-0.022441581
0.014084855
0.020761999
0.006825863
0.000000000
0.033447899
0.039979623
0.003785408
-0.021642963
0.003853630
0.012738981
0.031154989
-0.003687690
-0.014888561
0.016119398
0.011009318
-0.023385814
-0.003742901
-0.002503122
0.021079372
0.006116277
0.022906358
-0.037648590
0.051850100
0.088772350
0.021277450
0.018770278
-0.003104035
0.073885749
-0.013566053
-0.012764055
-0.073804081
0.057867544
0.096587146
0.011780950
-0.004514717
-0.041576442
-0.023867341
-0.043442477
0.057830997
0.016060808
0.000936819
-0.023686648
0.001915703
-0.023234267
-0.003925522
-0.031970646
-0.005089111
0.050732024
-0.023553622
0.035125441
0.016167842
-0.038466484
0.040351383
-0.001884899
0.035221314
-0.041847021
-0.022084297
0.013500528
0.002869377
0.026391750
0.003714012
-0.023178539
-0.022649941
-0.006996516
0.004003937
0.000000000
0.010929096
-0.014933033
0.032563385
0.047402123
0.032789742
0.008032227
-0.011622729
-0.026425364
-0.022409917
-0.022923438
-0.033402093
-0.011049862
-0.006079050
-0.015361238
-0.003100838
-0.003110366
-0.003120071
0.024692512
0.006079050
0.041549031
-0.001939720
-0.013685645
0.051785440
0.007448689
-0.031090555
-0.012518209
-0.029500572
-0.001998192
0.000000000
-0.006017964
0.028757486
0.031748774
-0.010471325
0.028303795
-0.080352793
-0.019339133
0.002053467
0.035268179
0.018637119
-0.016658915
0.015686643
-0.020639621
-0.015007739
0.008032026
0.009950487
0.007889555
-0.012852366
-0.008995512
0.032595442
0.009671189
0.034991755
0.015675878
-0.003666505
0.006407332
-0.010087122
0.000000000
-0.003693485
-0.001851819
0.012891599
0.025294881
0.002672459
-0.016143758
0.009896539
0.029115492
0.004338421
-0.019231308
-0.022312492
-0.039581799
-0.002820825
-0.029624719
-0.025541643
-0.001992109
0.001992109
0.010885722
0.019493772
-0.014584450
-0.010832233
0.012789035
0.002928317
0.020261252
0.031032075
0.000925481
-0.022451953
0.000945716
0.020580756
-0.005571049
-0.005602259
-0.013195263
-0.069738672
0.022133752
-0.012012164
0.024864530
0.007827797
-0.009794441
0.001966644
0.002942678
0.008776323
-0.002916928
-0.025642520
-0.019163579
0.000000000
0.035021132
-0.004928457
0.010810831
0.022234020
-0.007677658
0.012446405
0.007582837
0.009398607
0.014856399
0.000000000
-0.009259366
0.005565881
-0.018674762
0.020523158
-0.002773877
-0.004640400
-0.007469659
0.035898902
-0.008170676
-0.010999201
0.006430774
0.000000000
-0.015690140
-0.010285189
-0.032476534
0.002908226
0.044493898
0.011965261
-0.004585080
-0.084341347
-0.081209875
-0.024150641
0.016529376
0.002183490
-0.045741302
0.033673108
-0.029117374
-0.017192606
0.030736966
0.012256198
-0.012256198
0.000000000
0.044938867
-0.043818566
0.053418586
-0.012820577
0.035906652
0.025603035
-0.036030586
-0.005255014
-0.008465625
0.028289142
-0.002068449
-0.008316140
0.016563693
0.000000000
-0.002055462
-0.012422527
0.018576281
0.019241207
-0.004020146
0.009022679
0.029500572
-0.004856648
0.000973218
0.081239031
0.036111507
-0.013060757
-0.006153754
0.035516883
-0.014573794
0.010309473
0.029475851
0.004966807
0.020433892
0.034979800
-0.055413692
-0.008291958
0.023859749
0.016129361
-0.004008039
0.007999988
0.016594667
-0.019786950
0.034567368
-0.004643887
-0.000776082
0.036589384
0.006713984
0.014760314
0.021740002
0.006430935
0.007097373
-0.020000786
-0.013803338
0.000000000
-0.019202938
0.006689034
-0.008181460
0.014089707
-0.000736552
-0.025374456
-0.018307159
-0.006952480
0.001549159
0.016884554
0.003797799
0.011308124
-0.030443715
0.012288978
0.000000000
0.030077502
-0.004454437
0.002229782
-0.001485941
-0.019520294
0.019520294
-0.026366906
0.003809459
-0.011472366
-0.019418084
0.015564498
0.011516493
-0.005357828
0.018251553
-0.002263427
-0.006060771
0.010582344
-0.006033261
-0.009118610
-0.007662906
0.016024814
-0.005313094
-0.008406641
0.012962461
0.023953144
-0.016405906
-0.025125008
0.017577769
-0.019893611
0.028943367
-0.015128863
-0.012270043
0.018349150
0.029624320
0.001480408
-0.013403075
-0.021978828
-0.020906754
0.023202916
0.015927523
0.014936699
-0.006693986
-0.016554018
0.024729592
-0.021699324
-0.177492113
0.029374673
-0.064304731
0.007455780
0.044492223
-0.041710639
0.012879661
0.000000000
0.013618118
-0.036735142
0.000000000
0.012087531
-0.030973815
0.031897618
0.000923053
-0.013934386
0.024030698
-0.021228119
-0.010314365
-0.010421755
0.000000000
-0.006688773
0.010491119
-0.034752432
0.001962630
-0.010842836
0.001980119
0.039753259
0.014157870
0.002807720
0.018518925
0.005489477
-0.006407344
0.000000000
0.004580830
-0.010105690
-0.007414320
0.004640349
0.020165783
0.025090916
0.005295574
0.012248621
0.003472378
-0.020131994
0.011428581
0.035211958
0.025001323
0.017944935
-0.024551081
-0.005816384
0.020619243
-0.009844278
0.009027697
-0.007380132
0.029998214
-0.026711573
-0.017377256
0.036069502
0.000000000
-0.023626454
-0.006616983
0.023781276
0.007267002
-0.007267002
0.004850531
-0.015441155
-0.003281341
-0.004942427
0.023664924
0.002416471
0.024633601
-0.009463767
-0.006359156
0.024420307
0.019268376
0.006088309
0.001516240
0.010550209
0.024436582
0.011636516
0.000000000
0.008639338
0.039358629
-0.014578526
-0.007017605
0.020216798
0.003444693
0.017723683
-0.022549614
0.021873699
-0.004065035
-0.010921630
-0.049236378
-0.005784553
-0.029435420
-0.001494876
0.031655288
-0.002902805
0.025826406
-0.003547337
0.018310344
-0.022583922
-0.015102685
0.029277410
0.008409197
0.000000000
-0.004896826
-0.004921002
-0.025697273
0.001445110
-0.030794215
0.006679082
-0.016406127
0.008236708
0.004464363
-0.025565368
0.012112206
-0.030560110
-0.007006582
-0.000781568
0.000000000
-0.006274541
-0.008692320
-0.042145561
0.034177444
-0.042490082
0.009966924
0.000000000
-0.017507737
0.000000000
0.042804736
0.010421100
0.000000000
0.015822922
-0.019017864
0.007968117
0.024305510
-0.010120828
-0.014184683
-0.011976112
-0.021925434
0.003278743
0.010582184
0.017656878
0.008712975
-0.025560542
0.007255195
0.010387613
0.004758212
-0.005553453
-0.000795874
0.003179614
0.007117492
-0.024731958
0.008044953
0.033100031
0.016910481
0.000000000
-0.003818316
0.006102327
0.005309075
0.000000000
0.007535781
0.004494460
0.008187495
0.015447160
0.005096560
-0.004366807
-0.021379369
0.038733334
0.007142920
0.023911187
-0.007673685
0.008368226
-0.010471231
0.000000000
-0.007042315
-0.013518502
0.037952600
0.000000000
0.040546053
-0.006644499
-0.007360396
0.006026077
0.036057716
-0.008406188
-0.028987479
-0.002007318
-0.010774458
-0.003391036
-0.011616150
0.021754805
0.006702394
0.002002034
0.001997885
0.006631355
0.018985920
-0.002597372
0.016763675
0.012075116
-0.005701579
-0.025741421
-0.009168366
0.007210749
0.014911153
-0.002577362
-0.005823394
-0.022974349
0.013847820
0.014949923
-0.008422454
-0.007838032
-0.006579001
-0.005294529
-0.007994690
-0.003350065
0.006689019
0.009290045
-0.024065337
0.035231255
0.005211748
-0.006518885
0.000000000
0.001960102
-0.023779197
-0.020257294
0.036172777
0.012422496
-0.041797120
0.000677364
-0.014320126
0.008888934
-0.033925018
-0.014184700
0.009242933
-0.000707976
-0.024373950
-0.013148435
-0.014815237
0.011869680
-0.005917188
0.001482603
0.018349181
0.010849944
-0.032909763
-0.011215081
-0.000752090
0.011223305
0.000072414
0.005403324
0.022079258
-0.055741938
0.003972947
-0.004769416
0.012668352
-0.027114884
0.034171080
-0.014162365
0.058478217
-0.029581250
-0.023365550
-0.019897152
-0.075964820
0.039954399
-0.026172939
0.027005898
0.003325006
-0.055451354
-0.017699579
-0.078927215
0.018190953
0.008502782
-0.008502782
-0.003802266
-0.016322965
-0.027479501
-0.002989549
0.034333770
0.040629226
-0.018692133
-0.016167722
0.025557462
-0.000935187
-0.025581580
0.026516767
0.027651434
-0.014652199
0.026401199
0.029218555
-0.003496488
0.014776351
-0.007795557
-0.004357352
0.041904317
-0.005037813
-0.022128491
0.005150245
-0.009462502
0.038156436
0.024652030
-0.020500880
0.017248774
0.018556499
-0.033322846
-0.008298803
-0.022757070
-0.012006988
0.044714335
-0.014125784
0.029680771
-0.013082788
-0.013256309
0.006650210
0.010712837
-0.047847980
-0.008635633
0.032426016
-0.015228686
-0.016330431
-0.016601358
-0.017778342
-0.030043236
0.016498961
-0.020202649
-0.007448784
0.018518949
-0.002756098
0.002756098
-0.007366477
0.010115000
-0.021267472
-0.005623278
-0.008494757
0.014118034
0.001867354
-0.038027398
0.000000000
-0.021548274
0.020578843
0.013487660
0.011417761
0.000000000
0.000945596
0.003773570
-0.003773570
-0.025851017
0.028682554
0.049642629
-0.037464381
-0.019746835
0.044575687
0.077734388
0.011696112
-0.004161605
0.110435287
0.008181502
-0.045462378
-0.023530499
-0.007168430
0.041493241
-0.014677854
-0.017268826
-0.004761931
0.045108789
0.033647996
0.000000000
0.018215480
-0.013081630
-0.000731773
0.052061677
0.014488060
-0.024264735
-0.004924379
-0.020663312
-0.014503518
-0.022157481
0.000746523
-0.025700486
-0.000766048
0.051523100
0.043438712
-0.010508016
0.007716682
0.002094249
-0.022567908
-0.012199718
0.024956695
-0.002114919
-0.025010199
0.029938044
0.001403539
-0.016260530
0.026030307
0.020619362
0.003395553
0.016807083
0.016529338
-0.025233787
0.022607333
0.016303043
-0.018277313
0.020861280
0.003932340
-0.003347867
0.000000000
-0.005379941
0.014061191
0.028189339
