-0.072015416
-0.011161994
0.076583050
-0.013320744
-0.035091395
-0.009970289
0.020823903
0.010737077
0.031536382
0.050446079
-0.039220570
0.043682923
0.012389661
-0.010610237
-0.036203139
-0.027091638
0.016901619
0.000930812
0.003714045
-0.022493928
-0.019139328
0.029511801
0.013047731
0.033685363
-0.053321246
0.013133298
-0.032199757
-0.047299479
-0.005058239
0.041714261
0.021174938
-0.007648263
0.017127001
-0.010431607
0.017013565
-0.011310039
0.015985184
-0.023597060
0.012339958
-0.020010219
-0.040260850
-0.009058781
-0.020429708
-0.067225118
0.026145025
0.000000000
0.000000000
-0.029462031
0.027309100
0.035982854
-0.044640701
-0.014231331
0.043156620
-0.010615676
-0.007498835
-0.012987136
-0.008752839
-0.007722055
-0.007782014
-0.003353952
0.024337551
-0.004381325
0.006564678
-0.009863182
-0.003309420
-0.003320274
0.008829994
0.005479529
-0.012094872
0.003313209
0.023966223
-0.029494083
0.008829994
0.000000000
0.009841478
-0.015351198
-0.003320274
0.003320274
-0.013348302
-0.005614903
0.031044660
-0.007671146
-0.008839885
0.008839885
-0.015521258
-0.057487334
0.032598968
-0.019665183
0.052344224
0.007408402
-0.038851228
-0.053000801
0.005050458
0.032220942
-0.024692616
0.022250782
-0.063072752
0.020619349
-0.011546007
-0.065313035
0.033855563
0.074393306
0.018371545
-0.019608389
0.030471656
-0.025533431
-0.014888586
0.016119484
0.001229242
-0.023618267
0.006269541
-0.026600671
0.032831293
-0.023885501
0.005076095
-0.014021887
0.010217233
-0.007653159
-0.002564075
-0.031293240
0.024854141
-0.003883455
0.001296012
-0.015666089
-0.017253204
-0.021651633
0.018970542
-0.021710396
-0.016597862
0.046329755
-0.018817700
-0.012286861
-0.019418186
0.006978477
-0.009783496
-0.019858746
-0.059014179
-0.018405215
0.065891855
-0.036904476
-0.004521433
0.032692329
0.018827445
-0.010093865
-0.033901505
-0.013585134
-0.015314237
-0.025001379
0.037271509
0.007593139
-0.016781459
-0.010827693
-0.025198259
-0.040689197
-0.008340237
-0.020305229
0.046753131
0.070839911
-0.043485155
0.007905272
0.108819055
-0.017094402
0.014265579
-0.009964546
-0.057410934
-0.030771664
0.053244610
-0.054808314
-0.007855410
-0.051791667
0.045462421
-0.032260868
-0.008230405
-0.033616614
0.069334663
0.001593608
-0.062417482
-0.011935608
0.000000000
-0.049218919
0.030170941
0.019047978
0.006837753
0.018565917
0.019868168
-0.001640671
0.087968857
0.025242670
-0.037345729
0.010598010
0.041303849
0.004326007
-0.013034236
-0.017647484
0.008862756
0.013148322
-0.001452416
-0.011695905
-0.020803232
0.011940476
-0.013443089
-0.050897779
-0.019169883
0.016000344
-0.057158327
0.000000000
-0.003366968
0.060525295
0.011049893
-0.043310761
-0.029952367
-0.022204103
0.015424493
-0.038132835
-0.010657378
0.028170963
0.017212131
0.003407119
0.028501572
-0.059592205
0.039558183
-0.039558183
0.006992956
-0.048180460
-0.044867257
0.064777399
-0.014440729
0.026907766
-0.026907766
-0.007299431
-0.016620693
0.056123312
-0.032203188
0.019802817
-0.047454246
0.009302501
0.018348928
0.009049942
-0.027398870
-0.022472812
-0.024929539
0.009661801
-0.033238488
-0.032326144
0.044184082
-0.064931718
-0.014783626
0.021053409
-0.055689008
-0.049671294
0.002311845
0.020572182
-0.032186580
-0.018868538
-0.031441441
-0.017348724
-0.059219574
-0.037842234
-0.042200192
-0.023256929
0.020379262
0.061471482
-0.002713361
0.080878155
0.014925768
-0.030077401
0.054468857
0.026160802
0.009346025
-0.014051863
-0.038466398
0.031365859
-0.076486067
0.037740185
0.043485173
-0.033656913
0.019370843
0.049132671
-0.023095450
0.000000000
0.020809760
0.015891448
0.017857670
0.036920418
0.027341520
0.073959617
0.039665457
0.018348928
-0.001819816
0.003636536
0.042635152
-0.055420778
0.018215441
-0.034897964
0.052787531
0.081678075
-0.019802782
0.024692711
-0.016393811
-0.028501572
0.003395746
0.030052193
0.004922210
-0.009868578
-0.014987812
0.023218217
-0.021541790
-0.006722637
-0.039558183
-0.003514902
0.046440053
0.018318563
0.071629575
0.050909307
0.017366541
0.004294875
0.007117551
0.016878007
-0.004192992
-0.015525893
-0.011445080
0.035339289
0.005540277
0.015079092
0.020202632
-0.001334208
-0.001335990
0.025083842
0.002604138
-0.007833000
-0.017184782
0.040501935
0.000000000
0.021533495
0.014925623
-0.008679578
-0.017588338
0.003795174
-0.016550450
0.006398049
-0.014130107
0.005161392
-0.015564488
-0.006557477
0.009168415
0.023196801
0.015171080
0.013707367
0.006169123
-0.014870279
0.004981417
0.036589450
-0.007211626
-0.038111548
0.001252334
-0.029208385
-0.009061597
0.024407138
-0.023107608
0.045693435
0.004950305
0.000000000
0.036367787
-0.042559686
-0.018809407
0.002528564
0.040821954
0.015634674
-0.026603862
-0.009852184
-0.046873585
-0.019647074
-0.017345286
0.035694367
0.012903407
-0.011605413
0.021809614
-0.010204201
0.006389725
0.001273207
0.027605240
0.004938225
0.004913959
-0.001226228
-0.012345695
-0.006230622
-0.024036596
0.001279576
0.048668391
0.008490088
-0.029413831
0.020923743
0.021687766
0.013025493
-0.040822085
0.001225009
-0.002451237
0.030213991
0.008298844
0.004711243
0.001174521
0.024348884
0.010256646
-0.001134417
-0.031126473
0.012798167
-0.017493093
-0.035932014
-0.006116299
0.032592086
-0.003569267
-0.008378446
0.023754226
0.019756506
0.011441774
0.004540251
0.021289464
-0.050010503
0.025317784
-0.034685563
-0.001177150
-0.019025463
0.002398055
0.008348331
0.014151153
0.008163217
0.026362654
-0.001131980
-0.014831952
0.027212515
-0.004484391
-0.014714303
0.013590348
0.015625138
0.004419846
0.033607494
-0.022642343
0.006521562
-0.002169174
-0.018630591
0.013187108
-0.008772140
0.002200323
0.016349203
-0.006507666
-0.009841537
0.005479530
0.023759194
0.008501548
0.006329306
0.004197108
-0.013706032
0.005293880
-0.034375006
-0.005479530
-0.006615291
0.039050571
-0.001064384
-0.019355596
-0.063048710
-0.030213851
-0.083114877
0.075725780
-0.025032684
-0.014039681
0.012771538
0.012610480
-0.024097586
0.001282929
0.001281141
0.015248012
-0.003790155
0.000000000
-0.080359251
-0.032058458
0.008462561
0.002805014
0.038466388
-0.024557830
0.035281801
-0.012072647
0.012072647
-0.029772064
-0.011049999
0.023336755
-0.020562710
0.002766217
0.029934266
0.031664789
0.007762192
0.010256363
-0.005115032
0.021560685
0.033315892
-0.012210138
0.044451643
0.008192059
-0.009367756
-0.017804587
0.017804587
-0.009456342
-0.009546619
0.057091758
0.000000000
-0.002267417
0.012408404
-0.042364546
-0.023669825
0.010720694
0.018780039
0.011560797
0.006872787
-0.010327040
-0.048444286
0.032164813
-0.024927107
0.020226809
0.035862695
-0.022989468
-0.017595855
0.045120545
-0.007950155
0.043509354
0.013015195
0.007514878
0.007458706
0.007403604
-0.024534415
0.022424738
0.042383676
-0.003041187
-0.020513497
-0.048841923
0.046767261
-0.038099812
-0.001079256
0.001079256
-0.013029570
-0.025457904
-0.018100054
0.059818446
-0.016260487
-0.031079169
0.013438125
0.003331628
-0.008909002
-0.010117806
-0.011363861
-0.004581977
-0.022055482
0.023202849
0.012535802
0.007896221
-0.011299405
0.004485532
0.044099963
-0.006659271
0.001113003
0.007756408
-0.006644764
0.018712850
-0.001091144
0.020530020
-0.005361769
-0.011898504
0.016190381
0.005338984
-0.007482797
0.002143813
-0.010764370
0.009693097
-0.011859898
-0.005437813
0.029018483
0.004228478
0.002107553
-0.002107553
-0.008474560
-0.004264541
0.060121693
0.019921205
0.000985524
0.023370238
0.020952906
0.030629053
-0.011029589
-0.160021075
0.071159673
-0.062520378
0.005361769
0.044963153
-0.037504392
0.001061160
0.000000000
0.001059686
-0.025752415
0.012959104
0.022282135
-0.019068430
0.014862300
0.016719402
-0.005194876
0.033797494
-0.033797494
-0.018928065
0.013706292
0.000000000
0.025841070
0.006103763
-0.003047113
0.017146066
-0.010050229
0.013045729
0.029471694
-0.016593859
0.012714103
0.009671365
-0.003857308
-0.008733758
0.016433447
-0.002880559
0.004796333
0.017078158
0.017716058
-0.001850099
0.029199127
0.008060922
-0.008960638
0.004490503
-0.008097282
0.028497003
-0.013256987
0.001777838
0.007961095
-0.016881666
-0.016260666
-0.000911092
-0.024920553
-0.000935048
-0.012235338
0.012235338
-0.020794772
0.000954791
0.032851344
-0.013011362
0.006526945
-0.030191151
0.016152285
0.008446968
0.013921395
-0.003693470
-0.027193403
0.009460708
-0.021895104
-0.000962959
-0.002894349
0.004819130
-0.005785813
0.026719095
0.007504770
-0.008446968
0.008446968
0.000934072
-0.004679313
0.023181338
0.000916100
0.000000000
0.009115937
0.035654316
-0.024824020
0.001793881
0.014235004
0.002646663
-0.013304021
0.011540390
-0.019608539
0.009852330
-0.014362890
-0.015490177
0.010050471
-0.008215446
0.012750553
0.032059827
0.000875973
0.010453023
0.030719134
-0.004210488
-0.004228384
-0.024883196
0.017226867
0.031108038
0.000000000
0.013974759
-0.001634042
-0.011513218
0.041318191
-0.013584010
-0.009700934
-0.019688932
0.014802944
0.015391130
-0.008071072
0.001619399
-0.016313493
0.003284004
-0.002461946
0.000000000
-0.013188035
0.000000000
-0.034545806
0.027731366
-0.016372530
-0.016645153
0.012291611
-0.002621120
0.000000000
0.025055275
0.027767852
0.000000000
0.033458927
0.019078339
-0.024712143
-0.013815785
0.034583207
-0.003960258
-0.038839980
-0.007453395
0.047086563
-0.023266164
0.012903339
0.007980944
-0.029853033
0.021070636
-0.020251859
0.017038913
-0.032709339
-0.018456883
0.021776304
0.013168936
-0.023997813
-0.011794550
0.000000000
0.035792363
0.000000000
0.001634034
-0.002451965
0.006525406
0.000000000
0.012924183
0.013551379
0.019600752
-0.014073792
0.011741984
-0.015686705
-0.040327978
-0.004123746
0.023684301
0.024712143
-0.020684897
0.003210281
-0.025153298
0.010625393
-0.016393923
-0.042200282
0.016246618
0.000000000
0.015151692
-0.020253890
-0.015464204
-0.013949587
0.020852221
-0.042148533
-0.027274412
0.049448138
-0.024867916
-0.012669823
-0.061023275
0.004828628
-0.014556295
0.000000000
0.040235224
-0.038282148
0.031687900
-0.029738526
-0.003902450
-0.043963086
0.027205723
-0.000994559
-0.085113668
-0.006521714
-0.008762274
-0.020000758
-0.022702487
0.006865211
0.035838034
-0.016639314
-0.001119347
-0.008998829
-0.010221601
-0.013793220
-0.001158236
-0.030590608
0.014235139
0.029021143
-0.018476182
0.016185411
0.017055432
-0.030912487
0.017291492
-0.052798300
0.022633490
0.020979886
0.034016876
0.006666642
-0.025800534
0.005665654
0.026757490
0.043063541
-0.025614988
0.001080644
0.017130950
0.002120724
0.008438996
0.023872446
-0.013422958
-0.019948170
0.012644964
0.005221980
0.016529328
0.019280045
-0.001798143
-0.024352782
0.015949267
0.002107536
0.001052105
-0.005271518
0.004219413
-0.037537986
-0.029952280
0.001125521
0.008958622
-0.040961337
-0.036668753
0.000000000
0.002406676
-0.031748618
0.019656641
-0.034657044
-0.063699248
0.029102638
0.029546228
0.005050382
0.035872755
-0.047272526
-0.007672602
-0.051360798
0.046212784
-0.006472545
0.034464246
0.012468918
-0.040460619
-0.031457362
-0.017461853
0.009440354
0.013333594
-0.039167750
-0.019472166
0.020848664
-0.001376498
-0.016667044
-0.008438938
0.044206214
-0.021858925
0.028592849
0.006689020
0.058268913
-0.012658457
0.031350677
-0.006191999
0.031787563
-0.013325542
0.014528093
0.007185594
-0.005984362
-0.021845581
0.034964396
-0.001185444
-0.011933371
0.002398144
-0.021792680
0.003665212
-0.018462021
-0.031548373
0.015267464
0.000000000
0.043243375
-0.006064328
-0.017178391
-0.028878425
-0.016699060
-0.015666108
0.022121805
0.019121132
-0.041242936
-0.013245289
0.002663185
0.001328800
-0.037893556
0.013698909
-0.030389135
0.011157712
0.026011142
-0.010869666
0.016260512
-0.035571518
-0.011204593
0.027779550
-0.024966683
-0.008462597
0.080260658
0.002610898
-0.029102638
0.021249130
-0.013227631
-0.013405090
0.012072610
0.028911397
-0.035600417
-0.021710476
0.000000000
-0.022192301
0.000000000
-0.024131786
0.012848174
0.015482321
-0.007007625
0.041328103
0.018717184
0.017071874
0.000000000
0.077636125
0.003607908
-0.037924981
0.013622462
-0.019876420
0.030885731
-0.001217317
0.010902617
0.020275013
0.008230342
0.002339242
-0.015303318
0.030375971
0.029480756
0.008898715
0.054941177
-0.009478767
0.003169546
0.011536649
-0.004412966
-0.026433257
-0.043336313
0.026453526
-0.022963122
-0.015213869
-0.001179941
0.051765438
-0.018100042
0.010221554
0.032242926
0.003276901
-0.053764347
0.035051638
-0.010050336
0.054598712
-0.011758553
0.019169916
-0.012739026
0.042871176
-0.012358551
-0.006237026
-0.011536573
0.015698910
-0.024173537
0.012685160
0.018731037
-0.022941569
-0.003169575
-0.005305052
0.002125399
-0.018211537
0.005390849
-0.007555352
0.016120715
