0.001225853
0.020012791
0.024905068
0.010196701
-0.079921717
-0.028664593
0.008365622
0.052733838
-0.001520768
0.021978781
-0.065213427
0.018580048
0.009007564
-0.010256439
-0.008155634
-0.023905471
0.008032316
0.033047617
0.011389981
-0.047964029
0.013080634
0.000950425
-0.017892088
-0.010695103
-0.013449284
0.017026839
-0.031329608
0.024815177
0.014598877
0.024496125
0.013112965
0.011104314
-0.031154900
-0.009220074
0.006050264
0.031252514
0.022814572
0.004501270
-0.023323819
0.009455474
-0.019620526
0.021440258
-0.013115592
-0.010804435
-0.011549684
0.019278973
0.010721346
0.006378303
-0.000908911
0.019505733
0.016212435
0.004376618
0.032930459
0.002812992
0.008113076
-0.010926068
-0.028573240
-0.008441334
0.037014574
-0.005649568
0.027934751
-0.002758932
0.012354585
-0.018728185
-0.010339658
0.010617613
-0.005015257
-0.002797202
0.011419120
-0.002218045
-0.002500952
-0.012318270
-0.007066974
0.005375607
0.021217618
0.002758932
-0.025105951
0.016251373
-0.016251373
0.008438914
0.035767343
0.017414948
-0.004525739
-0.008843634
-0.009465790
0.008723387
-0.009284717
-0.020790642
0.024897552
-0.005754388
0.005480934
-0.000546723
-0.016264915
-0.015686383
-0.007083513
0.006518514
-0.009936305
0.011347676
-0.008498583
-0.037685658
0.029114016
0.006007802
-0.015811754
-0.000289692
0.005780435
-0.002886095
0.008059835
-0.000860532
-0.024692462
-0.004421553
-0.004441135
-0.013744052
0.031391516
-0.002042922
-0.002339765
0.001462994
-0.005865083
-0.011239572
0.018565512
-0.007325941
0.005572656
0.001753285
0.005822398
0.004344821
0.006051079
0.008296228
0.014144528
0.014224257
0.014843666
0.012203466
-0.004051247
0.005397990
-0.017651403
-0.018805873
0.032411694
-0.001893905
-0.030517790
-0.023729897
-0.000285906
-0.012662188
0.018080687
0.012436447
0.018094048
-0.007754303
0.000833541
-0.016806963
-0.008510850
-0.008583584
0.004873166
-0.002003849
-0.005746946
0.002302668
0.000287629
-0.001150636
0.004593764
0.002289100
-0.014102960
-0.012880617
-0.027872152
-0.001537354
0.037444065
0.007676354
-0.010644576
-0.002977223
-0.029961265
-0.014544426
0.025543504
-0.028040689
0.014272693
0.005836273
0.003058255
0.009420941
0.052728995
-0.023516558
0.013712578
0.005490742
-0.029241873
-0.003864842
-0.011384307
-0.016710125
-0.002761160
0.003679743
-0.014490787
0.018462169
0.028848033
-0.022769194
0.013544332
-0.007501890
-0.007558594
-0.002430947
0.009989541
-0.009077382
-0.001520596
-0.009174428
0.020073602
0.014053167
0.005920805
0.009400519
-0.011173207
0.003836329
-0.010362530
0.004454294
0.004729627
-0.001180216
-0.005031954
0.005031954
0.063762995
0.002766033
0.001656289
-0.028533499
-0.007691091
-0.004873180
0.011428726
0.008768244
-0.008484263
0.007638918
-0.003670383
0.026519299
0.008230344
-0.005479480
-0.008942260
-0.016482309
0.004859241
-0.029515961
-0.017479433
0.004175402
0.004750652
0.014409893
-0.007326017
-0.001471772
-0.011851954
0.038590161
-0.017648426
0.021369491
-0.021077586
-0.012331531
-0.007412910
0.008889027
-0.013064429
-0.025731682
0.022438812
0.005979073
0.013323727
-0.005899597
-0.009214058
-0.025095587
0.011870265
-0.014937078
-0.023618133
-0.014252207
0.001593621
0.003497350
-0.005090971
-0.019324038
-0.033060875
0.008701451
0.012911837
-0.005938610
-0.000662054
0.019672589
0.003241602
0.014458098
0.020521801
0.055907556
0.000590648
-0.025423647
0.000605714
0.027178108
-0.003542033
0.005308250
0.000000000
-0.009456327
0.003556730
0.017886318
0.014139503
-0.007477681
-0.003759914
0.021216418
-0.007689159
-0.006021412
0.006307413
-0.006019996
0.014840482
0.019358039
-0.013426613
0.018968412
0.012630710
0.002724592
0.024194898
-0.006662326
-0.004287006
-0.004036340
-0.014666151
-0.011834301
0.004419843
0.031472841
-0.002942118
0.023038168
-0.015831607
-0.009620336
-0.003766704
-0.001078784
0.006723146
0.010398810
-0.027428528
0.014346075
-0.026138086
-0.007754279
-0.017103925
0.006483319
0.015612261
0.001381966
0.008527211
0.013331960
0.005390831
0.010960945
0.005039344
0.016268928
-0.009414134
-0.008178513
0.006600569
-0.001053126
0.021887384
-0.001289440
-0.015605042
-0.009216626
-0.009035512
0.012995710
-0.003166979
-0.010095582
-0.012088758
0.009414678
-0.010304975
0.006269575
-0.016438735
0.000552437
-0.011384426
0.010555704
-0.011393618
0.017454398
-0.012714398
0.009688600
-0.017227497
0.000560286
-0.002804927
-0.003376462
0.011489406
-0.001394031
0.016327980
-0.009099635
-0.001386064
0.022762554
-0.007621035
-0.015418853
0.012134601
-0.010471202
-0.000277099
-0.001108965
0.006359822
0.007414435
-0.001095001
-0.006595207
0.022626133
-0.019323092
0.009027737
0.030309268
0.015727957
-0.003647911
-0.003661173
0.009387334
0.005693605
0.006174322
0.005626849
0.003055708
0.021879479
-0.004237907
0.005977569
0.011603613
-0.010859001
0.003715166
0.016914357
0.006058306
0.006262208
0.005984429
0.004762086
-0.009786497
0.004069335
-0.013468258
0.021794652
-0.003797852
-0.001189737
0.017699576
0.012090473
-0.006026881
-0.004894590
0.000854796
-0.014284196
0.011877603
-0.001929537
0.002170290
-0.023398549
0.031556151
-0.040224836
0.004219854
-0.012964516
-0.017721999
0.013950793
-0.005050470
-0.014278862
0.022598647
-0.003017560
-0.018041178
0.020053940
0.018920036
-0.003211044
0.000494738
-0.013944461
-0.025137802
0.005385257
-0.008991697
0.004120458
0.005893760
-0.008466944
0.004883759
0.005370196
0.008633702
0.005798488
-0.003273213
-0.001261665
-0.003795190
0.009586420
-0.013905073
-0.020057222
0.015975656
-0.012863406
0.011584548
-0.004360659
0.004872221
-0.001023652
-0.006422683
0.015345608
0.001268241
0.015094793
0.013885592
-0.010396184
0.007436711
0.004189779
-0.002955572
-0.000987192
-0.001235427
0.003701539
-0.002466113
0.001233731
-0.031311306
-0.019008913
-0.008071867
0.021722914
0.005357866
-0.016677660
-0.043088543
-0.029206871
0.007087217
0.019581152
-0.005555742
0.001669980
-0.007256523
-0.000560308
-0.001963864
-0.003093851
-0.001973736
0.013735178
-0.011761442
0.009810806
-0.046825480
0.003210328
-0.009073760
0.011692685
-0.006999133
-0.004693553
0.002642914
-0.012987307
0.010050281
-0.004126061
0.003831813
0.002057368
-0.001763121
-0.014218208
0.003276152
0.011824129
0.003227132
0.002632913
-0.000877066
0.017391938
0.005730609
-0.004294972
0.038006119
-0.012788736
-0.007301355
-0.012478806
0.000855711
-0.000570473
-0.007158096
0.014265510
0.002263814
-0.011370233
0.016163626
0.002808958
0.004198746
0.001395610
0.010820035
-0.019786214
0.017576181
-0.001660501
-0.013666457
0.005321345
-0.004198746
0.013097508
0.009094972
-0.004123809
-0.001102673
0.003853675
0.019048253
0.001346695
0.004565671
-0.014303298
0.015374623
-0.005636996
0.005369216
0.001337732
0.004535266
0.003454213
0.000000000
-0.019282993
0.005931541
-0.005661036
-0.006781494
0.007051697
0.004853033
-0.014630377
-0.026269983
0.004193955
0.022348857
-0.012354168
0.000000000
0.009622003
0.010884475
-0.010611066
-0.016547395
0.001944768
-0.003336201
0.008043416
-0.007486507
-0.011195395
0.007291212
-0.010956684
-0.000847778
0.003386953
0.011207752
-0.012053332
-0.011344531
-0.001712837
0.000285661
-0.001715285
-0.008332001
-0.019225974
0.021819192
0.001437798
-0.014180623
0.003781947
0.001450632
0.007510245
-0.004904212
-0.006964604
-0.009950376
0.019802717
0.002879178
-0.010114117
-0.000290473
-0.006119761
-0.004687903
0.008189600
-0.007308920
0.010217458
0.007234939
0.005463802
-0.010377839
-0.053568340
0.020875087
-0.007513148
0.001507091
0.009890694
-0.003884636
0.009535155
0.000000000
0.006490790
0.000603116
0.006311024
0.000299650
-0.007515508
0.000000000
0.009609455
-0.007800703
0.003007667
-0.003007667
0.003307937
-0.003307937
0.000000000
0.035797371
0.011270284
-0.005763842
0.007199424
-0.003161292
-0.005194783
0.010076342
-0.010944865
0.009224598
-0.024692466
-0.002355731
0.011723499
-0.002041858
-0.008208550
0.003232736
0.009055224
0.011851563
0.001722594
0.006006079
-0.002283869
-0.006882641
0.000000000
0.002873419
-0.004601614
0.003740607
0.000000000
0.008293843
0.005680261
-0.007105205
0.000285199
-0.004000058
0.054849188
0.012775283
0.011220252
0.009715602
0.000000000
0.002483068
-0.010526335
-0.003347339
0.004638170
0.006130509
0.007538461
0.007768673
-0.011820847
0.001159428
0.010661419
-0.008346587
0.008919614
-0.000573027
0.003147700
0.003707473
0.006242927
0.010692311
-0.005050508
0.015352731
0.002213465
-0.008605082
0.009157849
-0.005540384
0.000000000
0.022250805
0.027597147
-0.006628613
0.001063475
-0.007468745
-0.021378152
0.015470588
-0.008927444
-0.008185682
-0.008529359
-0.003875877
-0.005842357
0.017425372
-0.016031246
0.012460402
-0.002479781
-0.009145160
0.022027393
-0.002726923
0.015176305
-0.006205338
-0.007879501
0.010852135
-0.001620360
0.000000000
0.015820254
-0.010967191
-0.007559403
-0.005434671
-0.002182231
-0.004104685
-0.012971157
0.006368694
-0.000828309
-0.005817995
0.017626452
-0.017070934
-0.005848825
-0.005040441
0.000000000
-0.009874770
0.023537088
-0.011138985
0.049443457
0.005051024
-0.016314731
0.000275501
-0.010799065
0.000000000
0.026917400
-0.008436681
0.000000000
0.013842187
0.002960357
0.007763427
-0.010184853
-0.003508434
-0.008415909
-0.015661748
-0.019011077
-0.002826421
0.014053093
-0.011508893
-0.002827220
-0.009101404
-0.004294806
0.001433527
0.004288917
-0.007158154
0.000287248
0.019909717
0.003373507
-0.015556838
0.011056144
0.000563732
-0.005084814
0.000000000
0.005366438
0.006178184
-0.005896352
0.000000000
0.005896352
-0.006741634
-0.013049827
0.005126648
0.005665830
0.000000000
-0.003679049
-0.009973071
0.005141458
0.005398582
0.004523515
0.014840007
0.003329674
0.017845268
-0.001361393
-0.023991294
0.023991294
0.000000000
0.002992733
-0.004901947
-0.004926174
-0.014090454
0.004164822
-0.002496828
-0.013986347
0.012596571
-0.005019751
-0.016631868
-0.006559124
0.013640398
0.014570344
0.021736893
0.002175107
0.025473962
0.007385890
0.003934476
0.020726201
0.015267422
-0.002528413
-0.008900263
0.004078464
-0.004078464
0.002551026
-0.015145979
0.010293356
0.001279340
0.001022258
0.005603610
-0.022345855
-0.005208354
-0.008126804
0.010474020
0.005455177
0.005168054
0.007957895
-0.011314086
-0.005965577
0.001559675
0.002075853
0.001812725
0.013108966
-0.017257334
-0.013865370
0.005516802
0.011979231
-0.010931812
-0.010788230
0.018349169
-0.013072026
0.006557411
0.002610895
-0.022680350
0.012195386
0.005518328
-0.012658425
-0.002657421
-0.007478687
0.011556580
0.002735924
0.029611857
-0.001592807
-0.017419713
-0.003792002
-0.004623942
-0.009587740
-0.005797081
-0.004995854
0.001112262
0.032807816
-0.006746710
0.001893557
-0.000811058
0.045732761
-0.021416307
0.020899417
-0.002070381
-0.009893385
0.000523220
-0.014487300
-0.002124971
-0.016892679
-0.018559444
0.018829823
0.016356530
-0.008547119
-0.029397916
-0.018118848
-0.014164532
-0.008883958
-0.008092397
-0.007573621
-0.005277189
-0.013911678
0.019481303
-0.017397051
-0.002084251
-0.001491373
-0.002390943
0.010714362
0.006491739
0.009367649
0.000000000
0.003200065
-0.005825829
0.000876117
0.006980704
0.010093790
-0.008356140
-0.008426678
0.003786246
0.012422604
0.015102137
0.025685420
-0.001931367
-0.019802659
-0.002256090
0.003663620
0.010632377
-0.006982209
0.011979529
0.016479296
-0.004367984
0.007088278
0.008386460
0.007247410
-0.001873977
0.000000000
0.008803598
0.001592235
-0.027148461
-0.002455274
0.044083445
-0.025679681
0.000268017
0.004814138
-0.008843744
0.000000000
-0.002695403
0.008064661
0.005804787
0.018770674
-0.013411743
0.012578724
0.016256039
0.003001835
-0.000545069
-0.009037474
0.015017349
0.003786841
-0.017429663
-0.001649704
0.016917250
-0.000812014
-0.011164229
-0.006042176
0.003849240
-0.007713647
0.006065719
-0.000824965
-0.011343306
-0.003623755
0.005291730
-0.008368174
-0.003367028
0.003927130
-0.009281568
0.002540001
-0.004519835
0.019624909
0.011318255
0.003288596
-0.012665382
0.012665382
0.004912687
-0.016747163
-0.019005589
0.013731412
0.023109806
0.013238044
0.010412611
0.009253232
0.002628040
0.002883036
-0.013437280
0.001325551
0.020970491
-0.001297887
0.026401685
0.006807003
0.009004588
0.021675756
-0.000975162
0.004623549
-0.026071364
0.020471734
0.010684947
-0.000996764
0.020237513
0.020075614
0.003347066
-0.023422680
0.005360704
-0.001702556
0.012578675
0.045809631
0.010280050
-0.003414965
-0.019342086
0.006719976
0.004608291
0.013018353
0.004527839
0.005856055
-0.010837896
-0.007519681
-0.018933806
-0.002041712
0.003497457
-0.013769049
-0.005323760
-0.022493054
0.015947270
-0.016554174
0.002122274
0.010596130
0.004248872
