-0.019625809
0.008968482
0.035091484
-0.019147695
-0.021315257
0.000000000
-0.009017190
0.021506268
-0.010695320
0.005362050
-0.040005387
-0.026317255
0.030020847
-0.001850177
-0.037740313
0.009569643
-0.003816875
0.000000000
0.007619042
-0.026924651
0.005830838
0.036160119
-0.018868473
-0.027028616
0.007797266
-0.023576798
-0.009990088
0.002005853
0.019842115
-0.001966608
0.046161980
0.009354601
-0.020696911
-0.038764526
0.005911466
0.011718917
0.028710089
0.009389735
-0.045897090
0.009736970
-0.021548164
0.009852089
-0.011834494
-0.003976024
-0.014042433
-0.010152367
0.002038778
0.018163921
-0.006017987
0.025820607
0.042232824
0.001877972
0.040446744
0.031917514
0.034308667
0.018379825
-0.066748398
-0.032377023
0.037672636
0.013986342
0.032453692
0.006700155
0.014913243
-0.003294962
-0.004962719
0.000000000
-0.006655561
0.019835419
-0.016502016
0.029510256
0.023943671
-0.019108919
0.000000000
0.057783482
0.045968073
0.075349515
-0.005390818
0.051360806
0.003843771
-0.068810221
0.025694408
0.113471667
0.031674235
-0.050928757
-0.014688191
-0.003705943
0.001236883
-0.093211033
-0.041557206
0.020994463
-0.004163865
-0.046983651
-0.020619399
-0.018018406
0.015037870
0.046655729
-0.054146397
0.046998408
-0.042497338
-0.035037779
0.060168494
0.027359622
-0.031748741
-0.020741596
0.004481053
-0.019564290
-0.018405325
0.007710135
-0.007710135
-0.003100840
-0.001553874
-0.003115330
0.018547726
-0.010777683
0.009245085
-0.024846017
-0.014251983
-0.040689243
-0.010016636
0.001676308
-0.015190124
0.003395657
0.003383992
-0.006779649
0.020202767
-0.018503497
-0.013675349
0.020443527
0.001684954
0.037989786
-0.036307666
-0.011834521
-0.011976080
-0.024391403
0.008779503
0.003490475
-0.019349795
-0.067978460
0.029964814
0.003683319
0.001836396
0.034268590
0.026248213
0.012017376
-0.013746020
-0.022748054
0.000000000
-0.026907625
-0.009132480
-0.007366475
-0.020542109
-0.011385355
0.001906616
-0.013423092
-0.015564629
-0.033901621
0.012096959
-0.012096959
-0.043530000
0.004228204
0.018809495
0.042559429
-0.022067127
0.010091106
-0.024391524
-0.010341349
0.044722961
0.011857881
-0.023858059
-0.014184712
-0.002042943
0.036148622
0.023392947
0.028491940
0.034962107
-0.001809992
-0.050149644
0.016997528
-0.049914404
0.001966608
-0.017840072
0.033434842
-0.025466716
0.013793598
0.027028616
-0.009569643
0.074107944
0.033365824
-0.036943533
0.012466835
-0.007104785
0.024649085
-0.031804894
-0.034706626
0.001857048
-0.035886898
-0.009661708
0.007736938
-0.037295928
0.039220697
0.011472436
-0.028931409
0.011673118
-0.035436885
-0.004015944
0.010010089
0.076665846
0.014652196
0.078643271
-0.025533289
-0.017391913
0.059592246
0.038902747
-0.022508945
0.025683615
-0.007955487
-0.042420727
0.016529294
0.030672252
-0.019262124
0.027179818
-0.043520042
-0.013267288
-0.003344552
-0.030614552
-0.047754481
0.044294379
0.037419207
-0.067324928
0.001784341
-0.025272238
0.042940532
0.015638850
0.001722688
-0.035029831
0.031581483
-0.003460103
0.013769502
-0.024222589
-0.035654380
0.016201745
-0.007168450
-0.001800032
0.017857608
0.019281955
-0.058998419
0.021858857
-0.018182497
-0.050810414
-0.027399123
-0.007968126
0.025667856
-0.015717326
-0.020000862
0.012048579
0.005969878
-0.009970169
0.000000000
0.007984235
0.033238506
-0.063513254
0.088205972
0.033213480
0.054735642
0.017036004
-0.020478417
-0.001725660
0.043925993
-0.004971112
-0.023530453
0.006779649
-0.020478417
0.005159010
0.000000000
0.045271818
-0.008230495
-0.003311328
0.048553204
-0.051875363
-0.051205696
0.010453086
-0.033483431
0.017762448
0.003514832
0.032789951
0.104681119
0.027150916
-0.036367599
0.043780680
0.020468511
0.034142674
0.022130936
-0.029148505
-0.079104114
-0.001525584
0.098774027
-0.032328958
0.032328958
-0.011126760
-0.029810451
0.000000000
0.022792881
-0.021353115
-0.033653581
-0.013483160
0.034102559
-0.038637805
0.000000000
-0.068992971
0.004858407
0.023943671
0.012539439
0.058973941
0.031794629
-0.049572928
0.030907554
-0.011661874
0.034585533
0.005649701
0.094029042
0.007662895
-0.015384963
0.014111733
-0.012820683
0.005148120
0.020330956
0.006269739
0.024692600
-0.047449523
0.013968370
-0.029432773
0.028171047
0.007547099
0.002503180
-0.001250807
-0.063287680
-0.068992979
-0.007168486
0.007168486
0.075637518
0.010540223
0.013021011
0.017949165
0.011371035
-0.006301344
0.011313858
0.068826085
0.000000000
0.021928257
0.016978328
0.002242198
0.014452672
0.001103166
-0.030220574
0.021361094
-0.063130512
-0.026412137
0.037019281
-0.027333782
0.030844561
0.061174284
0.114113145
0.117347292
0.019853866
0.030305438
0.090322577
-0.029210412
0.001558878
-0.003901681
0.035333936
0.037041255
-0.014652270
0.020453634
0.012217207
0.080921443
0.018277235
-0.015645670
0.043708710
0.013121158
0.015399126
-0.048851304
-0.018135243
0.020699333
0.056019659
0.040918750
-0.023516653
-0.004172844
0.029431127
0.022369827
-0.001703070
0.005665677
0.025105966
0.062470205
0.024541129
-0.010152367
-0.031090518
0.007341285
0.028838300
-0.002541348
0.005076255
-0.002534906
-0.009691413
0.008675701
-0.034111882
-0.027720334
-0.007596276
-0.003273391
0.015184700
0.090011853
0.017552916
0.069089481
0.016107824
0.016725715
0.034323387
-0.035196767
0.022035887
0.028230190
-0.043300481
-0.007839695
-0.054358842
0.008733761
0.013636568
-0.065291314
-0.017011338
0.005865137
-0.029173913
-0.001506381
-0.012642440
-0.021085788
-0.017829611
0.041456748
-0.023627137
0.001038929
0.012384043
-0.025449232
-0.002106523
0.030627963
0.003572311
0.045315286
0.014500005
0.016183105
-0.003784327
0.008964521
0.059712358
-0.026907486
0.000000000
0.024692601
0.016711050
0.015148563
-0.004304783
0.012006938
0.018999973
-0.008821694
-0.018310088
-0.021281999
-0.002637417
0.016587043
0.006902491
0.010690754
-0.057784115
-0.004064071
0.001808216
0.033751022
-0.029244482
0.011622889
0.045610445
0.014752632
-0.004192833
0.041158095
0.007632039
0.028793206
0.001554033
-0.004279375
-0.032088307
-0.034401401
-0.000416762
-0.001668786
-0.015145388
-0.025328700
-0.004357303
0.000436595
-0.007887882
-0.003084354
0.008349893
-0.006145839
0.003077664
-0.034840561
0.018018451
-0.018018451
0.015336324
0.020381697
-0.017253186
0.014618176
0.003073565
-0.013683684
-0.007136567
0.011128577
-0.003992010
-0.001334295
-0.017508801
-0.004539270
-0.020685580
0.074704901
-0.000431092
-0.021796886
0.001321276
-0.040418547
-0.008745821
0.022852904
0.037254837
-0.019341154
-0.023805363
-0.014191084
-0.039977087
-0.000479971
0.007175295
0.016075979
0.028210053
-0.017015921
0.017015921
0.012687004
-0.027849319
0.046583105
0.010112266
-0.030648702
0.006743157
-0.007645610
-0.017304641
0.001377075
-0.034534437
0.008039736
0.007508254
0.004664185
0.009263657
-0.058868452
0.029867350
0.029462094
-0.029462094
-0.021588788
0.002421944
-0.014620136
-0.003442413
-0.044317434
0.018367917
-0.024048292
-0.014606333
0.022858116
-0.036614896
0.016380709
-0.020652024
0.017502406
-0.055675017
-0.036800001
-0.011017840
0.003492387
-0.006412036
0.005830917
-0.005246281
-0.036302823
-0.032648379
-0.013236884
-0.024407082
0.023772415
0.010107420
-0.037788647
0.013614413
0.004497367
-0.022035930
0.027151002
0.019577451
0.061837878
0.008779744
0.000000000
0.051118430
-0.003883521
-0.017947719
-0.058257622
-0.010250336
-0.032648379
0.033254330
-0.026390019
0.081763488
0.002861172
-0.026050723
-0.035217041
-0.035872697
-0.235339791
0.024401057
-0.036425244
0.051857720
0.064490584
-0.017379125
0.035871762
0.000000000
-0.013480068
-0.018018571
-0.040821976
0.003780721
-0.018279236
0.022045717
-0.000752100
-0.033668027
0.006206346
-0.013234940
-0.024594659
-0.008064556
0.000000000
0.004040408
0.004024148
-0.041826511
-0.007566219
0.062162186
-0.050417108
0.021452974
-0.012320478
0.044451740
-0.043625619
0.027689035
0.011976267
0.003960318
0.074616041
0.149633624
0.004412194
-0.041739587
-0.035372345
0.031430147
0.007215522
-0.047516457
-0.027798930
0.022989622
-0.022989622
-0.009915004
-0.002137484
-0.014368130
0.017928044
-0.033975017
-0.003683319
0.025502281
-0.029199142
0.005908404
-0.011851924
0.029370673
0.030640117
0.012552502
-0.004166756
-0.015428025
-0.035975159
0.005843666
-0.004379507
-0.000731811
0.017416963
-0.013763325
0.002185837
0.032930676
0.400759195
-0.116957888
0.038996396
0.007619996
-0.015812572
-0.027099112
-0.022436904
-0.049276413
0.001701081
0.020191435
0.042929623
0.014259511
0.000000000
0.032502287
0.068180367
0.017857638
-0.021182285
0.017916577
0.006520785
0.013831425
-0.013367366
0.020666675
-0.034685590
-0.011834404
-0.025562055
0.000976582
-0.029217257
-0.017744489
0.010684464
0.038714574
0.059535696
0.002290998
-0.017544329
-0.031223015
-0.004334211
0.027607672
-0.012757096
0.000000000
-0.000475634
-0.008120433
-0.014006541
0.012566677
-0.013053086
0.052606237
0.035823485
0.006216658
0.033945828
0.004269859
-0.002559736
-0.035655951
-0.024194707
-0.060766422
0.000000000
-0.052943300
0.051496491
0.023844705
0.013108825
-0.050559105
-0.021761572
0.012422565
-0.038766549
0.000000000
0.027343556
0.007960196
0.000000000
0.013290881
0.012150812
0.014388730
-0.013423043
-0.005808259
-0.017136323
-0.012922700
-0.065105667
0.001067312
0.016398149
-0.007372374
0.009468853
-0.010526516
-0.017076148
-0.014092323
0.015168247
-0.025042190
-0.038779706
0.009127222
0.006226915
-0.015354137
-0.017341584
0.048373562
0.042420839
0.000000000
-0.020441942
-0.001087514
0.050912413
0.000000000
-0.028850716
-0.012855007
-0.006489981
-0.009266914
0.006550205
-0.040527349
-0.041057966
0.015231638
-0.022935534
0.013002626
0.011094987
0.002899451
-0.006972798
0.020202756
0.070059010
-0.027547027
0.068262314
0.000000000
0.035179594
-0.001482660
-0.010939905
0.016365326
0.003437292
-0.030358034
0.000000000
0.054093737
0.008104947
0.027167915
-0.024322906
0.019226852
-0.004189011
0.000466318
-0.001399656
0.065938082
0.020333914
0.022862871
0.041407916
-0.017828740
0.017828740
-0.005234541
-0.024521036
0.022095722
-0.001619997
-0.011004809
-0.031220001
-0.017918621
0.028433873
0.040185817
-0.016207803
-0.071095961
-0.004395519
-0.017329944
-0.003142556
-0.004054915
-0.032112834
-0.004204619
-0.008462698
0.071507743
-0.025825138
-0.048993052
-0.005224480
-0.003338870
0.017523498
0.014911799
0.033207427
-0.096205439
-0.100446442
0.035316611
-0.017502406
0.031079749
-0.003117001
-0.036560280
-0.002702028
0.014504701
0.005319159
-0.042259822
-0.004437089
-0.013430572
0.016760162
0.023002178
0.041363226
-0.009394669
0.043607970
-0.016194750
0.025687636
-0.095956831
0.002186976
0.018398823
0.032184255
-0.018868540
-0.027898759
0.023125494
-0.003194846
0.012718755
-0.028848129
-0.040935002
0.018462146
-0.121879577
-0.046132464
-0.012537193
-0.072984938
0.021202197
0.022814709
0.034926258
0.070707616
-0.081324844
-0.045726157
-0.065656448
-0.038773383
0.043979743
0.023461581
0.032789820
-0.004921022
-0.087588001
-0.000769621
0.031074878
0.007434975
-0.086607410
0.038816721
-0.002333690
-0.026836625
-0.041655671
0.027962318
-0.011419352
0.068938258
0.025700477
0.165388017
-0.089948272
0.005521032
-0.027915268
0.021701870
0.011019475
0.002735964
0.014915551
0.022622364
0.052542515
0.020389984
0.054743051
-0.021657404
0.014684605
0.043919294
-0.061566802
-0.003567135
-0.005973730
0.034161172
0.010368786
-0.011527617
0.034191406
-0.042925022
-0.046687189
-0.006146361
-0.013656218
-0.049978384
-0.006591978
-0.002649061
0.013175415
0.074388417
-0.017157187
-0.022501015
-0.067999999
0.044981078
-0.032876055
-0.020939711
0.063471452
-0.002565734
0.084921845
-0.067729426
-0.001263449
-0.030159434
-0.027073362
0.025117013
0.046549637
-0.010018813
-0.070387357
0.046182326
-0.017561378
-0.035396039
0.039978655
0.042205745
-0.048101586
0.010457620
0.030101547
-0.029451550
-0.010450856
-0.005266606
0.039474547
-0.015990100
-0.043485105
0.108386125
0.063216023
0.048168679
0.013423069
0.159848675
0.036156575
-0.096582364
-0.048983345
0.060505399
0.049812431
-0.037949950
-0.026285849
0.053276801
0.042693499
-0.022692852
-0.046048677
0.037914946
0.056452285
-0.056906118
0.056048144
0.008547056
0.021053442
0.029558762
-0.027477640
-0.043771510
-0.023737447
0.050314152
0.000000000
-0.020945438
-0.006065820
0.082946914
-0.020202697
0.006509344
0.000810759
-0.004467019
0.006086401
0.042761824
-0.002716880
0.001553509
-0.053399186
0.006934571
-0.009803987
0.011834402
0.003240204
0.022392017
-0.019565430
0.038367409
-0.019593174
-0.011142196
-0.023482833
-0.018189862
0.034846757
-0.041964196
-0.029852949
-0.017467684
-0.012411528
0.065179549
0.012458499
