-0.017812266
0.039023307
0.033983748
-0.032749965
-0.058392246
0.014276706
0.019145512
0.015056597
-0.026499892
-0.011575613
-0.046335228
-0.054293302
0.021232295
-0.024097571
-0.017366567
-0.026628613
-0.010550350
-0.030771588
0.015504239
-0.061875467
0.016234178
0.025438442
-0.019018000
-0.001601250
-0.014528002
-0.003257455
-0.031485574
-0.008453165
0.018503497
0.023065388
0.041473169
0.030771588
0.000000000
-0.013730100
0.012213829
0.003030247
0.032741065
0.008746408
-0.059808591
-0.010844380
-0.038099832
0.009661907
0.017474654
-0.017474654
0.015898640
0.009419218
0.006230429
0.012345949
-0.007698294
0.034931433
0.032308286
0.005763757
0.057238075
0.051564685
-0.001289466
-0.011680929
-0.049508394
-0.017993531
-0.011236015
-0.040351332
0.068208220
0.009569421
0.028170791
0.003960626
-0.009265575
-0.012040351
0.034395013
0.011635623
-0.028685335
0.019647066
0.003883425
-0.005181258
-0.003903786
0.066817681
0.035931993
0.039220739
-0.021727655
0.042993115
-0.003327852
-0.021337108
0.038734842
0.126462227
0.031626964
-0.062276906
-0.010090996
-0.006103770
0.017198220
-0.046185695
0.010449394
0.004149375
-0.008316039
-0.024301257
0.005333275
-0.010695267
-0.016260549
0.065562689
-0.034360591
0.052616637
-0.014170248
-0.056618892
0.042244958
0.027538596
-0.012145988
-0.035236736
0.014660036
-0.019948185
-0.020354229
0.022472750
-0.011708406
0.012766105
-0.025697170
0.009713972
0.008556184
-0.007482709
-0.006458445
-0.018529162
-0.015521468
-0.028330512
0.000000000
-0.005763758
-0.015142883
-0.016568526
0.017741478
-0.003523124
0.028987541
-0.028987541
-0.009456315
0.018823914
0.012739066
0.037271509
-0.013393156
-0.019285932
-0.020833913
-0.016509907
0.029293254
-0.016298347
-0.040724102
-0.009828207
0.042302360
-0.010708060
-0.024214208
0.039644817
0.007042400
0.036743307
-0.035574469
-0.023641848
0.020130960
-0.029746399
-0.006057010
0.002427318
-0.028274788
-0.031668262
0.005134789
-0.015484148
-0.018373330
-0.026847195
0.025521891
-0.022804504
-0.052937199
-0.010064685
0.077817015
0.040607911
-0.012919904
-0.023685267
0.000000000
0.017162026
0.039774316
0.059810327
-0.033738071
0.002448115
0.021766094
0.013072255
0.025642245
0.001150149
0.033901608
0.011049937
-0.039220817
0.006833725
-0.031126431
0.002339177
-0.017678746
0.001188419
-0.007151521
0.016607836
0.028987541
-0.017291526
0.061991611
0.059402402
-0.001030336
0.000000000
-0.007242586
0.056523613
-0.016823771
-0.017111661
0.005063234
-0.010152351
0.019202111
0.006982727
-0.025164894
0.013164662
-0.020325861
-0.021796413
0.008359488
-0.001041064
-0.030674002
0.012806978
0.051664390
0.021913182
0.076778578
-0.021208733
-0.016917662
0.018779961
0.001858733
-0.014025498
0.000000000
0.000941121
-0.016121754
0.017062097
0.040521215
-0.014545783
0.022635647
-0.018067301
-0.011921409
-0.006478335
-0.036883696
-0.014556212
0.026050676
0.019802638
-0.045853313
-0.002936909
-0.024815173
0.029705093
0.018366894
0.025533408
-0.006557439
-0.003766475
0.011257236
0.010208726
-0.044367895
-0.025416651
0.003952566
-0.008915401
0.001988068
0.022583087
0.013500769
-0.053109827
0.009049760
0.014903543
-0.023953304
-0.032857097
-0.038302472
0.018270156
-0.020441827
-0.007637835
0.004371583
-0.016492856
-0.033825023
-0.016185552
0.013889215
-0.009238053
-0.054840805
0.086807062
0.072581964
0.048939443
0.027479592
-0.009727573
-0.013779828
0.003956587
-0.012916366
-0.011060868
-0.004052682
-0.030930352
-0.005249404
0.017736651
0.033556656
0.004987588
-0.002989476
0.031436707
-0.028447231
-0.026211238
0.006110101
-0.016377111
0.008222139
0.013218206
0.010050315
0.056380329
0.032545966
-0.027831156
0.024164695
0.001834859
0.016364071
0.000901356
-0.010869752
-0.054269624
0.005752641
0.058485379
-0.005424957
0.006326313
0.009861158
-0.018911077
-0.010050367
0.016393879
-0.028403079
-0.014981627
0.000000000
0.012189477
-0.022621087
0.012316621
-0.047237650
0.006886332
0.008784756
-0.004870755
0.027926485
0.016015542
0.012999123
0.034455038
0.000000000
0.012400487
0.000000000
0.075427510
0.042355470
-0.004705793
0.007050499
0.003895551
-0.003895551
0.017795447
0.004590664
0.026366864
0.004451120
-0.013413074
-0.009800241
-0.011428715
-0.000766619
0.003062783
-0.004597613
-0.039159365
-0.042420720
-0.021053317
-0.008547139
0.046129817
0.001637999
-0.001637999
0.010599297
0.013693344
0.001598718
-0.001598718
0.037681077
0.016049265
0.019520099
0.027137698
0.000723367
0.001445084
-0.000722240
-0.024873295
0.024150451
-0.063430429
-0.001542017
0.029648675
-0.003752299
0.026707763
0.047185291
0.066195683
0.095310227
0.008283987
0.005875512
0.090130928
-0.045449921
-0.013536621
-0.010847961
0.042703217
0.029270320
-0.007506783
0.034905758
0.034732848
0.080969052
0.007839622
-0.047986683
0.035506640
-0.002794540
0.009747071
-0.035256301
-0.015915449
0.009675914
0.035008286
0.021615038
-0.027209553
-0.004216362
0.034151996
0.010830408
0.009825873
0.002219627
0.018454013
0.035496659
0.036307634
0.009275997
-0.010898146
0.002432146
0.006859023
0.003211558
0.005994034
0.014240673
-0.032331603
0.014098872
-0.009646311
-0.026602721
-0.005823772
0.012437992
0.020392273
0.103461254
0.031532464
0.010526431
-0.005249365
0.010471318
0.020959380
-0.026879616
0.012840626
0.023851320
-0.023851320
-0.024787334
-0.053360538
0.005947919
0.013986296
-0.050985575
-0.022560225
0.019478565
-0.010861261
-0.014139989
-0.024020364
-0.017576613
-0.014956719
0.046215519
-0.039540497
-0.007512493
0.011661915
-0.016701862
0.006714284
0.007915066
-0.006661221
0.023938455
0.012563485
0.002413512
0.006407698
0.009139835
0.036508789
-0.023539464
0.008166446
0.019939269
-0.003041778
0.006074375
0.014653729
0.007432158
0.019795327
-0.007285909
-0.022182092
-0.023833183
-0.004604757
0.025817672
0.013772777
-0.008911992
-0.057970586
0.003944770
-0.007905118
0.045762057
-0.043779922
0.033492200
0.022345200
0.011173277
-0.014549729
0.041948708
0.001800156
0.022057097
0.008758120
-0.011929902
-0.037767504
-0.002936771
-0.000735605
-0.007015071
-0.018321593
-0.013678125
0.007622016
-0.002660980
-0.004578490
-0.025170707
0.013632098
-0.013632098
0.000392057
-0.030649168
0.007650492
-0.008863859
0.018444841
0.028203838
0.000772243
0.008072358
-0.008844601
0.009227354
-0.004987510
-0.008109635
0.001549696
-0.002713722
-0.019996682
-0.010350434
-0.012077416
0.054770385
0.012195291
-0.013730120
0.020901322
-0.043034001
-0.020226682
0.026489009
0.041274487
-0.018134238
0.002665161
-0.004955191
-0.041745892
-0.015659861
0.012067700
0.021361528
0.021681153
0.004966549
0.014377904
0.000750989
-0.035922822
0.038172579
0.001870883
-0.038099765
-0.001554690
-0.015285414
-0.006339197
0.000794640
-0.016416773
-0.020804365
0.012290174
0.001627336
-0.010625287
-0.030874356
0.029229576
0.036764427
-0.028159575
-0.020194362
0.002079407
-0.019295956
-0.011073296
-0.029113468
0.022237601
-0.022237601
-0.010192969
0.012395098
-0.019996205
0.024823918
-0.012334982
0.018880947
-0.046292203
-0.011454881
-0.006472449
0.001853565
0.021525834
-0.010018226
-0.013825180
-0.018735925
-0.023924536
-0.008266474
-0.037308542
0.031922955
-0.011355403
-0.026158321
0.014170190
-0.006048336
-0.009141798
0.036075981
0.018528204
0.063632230
0.005875787
0.000450526
0.031044507
0.010475338
-0.015592128
-0.039830438
-0.011964272
-0.045660663
0.014073773
0.017953713
0.061611115
0.015180502
-0.001413449
-0.040900514
-0.030418770
-0.185872096
-0.006116296
-0.034324710
0.037387566
0.075374010
-0.032865402
0.029456316
0.000000000
-0.013176908
-0.004624254
-0.046851198
0.007862247
0.017910881
0.051322938
-0.030244867
-0.027012874
-0.016807034
0.000000000
0.010836986
-0.006006029
0.000000000
0.014947913
-0.015550555
-0.043110099
-0.006313158
0.043983516
-0.034528728
0.032101464
-0.016539290
0.048819606
-0.048202144
0.012879662
0.002434587
-0.012232579
0.063768966
0.099395794
-0.013154636
-0.041638794
-0.024030143
0.037195526
0.013531962
-0.052425846
-0.024083732
0.015548881
-0.032523147
0.002947126
0.001176509
-0.005305008
0.023365509
-0.031078300
-0.021674671
0.027612750
-0.013110959
0.007172880
-0.017423243
0.041549041
0.033727160
0.012845727
-0.002222295
-0.008938604
-0.029614925
0.023987384
-0.001129224
0.002820938
0.007856342
-0.029497201
0.000000000
0.026137744
0.278243371
-0.095734894
0.012537934
0.010101086
0.003647902
-0.011444402
0.004593538
-0.060939716
0.008246456
0.012004957
0.025914312
0.022989491
0.000000000
0.042711056
0.057956622
0.014688194
-0.021699967
0.015606097
0.003660742
0.006878431
0.016397095
0.016912841
-0.036945581
-0.005274938
-0.018062871
0.000000000
-0.046204500
-0.017505889
0.001764504
0.042284092
0.068570303
-0.001974336
-0.008733672
-0.037786389
-0.000828441
0.025369574
-0.019996528
0.000000000
0.004113586
-0.008658191
-0.005397499
0.015286393
-0.011131790
0.057595888
0.034618874
0.000377954
0.027582925
0.005499522
-0.001829943
-0.037697935
-0.036804496
-0.062698617
0.000000000
-0.044241669
0.052609883
0.012833962
0.021164814
-0.055052161
-0.034635392
0.020493323
-0.042766071
0.000000000
0.020067536
0.004844753
0.000000000
0.009184453
0.032972385
0.020430087
-0.013713063
-0.014752609
-0.019293176
-0.019231343
-0.059081246
0.002337993
0.033527923
-0.020995808
0.021447321
-0.020986134
-0.010194800
-0.022134077
0.012775232
-0.027163983
-0.028419350
0.009398947
0.006380518
-0.021761573
-0.009040722
0.055447137
0.061999517
0.000000000
-0.019022263
-0.007803657
0.045052750
0.000000000
-0.038621844
-0.016155503
0.014322263
-0.025553001
0.002350082
-0.043172113
-0.042048286
0.024742523
-0.014063498
0.017051644
0.009403598
0.013698827
-0.023102424
0.028916430
0.041633268
-0.040667620
0.089060444
0.000000000
0.050785461
-0.007582201
-0.014909680
0.016599637
-0.008904067
-0.020654727
-0.002176236
0.053447699
0.026896589
0.027757515
-0.026551994
0.004007983
-0.000800263
-0.003207721
-0.002010053
0.082979110
0.012879713
0.021700690
0.044778289
-0.025642389
0.011863345
-0.032789869
0.000000000
0.022679989
0.008374104
-0.014348458
-0.046167612
-0.029215564
0.023663113
0.043935103
-0.019731526
-0.076395990
-0.004704034
-0.001966571
-0.011084818
0.015014099
-0.020202717
-0.000400232
-0.008038594
0.067107819
-0.040036144
-0.046632278
-0.008264474
-0.020541517
0.020126501
0.033070966
0.031623217
-0.085244271
-0.069749890
0.047036166
0.003461730
0.010741207
-0.014636486
-0.043880300
-0.021525811
0.026948408
0.009419174
-0.043336306
-0.004672910
-0.000468484
0.031821906
0.002719850
0.054615083
-0.022979635
0.021692936
-0.034938083
0.028911361
-0.084189087
-0.000939880
0.021856156
0.035693915
-0.034774345
-0.035550958
0.035550958
-0.021835846
-0.011337037
-0.039733978
-0.013937386
0.036904539
-0.098939986
-0.067280036
0.030339387
-0.100025154
0.015174811
0.008995571
0.035770410
0.084993133
-0.084993133
-0.065460603
-0.055640151
-0.049310445
0.020953796
0.057827085
0.049871799
-0.018182273
-0.085511206
-0.000666501
0.041141940
0.013346241
-0.073331243
0.033403200
-0.009904349
-0.042011537
-0.051839869
0.018057568
-0.030525547
0.080099427
0.044629463
0.153685190
-0.063421887
0.002378199
-0.016766900
0.021506275
-0.010098080
-0.006588879
0.024340717
0.005264666
0.040028312
0.025457831
0.048009376
-0.015748481
0.020943248
0.045082387
-0.059170738
-0.009503798
-0.001592859
0.024148275
0.008778767
-0.010336072
0.032706020
-0.037914424
-0.026992866
-0.024437783
-0.015512756
-0.037547094
0.005780428
0.004026385
0.014815146
0.068841967
-0.007419180
-0.016626828
-0.055029167
0.019242217
-0.031314736
-0.012805871
0.064648313
-0.001098822
0.077714116
-0.065149100
-0.017525028
-0.033711087
-0.005730740
0.016529388
0.062451788
-0.001594441
-0.054096833
0.027140885
-0.014309375
-0.029819477
0.038649610
0.041964035
-0.046369355
0.001654112
0.035718106
-0.026941254
-0.000546402
-0.000546416
0.030688708
-0.012806917
-0.046162094
0.094901064
0.082910894
0.047354346
0.015151735
0.168142222
0.001494258
-0.087316915
-0.023074747
0.053167275
0.027292208
-0.055350145
-0.034322124
0.058022843
0.021599049
-0.006626403
-0.039486730
0.026496950
0.029666560
-0.035228723
0.044798143
0.013245278
0.007117482
0.010766704
-0.009274792
-0.036050228
-0.016754677
0.025219594
0.009153358
-0.014146748
0.006907227
0.069069359
-0.008962248
0.002876683
-0.001077833
-0.006129449
-0.000723612
0.045977023
0.003450698
0.007549717
-0.032311241
0.012631751
-0.006646880
0.002804085
0.004539925
0.011777049
-0.012822980
0.032260935
-0.013601109
0.000684485
-0.025291494
-0.021994508
0.028639064
-0.039820428
-0.023115976
-0.019869518
-0.009893498
0.058304983
0.016103385
