-0.022381225
-0.018272847
-0.007572748
-0.029136760
-0.008733380
0.004812722
-0.012738935
-0.055443569
0.007912451
-0.010251698
0.000000000
-0.005636505
0.040614680
0.004962826
0.032325203
0.000871222
0.001304983
-0.006542920
0.010881532
0.027328657
0.000000000
0.021255166
0.018791370
-0.015908781
0.014694078
-0.006912178
0.019794730
0.019017898
0.010541035
-0.005842358
0.007781955
0.003868585
0.013804000
-0.000761831
-0.024692709
0.004287660
0.015055481
-0.047067767
0.026160974
0.001563652
0.001951234
-0.045870496
0.029360608
0.010644767
-0.027028786
0.015194407
-0.007968310
-0.006823066
0.004821215
-0.000401800
0.013166192
0.013386197
0.002343531
-0.026088488
-0.035878218
0.004556011
-0.005802108
0.011981106
0.025143208
-0.016963123
-0.009824119
0.002054653
0.002869576
-0.007395468
-0.009113399
0.007049673
-0.001240600
0.003304327
-0.002890822
-0.006222577
-0.029991827
-0.004297338
0.007294520
-0.016814464
0.001303758
-0.016638070
-0.008869095
0.012489716
-0.008401755
0.042596825
0.004246150
0.009278894
-0.019928600
-0.004291754
0.006858099
0.010199628
-0.022232479
0.000864276
-0.009984850
0.015584752
-0.014712381
0.038482646
-0.003361279
0.027398710
0.029455601
0.001986258
-0.031851494
-0.014441974
0.021382450
-0.029729813
-0.008840424
0.019678494
-0.004987548
-0.018503686
-0.009810103
-0.011207089
0.015057344
0.001279984
0.028999828
0.004958780
-0.005787511
-0.002906472
0.013217903
0.000820360
-0.016119339
-0.006280318
-0.015235159
-0.002134484
0.023232596
-0.027085875
0.014903305
-0.003387025
-0.009801918
-0.004291652
0.006430569
0.000427438
0.024473661
-0.014696962
0.002535349
0.024177480
-0.008686632
-0.001247063
0.008284923
-0.007453318
0.001661096
-0.013787457
-0.002949030
0.004210162
-0.013536525
0.020653857
-0.007117332
-0.056170159
0.060363016
0.004175479
0.011187119
0.016752224
0.011281278
-0.018601355
0.014184541
-0.022792960
-0.009929669
-0.002081177
-0.014690835
-0.008492665
-0.015931358
0.000867725
-0.019264980
-0.007098485
-0.030743777
0.005494432
0.052046212
-0.004343883
-0.000871216
0.001306495
-0.022888262
0.051204002
0.000423032
0.010096861
-0.010519893
-0.014916065
0.021661507
-0.006322410
0.027113167
0.027999374
0.026457915
0.011238045
0.002693887
0.005366061
0.009889669
-0.015639985
-0.029655125
0.000000000
0.007103596
0.001571712
0.001177144
-0.005899954
-0.001974154
0.017241749
-0.013296966
0.034059104
-0.001142344
0.009856084
-0.032588525
-0.022862836
0.032558184
0.020627233
0.000000000
-0.001892249
0.005665999
0.014211024
0.010343547
-0.023425438
0.046673849
-0.001077726
0.007877071
0.008522571
0.039519931
-0.038813002
0.009495480
-0.016231781
-0.012889600
0.000000000
0.002159868
-0.015217706
0.035506574
0.016078629
-0.004169467
0.000696102
0.014165035
0.011935525
0.003046120
-0.007803256
-0.000340746
-0.003754864
0.038905061
-0.022286019
0.009040877
0.002995427
-0.004663469
0.005660034
-0.006662258
-0.021281108
0.013227363
-0.009478897
-0.006825834
-0.006872853
0.016076760
-0.007493199
-0.029490382
0.007716532
0.023856115
-0.006512411
-0.015246546
0.014558520
0.038148008
-0.029240735
0.000000000
-0.014428483
-0.022040300
0.003531130
-0.003885104
0.022394274
-0.022747973
-0.004968191
-0.040288327
-0.002967612
0.018403331
-0.019146354
0.007038329
0.029820335
-0.020634249
0.026350413
-0.041460405
0.065744810
-0.001043833
-0.052521374
0.005487453
0.010163445
0.007555199
0.024430582
-0.038871149
0.025136054
0.006010346
0.038719001
0.000000000
0.018145658
-0.022563898
0.025888281
-0.020792185
0.000338809
0.022773968
-0.016358245
0.016358245
-0.016694956
-0.020408862
-0.150662894
-0.081542255
0.038687037
-0.013857044
-0.009772702
-0.064367886
0.024293020
0.001332529
0.038742337
0.000000000
-0.032106742
0.003081604
0.013100595
0.018515016
-0.002990882
0.012332885
-0.006360172
0.023125056
-0.002496983
-0.006269615
-0.018193902
-0.012027590
-0.006503429
-0.029576370
0.017322344
-0.023163603
-0.052266323
0.000949370
0.014598758
0.019903598
0.021759711
-0.001346299
-0.028234993
0.011481310
-0.008253341
-0.017181687
0.017642178
0.010983934
-0.026287154
-0.039557213
-0.018150877
0.002472003
-0.006937385
-0.009492967
-0.039421552
0.014515491
0.011767726
-0.024717959
-0.016824532
-0.010661266
0.004811427
-0.003740237
0.016985505
0.005249609
-0.007884621
0.000527406
0.010493245
-0.005757605
0.000524908
-0.021745634
0.008010616
-0.002663191
0.015348387
-0.018018360
-0.002677452
0.014901761
-0.013829997
-0.012395772
-0.051750099
0.016988072
-0.026167659
0.001727389
0.048297211
-0.015470203
-0.003346260
0.027066009
-0.008207943
0.017429649
-0.020180651
-0.018910568
-0.023289766
0.006872789
-0.001142180
0.008534748
0.035618881
-0.032225170
0.002819370
-0.005646769
0.010141406
-0.007314007
0.015130796
-0.006136710
0.000559170
-0.026637643
-0.012135431
0.010410688
-0.014488940
-0.002338005
0.016251506
-0.002882821
0.010910154
-0.001142950
0.002854783
-0.167831726
-0.039895303
0.008385684
0.002085569
0.013108262
0.004786195
0.017580004
-0.011459575
0.001355054
0.005401790
0.011382775
0.007296961
-0.008629309
-0.011398107
-0.004054110
-0.017759995
-0.035066812
0.009943268
0.016123704
-0.017538029
0.000707412
0.007749259
0.003502663
0.002095623
0.011793473
0.039220629
0.014483558
0.035316665
0.018131060
-0.024460122
-0.004454286
0.012044291
-0.006955332
0.001268138
-0.025025387
-0.028337870
0.005333231
-0.009352041
-0.004034957
0.020674292
-0.034926249
-0.014478152
0.021978859
-0.033854589
-0.015581112
0.010649743
0.002116391
0.018157039
0.023932705
-0.020478630
-0.015288682
-0.019088566
0.024675285
0.028828404
0.034577925
0.035316738
-0.013977408
-0.008352272
0.010269742
-0.006406071
0.006406071
0.003824141
0.010126678
0.010648271
0.066289334
0.034387505
-0.041996634
0.018049885
0.019995139
-0.022884168
0.011507426
0.043655387
-0.040799249
0.009651470
0.003383848
0.009526498
-0.023703011
-0.030147402
-0.038396828
0.026555306
-0.010176504
0.016706802
-0.005934642
-0.018624832
0.004839607
0.020902472
0.004717266
-0.008269649
-0.021583455
0.027497041
-0.045846078
-0.009925648
-0.028456022
-0.007080842
-0.003235118
-0.028263444
0.034079194
-0.020834040
-0.016584105
0.022487665
-0.001963782
0.002617721
0.009756121
0.010302675
0.005111804
0.019565179
0.000000000
0.022250614
-0.011681657
0.020202723
0.004836804
0.002409626
-0.010281442
0.018072746
-0.015643976
0.018624832
0.017699540
0.022550703
0.006269579
0.002836750
0.019636214
0.011599073
0.025482787
-0.015646695
-0.005999384
-0.031678286
0.016242506
0.012696762
-0.021625344
0.006703842
-0.010635363
0.013415728
-0.030442328
0.017589242
0.018941910
0.012613318
-0.002182204
0.001637099
-0.013172343
0.003859753
0.020158791
-0.004324529
-0.009798555
-0.026047613
0.006715326
0.006116364
-0.013393328
0.028794919
-0.007121385
0.008212599
0.024240599
0.020543141
-0.021608207
0.006901871
-0.017614507
-0.010828306
0.015663155
-0.008611527
0.021391185
-0.060657616
-0.003386035
0.010683072
-0.006733916
-0.009049833
0.008486712
-0.009623634
-0.005132791
-0.005733813
-0.022093884
0.007613400
-0.017064024
0.026355728
0.002886136
-0.019791240
-0.010638668
-0.010152018
-0.053000963
0.020050920
-0.018153874
-0.008246110
-0.000637162
-0.003831388
-0.010233301
-0.002605747
-0.011151444
0.013106424
-0.039845870
0.035278135
-0.009198475
-0.004631196
0.001325456
0.021618849
0.019256033
0.003806941
0.001266088
0.010069305
-0.011335393
-0.051326336
0.026317062
-0.016366808
0.067627684
-0.014290290
0.024112590
0.023544352
-0.016847427
0.000000000
0.010262813
-0.039196667
-0.001250134
0.015513961
-0.009901191
-0.013145743
0.008158236
-0.006269650
-0.020330994
0.007035438
0.013959662
-0.005687158
0.000000000
-0.023078025
0.045015432
-0.023840401
-0.003816758
0.014552522
-0.005669246
-0.017846303
-0.036010318
0.001997914
0.001994065
0.004637323
0.004615917
0.003939622
0.028425643
-0.016051732
0.000646967
0.015404765
0.013915384
-0.023515550
0.001285399
-0.005151407
0.001290505
-0.014940296
0.005221954
0.009073200
0.006431017
0.002560793
-0.001279577
-0.004491588
0.018477809
-0.012067534
0.007638532
-0.003811908
-0.004465734
-0.003202083
0.029079050
0.014842729
0.022459220
0.017846864
-0.023263795
0.000603556
0.010797648
0.011862590
0.003531634
-0.011820642
-0.015578462
0.004218161
0.029039188
-0.001168835
0.012783303
-0.015711828
0.000000000
0.040235525
0.005617989
0.004471788
-0.001674670
-0.012932345
0.001131095
0.031165691
0.000000000
0.003828128
-0.001638824
0.011416313
0.010217835
-0.010758461
0.005931581
-0.002153048
0.001079558
-0.020709347
-0.000550845
-0.006078842
-0.002219886
0.000555602
0.024137008
-0.023582107
-0.007240326
0.009457639
0.002764829
-0.009431403
-0.009521373
0.006730307
0.000000000
0.006129823
-0.011173331
0.000000000
-0.021579423
-0.024994142
-0.055670701
0.009290847
-0.005564231
0.010484329
-0.006771299
0.012887450
-0.020327096
0.013597286
-0.042639766
-0.010302681
0.014139033
-0.011553427
0.000000000
0.056476735
-0.007963382
0.004908148
-0.009840129
-0.023133344
-0.008894600
-0.007687413
-0.013596850
0.000000000
0.000651650
-0.000651650
0.000000000
0.020645924
-0.003838741
0.000000000
-0.017459192
0.011028187
-0.009724528
0.012945200
0.006410263
-0.009630936
-0.004526360
0.006460021
0.023545494
0.014981418
0.017199637
0.016908684
-0.004801967
-0.019441770
0.005506235
-0.008578427
0.001230146
0.016458862
-0.003027790
0.202928566
-0.014460623
0.000000000
0.060684122
-0.036754777
-0.014888504
0.000000000
0.025667813
0.037306838
0.023202902
-0.054194608
0.002418347
-0.022967005
0.002961600
0.010296579
-0.012269921
-0.007435024
-0.008493794
-0.001506301
-0.016721889
0.005605072
-0.004583708
-0.008200843
0.018863492
0.000000000
-0.000505110
0.013052303
0.009925801
-0.011423130
0.018803183
0.043172052
-0.018001345
0.050336695
-0.014190968
-0.004157961
-0.007435052
0.014355444
0.006416165
0.010904281
0.021015620
-0.005768757
-0.004460293
0.000893535
0.009335516
0.000884579
0.009678982
-0.048440118
-0.007379902
-0.004640455
0.005565967
-0.027668868
0.018841699
-0.032245320
0.067545933
-0.010414549
-0.011444417
-0.028012928
-0.014306484
-0.000961915
-0.009185564
-0.007311491
0.050558943
-0.011695978
-0.001884194
0.008918155
0.002799799
-0.002799799
0.006985016
-0.011668916
0.013986393
-0.014925717
0.022765269
-0.005527480
-0.030959324
0.065014875
0.038963146
-0.011660675
0.002169692
-0.016168145
0.013129168
-0.008733731
-0.001316538
0.031556532
0.008474675
-0.007135043
-0.015464293
0.003457279
-0.026225217
-0.019678671
-0.004526849
0.003623072
-0.006349233
0.001818281
0.012187034
0.034828190
-0.026785373
-0.004907381
-0.008984780
0.041543648
0.008620738
-0.023888112
0.004823501
-0.010554145
0.000000000
0.014483516
0.010834247
0.008583738
-0.045909624
-0.012607200
0.018851560
0.013251244
-0.014586033
-0.018423371
0.050839686
0.019210823
-0.044086696
0.031320573
0.059439909
0.000000000
0.000806760
-0.030292930
0.011981180
-0.020747617
0.024027625
-0.012770454
0.007434866
-0.012839257
-0.002506217
-0.004611292
0.034685577
-0.015542146
0.018783711
0.049714304
0.036656381
-0.154150742
-0.018790117
-0.004864089
-0.044411421
0.003700224
-0.047267679
0.016322971
0.026781009
-0.012596371
-0.012757114
-0.018234661
-0.017094404
-0.009901139
-0.009497642
-0.013144891
-0.010744532
-0.013464636
0.003642954
0.000000000
-0.023122398
-0.000531798
-0.009083684
0.015446464
-0.034959217
0.010345799
-0.004887233
-0.006553908
0.011982731
-0.009246842
0.037538072
0.021864415
0.006671829
0.006119327
0.011625039
-0.018767853
0.003577682
0.017699700
0.004001994
-0.006511523
-0.015190170
0.000000000
-0.010771987
0.022438404
-0.010136903
0.004067100
0.011100029
0.006003001
-0.033471632
-0.010889392
-0.001565375
0.004168831
0.021096755
-0.003570587
-0.024309398
0.000000000
-0.004197265
0.012026288
0.015983776
0.017241826
-0.003021115
-0.030724436
0.032739644
0.023869824
-0.023869824
-0.035343086
0.001042336
-0.026386743
0.013807794
-0.027266968
-0.013093596
0.036661722
-0.001589227
-0.001592022
-0.003724427
-0.009103017
-0.004312768
-0.029051013
0.039284829
0.049579654
-0.013326650
0.046871776
0.030070149
0.016114109
0.024153528
-0.000459016
-0.008298795
-0.049832470
-0.008306971
0.000000000
0.000980987
0.008298763
0.001942722
-0.020093788
0.030711671
0.018078465
-0.016159969
0.017573348
0.011236110
0.012031617
0.000459906
0.002296180
0.000000000
-0.018986445
0.005129423
-0.023530492
-0.025562129
0.019831411
0.007158316
-0.000475656
-0.010521401
-0.003371041
0.024774978
0.009367757
-0.030771694
-0.021872006
0.053575587
0.000000000
-0.019290178
0.029489664
