-0.040917452
0.016568395
0.038000912
0.027857242
-0.028987562
-0.027524790
0.021852479
0.021385286
-0.004464408
0.002234696
-0.042171400
-0.007009555
0.052523375
-0.002227086
-0.037483037
-0.028170847
0.013010267
0.030094892
0.009080448
-0.032149520
0.040027922
-0.036533512
-0.018779772
-0.016726916
-0.012121203
0.004866001
-0.012210006
-0.019851798
0.041723808
0.021403999
0.023256710
0.013698903
-0.024097580
-0.001162145
0.005796968
0.020595784
0.068917318
-0.049847696
-0.038509825
-0.006952549
-0.005830920
-0.010582079
0.005892769
-0.028607401
0.039127632
0.010410558
0.012578961
-0.011428696
0.047146693
-0.002195164
0.057646392
-0.009379793
0.055003398
-0.000991469
0.020624212
-0.019632742
-0.024073229
-0.010204172
0.071243714
-0.014430060
0.054680798
-0.017581042
0.052741027
-0.030583194
-0.007334854
0.011890558
-0.007301156
0.003234760
-0.008349295
0.023946112
0.000903856
-0.014655985
0.010100318
0.027028593
0.011491034
0.014826309
-0.025425298
0.018473041
-0.007000930
0.005257432
-0.005257432
0.055507260
-0.020140130
-0.029233116
0.010414975
0.004308456
-0.010369855
-0.041689313
-0.002722933
0.019782879
0.000000000
-0.007151061
0.002688799
-0.024444553
-0.011058455
0.012888047
-0.011967208
0.031893370
-0.012631819
-0.047432469
0.038308534
-0.007361801
0.006440892
-0.020387874
-0.006574233
0.003759257
-0.007542234
-0.011415664
0.020832121
0.020407219
-0.012935528
0.009259141
0.016455512
0.035622671
0.000878113
0.006098587
-0.005230157
-0.003495919
0.006988541
0.006072129
-0.004334594
-0.001737535
0.003471615
-0.001734079
0.011223997
0.023772083
-0.023772083
0.000862283
0.022909801
0.019939311
-0.000826100
0.021977396
-0.009707286
0.017726531
-0.008019244
0.034818370
-0.013305871
-0.001583693
-0.011107967
0.010323190
-0.000793360
0.041806352
-0.010675556
0.006869880
0.002282063
-0.012990495
-0.006174512
-0.034645932
-0.013713829
0.031186780
-0.023905451
-0.019541265
-0.004120381
-0.000829407
-0.010803795
-0.010073854
-0.004228414
-0.011931612
-0.034025321
-0.008912668
0.054869601
-0.001694479
-0.026671721
-0.022923265
-0.018914747
0.012643391
0.042187370
-0.027923271
0.019280221
0.019770347
0.016878025
-0.024563484
0.045268115
-0.011538251
0.018893319
-0.009818794
-0.026644364
-0.001687431
-0.022226731
-0.033396687
0.002679096
-0.019800874
0.006341793
0.020565698
0.015805576
-0.004365097
0.046997029
-0.027072399
0.021214084
-0.008431879
0.015128117
-0.019370760
0.012674522
-0.020362250
0.032044972
-0.031184798
0.027026817
0.000000000
-0.042559638
0.009523363
0.008576291
-0.016363729
0.015505870
0.006816151
-0.043371877
0.000000000
0.048447262
0.030778104
0.034604816
-0.032149060
0.017006573
-0.018648432
0.017849579
0.016735331
0.000000000
-0.009529830
-0.020971797
0.020971797
0.015835606
-0.014242370
-0.012024107
-0.012170552
0.012980106
-0.031100770
-0.013392791
0.019192954
0.020450672
-0.018800966
-0.015797088
0.014976789
-0.018340498
0.050034360
-0.004806846
0.010389438
-0.011196833
0.000000000
-0.004030603
0.005636851
-0.045182315
0.011701106
0.000091331
0.007462562
0.019637241
-0.016340353
-0.008262847
-0.066097040
0.051032186
0.006724531
-0.063985485
0.035091351
0.003438751
-0.005162626
-0.033367476
0.005346482
0.000882286
-0.000882286
-0.020639645
-0.012779184
-0.032658109
0.033579587
-0.012000236
0.040933419
0.003564168
0.073594931
0.002473984
-0.019947236
0.014993343
0.008245691
0.016265418
-0.011360415
-0.012320429
-0.009965307
0.000837880
0.014894126
0.025156759
-0.002408279
-0.012929782
0.012929782
-0.008064489
-0.004056817
0.039845664
-0.014163785
0.008681703
0.001568266
0.012474138
0.022971741
-0.022971741
0.002322463
0.004621662
0.012235420
0.015827009
-0.002247985
-0.019678070
-0.035804606
0.027356195
0.016064709
-0.021474750
0.038027258
-0.003738242
-0.002251162
-0.028937439
0.017612131
0.002276869
-0.009898900
-0.035036670
-0.009552638
-0.012885875
0.004853671
-0.021194024
-0.000818929
0.018785316
-0.010575175
0.018633140
0.016708674
-0.004593706
0.004991025
-0.004991025
0.005814678
-0.007481175
0.001666497
0.012422544
0.013086067
0.034336227
0.000779707
0.003913939
0.001559729
-0.034920860
-0.006484791
0.004294933
0.010616684
0.000812018
0.022472964
-0.006369547
0.008747670
-0.002378124
-0.001588469
-0.022509095
-0.015567811
-0.002480169
-0.002486831
-0.008333188
0.000836471
0.003338903
-0.002503131
-0.009232131
0.029083909
0.007343978
0.011317638
0.024614388
-0.008664981
-0.001583438
0.014162227
0.003120222
-0.010963498
0.004713381
-0.002353773
-0.004724515
0.000000000
-0.004746847
0.018853858
0.003107914
0.004643881
0.014565233
-0.008406535
-0.003844682
0.016806945
0.012796748
0.018525918
-0.004415196
0.024044975
0.000000000
-0.000720202
0.002159052
0.005019648
0.014909763
0.016078733
0.005532520
0.006872801
-0.011712163
0.001385125
0.002764261
-0.004842544
0.013774329
-0.001369008
0.005464498
0.013532014
-0.022426884
-0.004822774
-0.006930039
-0.023215885
-0.013615495
0.026345434
-0.001406387
-0.007062264
-0.022940001
0.000000000
-0.013873819
0.005865035
0.002919625
-0.005115016
0.042315406
-0.006340369
0.010545003
0.008356599
0.012405321
-0.015878755
-0.011900910
0.007017744
-0.005610116
0.023628630
0.006162214
-0.024180729
0.012508773
0.000690370
-0.008315978
0.014507952
-0.012422361
-0.036779353
-0.008683040
0.005074143
0.010787598
0.025425113
-0.002094243
0.020062947
-0.002056910
0.006840139
0.000000000
0.004081478
-0.005445898
0.001364420
0.002042740
-0.002042740
-0.019966414
0.001390021
-0.009769796
0.012543558
0.018525493
-0.009563001
0.019035336
0.019340392
0.015077317
0.002598938
0.013535580
-0.011590606
-0.009762452
0.013641010
0.010269595
-0.004480010
0.005756411
-0.012191520
0.000645524
-0.012987124
0.003262569
0.000000000
-0.017083288
-0.005981995
0.008629331
0.024160507
-0.029461967
-0.053919598
-0.029173281
-0.005792836
0.041257564
-0.018284710
-0.005693884
0.016985471
-0.003515028
-0.009196930
0.005669671
0.003527259
0.013986500
-0.008368420
-0.007027440
-0.038092935
0.002926032
-0.016943326
0.008139155
0.010264026
0.012323555
-0.025539438
-0.019403602
0.003009696
-0.018961519
0.012932861
-0.002270240
0.000000000
-0.011428612
0.003824190
0.030077469
-0.006689169
0.001490403
0.011107117
0.020408796
0.006323867
0.000000000
0.003724429
0.005930315
-0.002219791
-0.026267965
0.003037198
0.008305169
-0.006033179
0.023178569
-0.013393010
0.005229685
-0.004481034
0.003735474
0.017738933
0.004385957
-0.001459849
0.004373253
0.023006048
-0.011436907
-0.018868502
0.028882857
-0.021583496
0.014440633
0.017057924
-0.021368343
-0.005776086
0.003613972
0.007905193
-0.005743079
-0.002883831
-0.010159787
0.017354037
-0.002152722
0.003585382
0.001430610
0.009249452
0.001415342
-0.033072718
0.003648253
-0.012458853
-0.011869534
0.011869534
0.015368102
0.016565000
-0.026050668
0.000000000
-0.010317015
0.034938014
-0.013683956
0.004341526
-0.012350402
-0.013245181
-0.011173219
-0.009029634
0.016492329
-0.003724429
0.013343453
0.001471665
0.006595781
0.000730149
0.020947008
-0.002863270
0.011404218
-0.000708925
-0.020781798
-0.018268747
0.024764638
-0.001440045
-0.010865740
-0.014673643
-0.013393010
0.022955430
-0.010301832
-0.011904947
0.007457216
-0.026347064
0.029314415
-0.010424567
0.011165073
-0.006684040
0.032260834
-0.026317301
-0.030077436
0.011385239
0.001508377
0.017924326
0.005904055
-0.001472834
0.008073453
0.005104020
-0.003643104
-0.014706097
-0.080968999
0.033178283
-0.017241837
0.013349236
0.017015224
0.018237438
0.008995704
0.000000000
0.007434952
-0.011922689
0.011922689
0.014706097
-0.007325931
0.009513268
0.005085563
-0.010929157
-0.018484792
0.001491419
0.009640340
-0.004437777
0.000000000
0.019090171
-0.005835237
-0.008817157
0.000737775
0.005149072
0.005122443
0.006547961
-0.014609496
0.013158122
0.007956490
0.022088583
0.001408527
-0.005645644
0.010559521
-0.009145342
0.021671719
-0.000691760
-0.006247949
0.016575066
0.010899330
0.001353936
-0.002710019
-0.010228450
-0.003432918
-0.002065279
0.013689419
-0.002041621
-0.015099754
-0.000691760
0.017152980
-0.013009263
-0.009695491
0.005551775
0.003454183
0.003442372
0.013652042
0.011459588
0.000669976
-0.016205642
-0.009575963
-0.027876514
0.025812497
0.017747845
-0.002031787
-0.006802802
0.016920936
-0.010118134
0.020799183
-0.010681049
0.014657183
-0.007301738
-0.000666404
0.003327817
-0.002661413
0.015206890
0.008494015
-0.005872791
-0.001309603
-0.000655708
0.000000000
0.005232247
0.008444358
0.014767509
-0.012828942
0.001934891
0.036689846
-0.020709906
-0.004448856
-0.003189748
-0.010276227
-0.014304410
-0.011195449
0.007258375
0.007858559
-0.021761453
0.009290014
-0.009290014
0.010610142
0.013757167
0.001949982
-0.003251987
-0.007192011
0.022706165
-0.006435080
0.000000000
0.004508886
-0.015544375
-0.007863709
0.024692749
-0.018135296
-0.008533043
-0.037613668
0.014271462
0.003368167
-0.034899272
0.043603720
-0.022245491
-0.018576437
0.017894505
0.000000000
-0.002048592
-0.008236040
-0.004143717
0.011695959
0.000000000
-0.006174916
0.004120871
-0.027094504
0.000000000
0.010508142
0.003478292
0.000000000
0.006920339
-0.001380337
0.006882474
-0.005502137
-0.008310268
-0.004181256
-0.004900278
-0.032088161
0.012243497
0.004998167
-0.008583549
-0.021053458
-0.010324623
0.008121136
0.002936849
0.000732825
-0.002200255
0.005856512
0.000000000
0.004370151
-0.008759233
-0.017006108
0.002978569
0.003710524
0.000000000
-0.002224730
0.010428518
0.037108610
0.000000000
0.014184516
-0.046117608
0.001473944
-0.008875840
0.016212568
0.012350414
-0.024115256
0.009569421
0.007299407
-0.007299407
-0.001466130
0.004392290
-0.002926160
-0.005141306
0.008797586
-0.022887581
0.021426722
0.000000000
0.030948806
-0.004261350
-0.005710223
-0.018786620
0.006543192
-0.005085610
-0.028816089
0.023704899
-0.009562465
-0.026967799
-0.012992169
0.014509469
-0.012972342
0.005362020
0.000000000
0.023406032
0.002980671
-0.006718876
0.038211809
-0.019658390
0.005133764
-0.027439501
0.018622438
0.020453476
-0.000723255
-0.013110105
-0.003672477
-0.001472775
0.013177455
0.012287841
-0.010834332
-0.012422530
0.005865036
-0.013245165
-0.000741026
0.004437856
-0.000738290
0.000738290
0.002947639
-0.004424765
-0.009654789
-0.017313010
0.010574009
-0.002256521
-0.009837440
0.007575816
0.043365106
-0.008286290
0.017248280
0.060293087
-0.019802739
0.001480417
-0.005190919
0.005190919
0.037740290
-0.028170868
0.007299381
-0.014652357
-0.003696863
-0.008928664
-0.008255145
0.036260053
0.021568057
-0.012164762
-0.022571054
-0.017081709
-0.014334445
0.012835163
-0.006019631
-0.018279167
0.036971304
0.144581260
-0.115382023
-0.029940190
0.004437816
0.009548413
-0.025167940
0.006723956
0.023547927
-0.022803587
0.008151230
0.021176393
-0.044320411
-0.013688398
0.012176729
0.044385993
-0.013110138
-0.023740023
-0.011325072
-0.034765962
0.011723383
0.021522709
-0.005337365
-0.006134957
0.000000000
0.000000000
-0.002310408
0.017577803
0.017274154
0.001488206
0.043643221
0.009210172
-0.020663353
-0.017429700
0.008026405
0.007962266
-0.016721478
0.018882206
0.007882461
-0.020916727
0.005814017
0.008658019
-0.014472035
0.010873538
0.001441029
-0.005776160
0.012949717
0.000714556
-0.018018433
0.013723568
-0.010093800
0.007220249
0.035339298
-0.052756272
0.000731735
0.002192152
-0.003656312
0.032435358
-0.009262671
0.014214883
-0.012069757
-0.007168415
0.006453859
-0.008614587
-0.027038509
0.011049839
0.021739992
-0.012987091
0.008676799
-0.013043712
0.006543161
0.001448181
0.009362662
-0.005751321
-0.022603896
0.002209915
-0.008127062
0.005179396
-0.023144018
0.012758182
-0.005983533
-0.019697626
0.004580178
0.001522022
0.007575796
-0.007575796
-0.015325974
-0.010869576
-0.000780962
0.009331280
0.008477911
-0.029597232
-0.011128877
0.029923630
-0.009353181
-0.010232333
0.001580978
0.021875845
-0.011659677
-0.011797147
0.040315577
0.038021668
0.010913170
-0.000723790
0.007214964
0.006449310
-0.023853653
-0.004398850
0.022521858
0.022025702
-0.014154522
0.010634704
-0.005657695
0.003539678
0.011942570
-0.009119717
0.008421208
0.002791335
-0.017575074
0.000000000
-0.007117544
0.000714046
0.008528868
-0.002125370
-0.001419477
-0.015027210
0.000720736
-0.009410026
0.029382209
-0.049213962
0.020558777
0.002902745
0.000000000
-0.021978988
-0.023989114
-0.001518555
0.017326205
0.017765074
0.005122542
-0.000730209
0.024532246
-0.015081019
0.007927986
-0.007927986
-0.001448181
0.002894267
0.004325982
-0.015953961
0.025262911
-0.003570083
-0.010787669
0.018625275
-0.006408058
0.012069757
-0.018519067
0.010014377
0.016237535
0.032383163
