-0.038929798
0.054803240
-0.008626930
-0.007246512
-0.056089456
-0.011216577
0.008906294
0.028877319
-0.016997531
0.001902936
-0.064386402
0.016489404
0.034499728
-0.010069875
0.001944419
-0.020805467
0.018471779
-0.015303405
0.028840586
-0.040373751
0.071389917
0.005570922
-0.026267853
-0.018032373
-0.011682288
0.019779547
-0.031203844
0.033505474
0.026466496
0.010393515
0.006258154
-0.009216827
-0.020580636
-0.028765117
0.050086343
0.019425208
0.014414595
-0.008263034
-0.011611121
-0.004755853
0.001465744
0.008386725
-0.005096616
-0.012116931
0.017576491
0.001813144
0.017953942
-0.008218860
0.022002343
0.024273080
0.011580476
0.007086141
0.012032345
0.004309525
0.024507093
-0.017255775
-0.022248914
0.011020261
0.032350461
0.004811521
0.030257553
-0.000310393
-0.004669438
-0.023679082
-0.003199944
0.004157972
-0.000958028
-0.000319489
0.016167667
-0.007892573
0.007578109
0.016843942
-0.009448939
0.011345852
0.001252823
0.004683771
-0.011278248
0.008158218
0.004676537
-0.004989056
0.013352154
0.009822041
-0.011056623
0.008304072
0.023608701
0.000598061
0.025676477
-0.024182711
0.038359213
-0.015926399
-0.007617713
-0.025317883
0.020896084
-0.001182238
-0.005040778
-0.002679036
0.013617803
0.000587802
-0.000587802
-0.006489744
0.011475819
0.013657024
0.001730032
0.004886043
-0.000860626
-0.001435860
-0.002877611
-0.024800828
-0.004441088
0.005327159
0.013777124
0.021599060
-0.001425411
0.011629582
0.011495888
-0.004750389
-0.008438908
-0.013365736
0.004854976
-0.003138923
0.003138923
0.028091827
0.002766168
0.005784324
-0.000274514
0.004932838
-0.003560256
0.007924657
-0.001634510
0.005979946
0.008903211
0.004555928
-0.010752775
0.000810405
-0.004872718
-0.006807547
-0.022100197
-0.005602292
-0.016997474
0.008534973
0.019635905
-0.000555925
-0.027614952
0.000856786
0.000285248
0.007959205
-0.027265271
-0.017611150
-0.023065451
0.010550240
-0.012066493
0.016852648
0.020381794
0.037025391
0.005899701
-0.003648025
-0.013586404
-0.019278534
-0.027092262
0.033174932
0.010627644
0.019802649
-0.005618240
-0.004234234
-0.041883321
-0.019059577
0.013735759
-0.030716097
-0.006750511
0.003687751
-0.017327139
0.039472585
0.032760926
-0.002907734
0.030400924
0.002820668
-0.033512937
-0.010247456
0.014317277
-0.007863736
-0.005865031
-0.014218258
-0.006284665
0.018147087
-0.001770297
-0.008303951
0.026158852
-0.012259494
-0.001469273
0.014598503
-0.005230894
0.007547326
-0.002316433
-0.010196422
0.013380042
-0.006086072
0.020714140
-0.006283983
-0.036771024
0.017094447
-0.000877075
0.014518305
0.014310384
0.010740853
-0.025627914
-0.008109032
0.016438829
0.027924381
0.008310367
0.002754737
-0.011899985
0.020392242
0.005440628
0.009181629
0.009364701
-0.003200751
-0.010474150
0.001079286
-0.002970916
-0.001353496
0.011579525
-0.026313615
0.001373336
-0.045200397
0.008008953
-0.021890164
-0.007600212
0.030913972
-0.006278572
0.012235171
0.001130565
0.025105890
-0.015267505
0.002793211
-0.021142357
-0.001425411
-0.001142076
0.001427376
-0.010609482
0.006035347
-0.008922220
0.021168087
-0.003723543
-0.006621683
-0.011036841
-0.036887208
0.047346187
0.005763686
-0.027973734
0.013501765
-0.001750695
0.006984864
0.003474114
-0.021914838
-0.017883984
0.000300608
-0.000300608
-0.003012088
0.019418014
0.012057373
-0.008513333
0.012306187
0.009275256
0.042643726
0.004964116
-0.019444979
0.006988237
0.014929619
-0.000823486
-0.009382063
-0.006954950
0.000558187
0.006951200
0.001384455
0.015103795
0.005978372
0.001353718
0.008620812
-0.004570590
0.004302316
0.018607809
0.002367355
0.006024990
-0.007602791
0.001314913
0.030540771
0.008882157
-0.006336434
0.011879385
0.001004512
0.016430664
0.002465992
-0.037645650
-0.002304533
0.007915448
0.013640062
0.013456407
0.000494923
0.010092359
-0.003434740
-0.006657619
0.013515523
-0.009072181
0.013941727
-0.002675324
-0.013238774
-0.032099142
-0.002551434
-0.007951803
0.013048420
0.011625161
-0.008072682
0.025013834
-0.010429657
0.002991003
0.002485608
0.020480299
0.034980398
-0.004545929
0.000000000
-0.011092288
0.006766416
0.020265332
0.006586845
-0.002582560
-0.002824923
-0.000471396
0.008454589
-0.007276159
0.014035283
0.021827439
0.013544121
0.004697590
0.014181470
-0.021123690
0.017597242
-0.015352613
0.000224228
0.016452136
0.007906974
-0.003506538
-0.007934836
0.002431207
0.001103193
0.002202696
0.003294905
0.000000000
0.006557418
0.012987163
-0.003231029
0.003661050
0.002790536
0.007049045
-0.016093019
0.011826878
-0.013775487
0.000216586
0.027357941
0.001264328
0.012347149
-0.016779052
0.003799951
0.001473826
-0.019760512
-0.017316499
0.028201316
0.018507343
0.013659138
0.003078513
-0.002051310
0.015889536
-0.008320627
0.012757092
-0.002014210
0.001007686
0.005022500
0.004997630
-0.010020130
-0.010732237
0.026121689
0.011829823
-0.025609418
-0.006657857
0.033833937
0.040649865
0.016214992
-0.008167849
0.023942259
0.010499627
-0.020559144
-0.010161817
-0.004280240
0.026864569
-0.003637681
-0.016164997
-0.014173987
-0.004518021
0.003766395
-0.017253188
-0.000191312
-0.011156073
0.008474558
-0.005384579
0.000385504
-0.026959930
0.009852138
-0.011635899
0.015745136
-0.014951947
0.022732636
-0.002910674
-0.017446225
0.017057574
0.003105573
-0.003883572
0.014294264
-0.003073360
-0.035043249
0.009912856
-0.018718187
-0.005037914
0.018018723
-0.015798821
0.007830609
0.026641941
0.007759476
0.011527397
-0.000955549
-0.025170790
0.009756284
0.014458063
-0.022255436
-0.015381758
0.019482950
-0.001755495
0.004480268
0.002135876
-0.014456309
0.011931707
-0.016270166
0.034000356
-0.000381962
0.014230368
-0.005099621
-0.004745305
0.019593717
0.008730405
0.000554738
-0.006118489
0.014402038
-0.002753566
0.019838694
0.025795161
-0.022017892
-0.016107445
0.011969606
0.012362393
0.003377498
-0.006051963
-0.041372667
-0.024297126
0.004755014
-0.013179412
-0.003081194
0.014741406
0.014527250
-0.013008050
-0.011450478
-0.007707148
0.010773440
-0.004218602
-0.014906934
0.023516999
-0.038451461
0.023479855
-0.012845547
0.028007601
0.002093044
0.001709233
-0.013179412
-0.010825648
0.020202784
-0.018261010
0.002905660
0.025776955
-0.002264392
-0.015997485
0.012211624
0.006992300
-0.009460657
0.007575834
0.009063380
0.020650088
0.001655717
0.006413150
-0.002011121
0.003835967
-0.001824846
-0.004576574
-0.006442739
-0.012076396
-0.005247343
0.026880801
0.009647799
-0.016070421
0.013349356
-0.005829802
0.013790861
0.015379336
0.022634586
0.009324786
0.005485120
-0.009446104
-0.007969584
0.010554583
-0.012469761
0.001045061
0.005382447
-0.015179574
-0.003698884
0.017145401
-0.005043168
-0.002968127
0.003490976
0.001914990
0.008658032
0.026876965
-0.021546366
0.011763845
0.019303968
-0.003163718
0.007808044
-0.015173417
0.002684610
-0.012816404
0.014825095
0.003338952
-0.006856816
-0.013856260
-0.034975843
0.015734646
-0.021743776
-0.021140327
0.029964847
0.000702679
-0.010413963
-0.012857373
-0.013389029
0.006174051
0.006495749
0.031861215
-0.008749003
0.001755880
0.008559778
0.009349056
0.013011695
-0.008369704
0.012613097
0.006079001
-0.009472196
-0.006308187
0.013589502
0.003873062
-0.005561707
-0.002707780
-0.004075370
-0.006315600
-0.018143060
0.009544586
-0.004847685
0.003119050
-0.001731610
-0.004342172
0.011335369
0.001911411
-0.008718373
-0.029322355
0.019643408
-0.009773398
-0.005371562
-0.042169429
-0.013195257
0.002274400
0.020982424
0.016000301
-0.020087184
-0.054119013
0.011526921
-0.013296952
0.025268539
0.024645822
0.021856842
-0.010683561
0.000000000
0.002219707
-0.013392988
-0.016997595
0.003232855
0.011890338
-0.013220256
0.007198330
-0.014831882
-0.006149215
-0.008906228
0.016012783
0.012552430
0.000000000
0.012956736
-0.013145638
-0.005877469
-0.001712785
0.021668314
-0.012189500
0.013679559
-0.006535344
-0.000562226
-0.002439701
0.017877574
0.007538904
0.002013000
0.001826472
-0.002192208
-0.001280925
0.003473133
0.010889455
0.010772077
0.003031034
0.010096675
-0.000528924
-0.009211715
-0.001424778
-0.001962292
0.002674999
0.008865317
0.006159192
-0.014134541
0.013783637
-0.003164014
-0.001762103
0.003521106
0.000175678
0.005082969
-0.004029170
0.021188705
-0.002925732
0.031554782
-0.008048360
-0.000673560
-0.006083228
0.005914662
0.010892461
-0.004845068
0.008837120
-0.001495095
0.023982731
0.003726172
-0.001942400
0.015115276
-0.021128153
-0.000325952
0.011510207
-0.014940243
0.010254815
0.012552508
-0.001440384
0.012889075
0.000000000
0.010537161
0.001250738
0.003742967
-0.004993705
0.005616242
-0.010163550
0.006891250
-0.001562050
-0.010528946
-0.020750833
0.000806080
-0.015756034
0.010099534
-0.009281184
0.001144315
0.000816747
-0.001633976
0.010573454
0.002424252
0.000806813
-0.008910579
0.000000000
0.000813291
0.005189829
0.000000000
0.009979110
-0.013544254
0.005019897
0.009484871
0.010346245
-0.026150446
-0.025017846
0.014560183
0.011432467
-0.009463293
0.027487559
-0.013164367
-0.014323192
0.011410104
0.000000000
-0.007320122
-0.000816747
-0.018636619
0.031623909
-0.020202758
0.003942233
0.017388841
0.009779703
0.000000000
0.020684391
0.007007761
0.000000000
0.004335713
0.000154516
0.008767324
0.001530085
-0.000305890
-0.014326609
0.002324689
-0.010112836
0.002498806
0.002181357
0.009911854
0.006298544
-0.006761084
-0.000616842
0.007837098
0.011717546
-0.001514166
-0.018349059
0.013488906
-0.018129365
-0.003883433
-0.005775420
0.004685264
-0.003433743
0.000000000
0.015821727
0.011779992
-0.001521934
0.000000000
0.001065680
0.001976173
-0.011320306
0.009797945
0.013016771
0.000000000
-0.007698850
0.005892580
0.007952737
0.016159221
-0.011239367
0.010945197
-0.023215378
0.005555257
-0.003750197
-0.012856533
0.031467926
0.000000000
0.005883387
0.004535790
0.007272697
0.014388836
0.009808784
-0.019714957
-0.011755360
0.013485234
0.009461040
-0.009893169
-0.009119383
0.017156114
-0.001573528
0.004143137
-0.000427754
0.019631982
-0.006313580
0.010500639
-0.015721944
-0.004964069
0.012294289
0.005602300
-0.004900229
0.013245152
0.009237099
-0.006056597
0.003720891
0.004118075
-0.017968821
0.011095902
-0.019217887
-0.015873362
-0.012217213
-0.003912272
-0.004073367
-0.002773368
0.015951620
0.024022078
0.001403635
0.015309962
-0.005540324
-0.002085459
-0.004883151
-0.001819795
-0.005479455
0.010789632
0.010398725
-0.015008618
-0.005898118
0.013986238
-0.006968610
-0.001399591
-0.004210566
-0.018596571
0.009128542
0.011013915
-0.020715771
-0.010665962
-0.000144973
-0.008733629
0.007573533
0.020962639
0.010178277
0.016309795
-0.002110415
-0.020633933
-0.012151225
-0.004960532
-0.002196424
-0.004701665
0.001471613
-0.043583226
-0.021739920
-0.005983329
0.010681823
-0.023716524
-0.012072572
-0.015504181
0.019705811
-0.015602436
0.010914872
-0.016664340
-0.020471708
0.014688941
0.007264377
0.019709086
0.001772619
-0.016231508
-0.020667000
-0.025549205
0.001712401
-0.017604884
0.012459086
0.022950402
-0.015070954
0.009340259
-0.002708149
0.016807071
-0.010387045
-0.034784653
-0.006472521
0.035006551
-0.024705298
-0.023017802
0.027005021
-0.017804636
0.029842577
-0.006861082
0.030343891
-0.008552048
-0.002022988
-0.004058123
-0.000338916
-0.017611814
-0.016874404
0.002628152
0.023176451
-0.011694070
0.011864951
0.001366668
-0.018608426
0.027784300
0.001352277
0.032408335
0.005707262
-0.004726594
0.000653322
0.014747804
-0.025581791
0.014093960
-0.023879312
-0.018503426
-0.004253529
-0.018065056
0.001734661
0.007940673
0.023114520
-0.003028790
-0.002362038
-0.009163486
0.000681695
-0.024139168
0.005221933
-0.019281883
0.013361646
0.009386502
0.013404610
-0.010122812
-0.027269670
0.010050329
-0.000526439
0.012558987
0.004324176
0.018637825
-0.010729862
-0.011192615
-0.011319238
-0.003860308
-0.006880132
0.032224346
0.028556411
-0.018154775
0.016988062
0.003994697
-0.006165151
-0.024020153
-0.009633653
0.009462509
-0.016226905
-0.008213160
0.039733448
-0.002870915
-0.002200936
-0.002715572
0.022185784
0.009265452
-0.022484122
-0.009477069
-0.001872179
0.024401686
0.037524823
-0.007393167
0.012981954
0.006349268
0.022374333
-0.007766405
0.004667127
0.013412719
-0.010313442
0.028523313
0.022158630
0.010534133
0.018600564
0.001570178
-0.000142682
-0.008596023
-0.003603634
-0.015132009
0.004972361
0.020646063
0.022187029
-0.007716688
0.007157399
0.005578128
0.007895263
-0.003870671
0.027054582
0.003633081
-0.006062571
-0.018549329
0.011769606
-0.018538040
0.007594046
-0.020146541
-0.012427807
-0.009423315
0.016926780
0.004222319
0.009922597
0.000138993
-0.015271716
-0.002969291
-0.005110753
0.003410036
0.000567299
0.009453215
0.004064300
0.041906677
