-0.061730452
-0.060142283
-0.031748854
0.030723655
-0.025975504
-0.108875418
0.015720805
0.026789956
-0.039580694
0.052433681
0.006089007
0.007148876
0.058527266
-0.162975083
-0.012855894
0.043996177
-0.008883583
-0.020433473
0.042205356
-0.033139136
0.025543469
-0.034609689
0.069761632
0.010701331
-0.065996281
-0.030995938
-0.031350548
0.021424883
0.087115287
0.037570944
0.025537948
0.070422318
-0.050241036
0.060191551
0.053962946
0.055201987
-0.123123353
-0.026966993
-0.053494236
-0.024787620
-0.056797657
0.009400649
-0.030881204
-0.017645782
-0.016713355
-0.003752499
-0.001881383
-0.010094748
-0.029603080
0.036554062
0.052740724
-0.054000987
0.115398188
0.013947309
0.004973746
-0.002207547
-0.003320203
-0.001664351
0.051931479
-0.023467770
0.016591229
0.014229518
0.023786002
-0.001022384
0.025253754
0.020731190
-0.008339324
-0.042773932
-0.020255116
0.037079455
0.003532650
-0.030692992
-0.003643092
-0.028021940
0.020696030
0.000525048
-0.003154635
-0.002636452
-0.036179534
0.018217397
0.022716117
-0.028201476
0.006578870
-0.005479278
-0.003853769
-0.026265902
0.010701414
-0.025533356
0.017094564
0.021794588
-0.031445468
0.009085740
0.016260499
0.057806917
-0.020684706
-0.010234429
-0.042018390
-0.008505786
0.028629480
0.018097506
-0.032029271
0.016694937
-0.025147925
0.035032636
-0.015973811
0.042929580
0.071330737
0.023495886
-0.005822587
0.028779184
-0.003789738
-0.015785977
0.000000000
-0.036332079
-0.007024476
-0.036405074
0.025774712
-0.044220589
-0.045153144
-0.049040540
0.047927006
-0.014025418
0.005633696
-0.006764296
-0.007380225
-0.020725957
0.017872985
0.041416133
0.019544500
0.008032233
0.005849684
0.009498638
-0.051735758
-0.026907391
-0.016037040
0.021702797
-0.082399747
0.053744465
0.000000000
-0.053744465
-0.021706083
-0.059410685
-0.054695811
-0.075135504
-0.019121059
-0.001545523
0.000000000
-0.016374700
-0.032763539
-0.005702856
0.017814319
0.050851813
-0.000763080
0.049880132
-0.053704289
-0.036679984
-0.030672083
0.028284758
0.000000000
-0.008000070
-0.012121453
0.033576331
0.014826591
-0.034676307
0.001602490
0.000000000
-0.005620237
0.002412585
0.006405148
0.036823585
0.001537208
-0.035173488
0.033636281
0.003071960
0.038365136
0.025502155
-0.029199076
-0.037740175
-0.056977347
0.017756599
-0.000800333
0.008768430
0.002378160
0.021152418
0.088947509
0.025211382
0.080361711
0.017710898
-0.072806779
0.032507031
0.055852175
0.031594411
-0.040273928
-0.003742968
0.037416182
-0.007857449
0.004842475
0.039661947
-0.013438703
-0.003535490
0.002947146
-0.011246007
0.005934756
-0.023953172
-0.045885406
-0.019218946
0.062069476
0.006060418
0.006024211
-0.068349498
0.006410220
-0.005125093
0.005125093
0.001277000
-0.038378575
-0.001991320
0.096215787
-0.010312433
0.007895550
0.013221331
0.002385176
-0.019242933
-0.087508321
-0.074260806
-0.043770721
0.022124780
0.085916745
0.023810614
-0.000653737
0.008466320
0.003883400
-0.028170752
-0.014051810
-0.009478725
-0.042382147
0.021762788
0.000000000
0.006920553
-0.070718550
0.028458505
-0.021818758
0.000734851
0.023957518
-0.018827341
0.019544635
-0.003590906
-0.109365180
0.081646606
-0.005191141
-0.061321920
0.027292384
-0.035228663
-0.003992085
-0.001601407
-0.014528030
-0.049156249
-0.004278851
-0.022550861
-0.022173880
-0.013543989
-0.028586772
0.007456002
-0.012144201
0.095822552
-0.005136758
-0.028735239
0.054160318
0.040185832
0.000803548
-0.028515216
-0.042200286
0.015397897
-0.009381561
0.046052505
0.057249251
-0.036997428
-0.019434019
0.032974564
-0.011137723
-0.019386719
-0.025610646
0.035350935
0.030233192
0.048939249
0.000000000
0.043802592
0.035091440
0.023851169
0.010716700
-0.001333355
0.017196300
-0.100635772
-0.021254162
-0.105360547
0.004926300
0.025870487
0.009531201
-0.020767353
0.016807086
-0.045462286
0.004970988
-0.073726602
0.028936610
0.034822972
-0.010910585
0.018395043
-0.035416682
0.006843378
-0.005985470
0.010238948
0.041568990
-0.018907461
0.039859001
-0.025849587
-0.060727042
0.049204200
-0.012495052
0.024835698
-0.002455832
-0.050430813
0.023009049
0.022491519
-0.029254121
-0.005751942
0.044796582
0.029059727
0.008961243
-0.034656794
-0.067734398
-0.011748704
0.026907298
0.065091590
-0.019255698
0.003375736
-0.049211629
0.015803618
-0.011388572
0.001760511
0.007011425
-0.020291919
-0.024358317
0.015405974
0.028370491
0.005231104
-0.008733736
-0.048527006
0.020055429
0.212983853
0.013043711
0.045734264
0.017047666
0.046243515
0.003866024
-0.009693270
-0.015047622
-0.016617224
-0.014855147
0.002038799
0.070123788
-0.022401079
0.022401079
-0.005076231
0.015151886
0.030847352
-0.009768092
-0.018576129
0.052948096
0.005320682
0.014633003
-0.019953684
-0.012526282
-0.040421814
0.012422448
0.025595591
0.034302568
0.017291467
0.033711135
0.010988992
0.011410087
0.028755826
0.000524940
-0.030361880
-0.004879399
0.027340277
-0.051543888
-0.015712943
-0.028106195
0.021864986
0.004542952
0.010146618
-0.010713437
0.003395762
-0.046843010
0.017024209
0.015593789
0.026019540
0.008340250
0.019194570
-0.047270436
0.012450611
-0.004509523
0.008998802
0.007808152
-0.013986196
-0.018766499
-0.009227289
-0.012241504
-0.008245008
0.006484087
0.024377126
-0.048761494
-0.001807683
0.020890034
0.004714140
-0.007079678
0.055281728
0.029259702
-0.014246854
0.029901651
-0.028798540
-0.007747723
0.012148305
-0.014373001
0.005552521
0.019737556
0.018822809
0.014807064
-0.042901844
0.000547745
0.027014110
0.010077039
-0.040931950
-0.021111935
0.021661620
-0.018858192
0.027066092
0.022097327
0.007963926
0.005274371
0.005769737
-0.006822464
0.000526534
0.000526193
0.043238739
0.007528254
-0.021223675
-0.000510809
-0.024309376
-0.030297254
0.003770395
-0.008097131
-0.010351548
0.013598273
-0.022399079
-0.038293046
-0.010386815
0.048679861
-0.004984797
-0.024165463
-0.075596820
0.038735562
0.042819937
-0.002398079
-0.032329770
-0.013104622
0.029705182
0.035931890
-0.030459166
-0.005472724
-0.014742331
0.032270708
-0.029798523
0.035176410
-0.040126908
0.017220643
-0.025943571
0.016139515
-0.008657979
-0.024521928
-0.020579401
-0.039090863
0.042981764
-0.070380699
-0.007668284
-0.004207574
0.015341982
0.011011718
0.006141338
0.038148191
0.041038162
0.000000000
-0.004549866
0.005198221
0.023696247
-0.022401010
0.054169407
-0.004916926
-0.016149476
-0.007542505
-0.005060058
-0.001904186
-0.012144549
0.034758636
0.024541111
0.005439670
0.039591625
-0.017534122
-0.032966662
0.006680917
-0.028863099
0.001245441
0.018496281
0.020556832
-0.018725929
-0.030962298
-0.023545447
0.029189949
-0.031768946
-0.028152392
-0.034451217
-0.027876372
0.027876372
0.010256425
0.010152373
0.011382753
-0.001332342
-0.010050411
0.055660926
-0.012820761
0.007712164
-0.027256690
0.003939511
-0.017851687
0.016540386
-0.013875479
0.007952373
-0.011952364
0.012612125
-0.024709002
-0.026723087
0.070380730
-0.029558733
-0.016807195
0.068766938
0.008821678
-0.047536193
0.027256690
-0.047190981
-0.010118132
0.002031788
0.008086344
0.004018820
0.019199474
-0.001312380
0.022078766
0.019084693
-0.020369869
-0.009693202
0.018018607
0.032625270
-0.012422589
0.016119301
-0.008647313
0.022693375
-0.046548899
0.059203537
-0.006006091
0.000000000
0.023230620
0.000000000
0.026589343
0.014472057
0.004587124
0.019825083
0.020539158
0.016349071
-0.005420006
0.010810911
-0.025593610
0.009333037
0.017335299
-0.017335299
0.008163396
-0.002713734
0.009196712
-0.011917712
-0.137040940
0.085604217
-0.026745881
0.019837294
0.010916675
0.005697956
0.013544169
0.000000000
-0.013544169
-0.012003711
-0.010985921
-0.005830918
-0.072759321
0.040670942
0.037337841
-0.004080389
-0.007034189
0.002936890
-0.008836610
0.007662863
0.000000000
-0.004708620
0.003533558
-0.073791451
-0.075569678
0.034220053
0.033725732
-0.018018595
-0.039740238
-0.006779758
-0.020619278
0.015162286
0.001367098
0.018274545
0.006018120
-0.018164043
0.018164043
0.016529258
-0.001969071
0.018874664
0.005785843
0.017159619
0.008158177
0.011187211
0.018371604
-0.002430147
-0.019036576
0.032929936
0.013702847
-0.003556534
0.019988910
0.137887430
0.033901502
-0.005406707
-0.039713706
-0.055350096
0.005405357
0.023969266
0.018253346
-0.010911932
0.003129880
0.012936756
0.026884685
0.041662437
0.013826389
0.030312373
0.032982411
0.029343019
0.045970573
0.026038851
0.024594712
-0.017391785
0.005169975
0.003563726
0.038003837
-0.018046343
0.022223186
0.004914050
0.000000000
0.057514453
0.000000000
-0.010377565
0.024867977
-0.014846409
0.013090617
-0.001759110
0.003514902
-0.022353154
-0.000358885
0.026214782
0.038749859
0.022286036
-0.061035895
0.034367589
-0.001352272
0.039467940
0.007774545
0.026430469
0.021145002
0.024617660
-0.047964962
0.022731775
-0.025886385
0.021257481
-0.037502466
0.000000000
0.007996218
-0.016704510
0.009029451
0.014342816
-0.024020376
0.003236282
-0.051378428
0.018868579
0.004994163
-0.010684483
-0.047783736
-0.003527416
0.035749135
-0.016154288
0.000000000
-0.013254552
-0.013432365
-0.002851088
0.072270864
-0.033764163
-0.039220794
0.039907394
-0.023260967
0.000000000
0.039599018
0.049722123
0.000000000
0.005446044
-0.009630889
0.018853461
0.000316481
0.003159593
0.010356240
-0.039483025
-0.004557198
-0.011485034
0.010179046
-0.006884080
0.030771590
-0.020625894
0.023810644
-0.050540531
0.045120393
-0.000959466
-0.008354828
0.039233112
0.023609891
-0.003642976
0.015691374
0.023669635
-0.002928226
0.000000000
0.002635809
-0.009108275
-0.031786827
0.000000000
0.031491582
0.000885344
-0.004138349
-0.013719292
0.003597046
-0.017202742
0.000912921
0.030255442
-0.026612466
-0.008826772
-0.006440759
0.015267532
-0.004555897
-0.003965061
-0.014468599
-0.031498618
0.039220643
0.000000000
0.036257862
-0.008343486
0.008640090
0.038981073
0.026465685
-0.014835932
-0.023973776
0.020866768
0.004234410
-0.035846192
-0.025430158
0.022213302
-0.004109197
-0.014218223
0.007726593
0.003841104
-0.017552153
0.014007112
0.014980455
0.016768249
-0.040368217
0.011869602
-0.007401938
-0.014970299
0.001507175
-0.018851316
-0.036253979
0.008872057
-0.002843177
0.012574787
0.033484937
0.017964644
-0.008941932
0.086012799
-0.011327505
0.014071019
0.036318629
-0.010090258
-0.035587097
-0.004434649
-0.031032095
-0.020261207
0.022264869
-0.010636868
-0.017493118
0.011986763
0.031185482
-0.004517159
-0.019717783
-0.026317358
0.002367577
0.002656753
-0.000589751
-0.012466782
0.027108325
0.031194501
0.008086375
-0.003673846
0.006490737
-0.015306355
0.025382054
-0.059076864
-0.052460030
-0.006872917
-0.028296239
-0.000322580
0.006430932
-0.039887605
0.026659442
0.009052757
-0.002255527
-0.104285833
-0.077390683
0.009241458
0.095345097
-0.059210226
-0.026218738
0.001895788
0.005665692
0.008999018
0.007808128
-0.019069622
-0.081364757
-0.021524050
0.050979458
0.070978971
0.006644554
-0.058327851
-0.048751081
-0.043521641
0.017384454
-0.003368410
0.011323223
-0.020219686
0.002974306
-0.005104246
0.006376304
0.008018509
0.005867597
0.006663931
0.000000000
0.002487508
-0.012080934
0.005850388
-0.001250844
0.016960159
0.019094612
0.025820695
0.013245254
-0.009331329
0.033797398
-0.012540547
-0.000765149
0.000765149
0.031617261
-0.007064609
-0.041910879
-0.070522555
0.027184465
0.071346850
-0.009503988
0.002289235
0.006836264
0.009418100
-0.010175304
-0.000378919
-0.016813468
0.022858079
-0.003773573
0.029797394
0.007312615
-0.018382870
-0.035886746
-0.041222770
-0.030108009
0.016793387
0.028035441
-0.072468886
-0.007672500
-0.000428058
-0.033075249
-0.013363266
0.030907594
-0.021534586
0.012800849
0.028110001
-0.018072702
-0.001738414
-0.057746991
0.037979177
0.012345734
-0.051708525
-0.007410840
-0.000465031
-0.016412984
-0.016687027
-0.005302394
-0.009713487
0.026963532
0.023475206
0.035107391
0.009808424
0.012345734
0.039102720
-0.030376605
0.025306953
0.044727980
0.002831067
0.009246322
-0.022254579
0.038528002
0.007843186
0.007782107
-0.003883483
-0.006636711
-0.051437605
-0.042111575
-0.025703884
-0.060955589
-0.007533010
0.030255918
0.003661414
-0.023106387
0.021277356
0.015891372
-0.043735378
0.021416046
0.008713690
-0.018433721
0.044128133
0.028949407
-0.004767029
0.044187343
-0.014653859
-0.043972596
-0.087933199
0.024246411
0.018152644
0.015560937
0.045280795
0.073810492
-0.001284592
0.005980432
-0.005123855
-0.029100849
0.011393677
0.050552172
0.024551154
0.032216001
-0.031811816
0.015634626
-0.030286953
0.012630096
0.005651951
-0.027756856
-0.013753108
0.005023135
0.000417345
0.014913335
0.021558707
-0.022793005
-0.017023492
-0.017744464
-0.005556755
-0.019914059
-0.016310733
0.032359602
0.022128639
