-0.042777197
-0.014454921
-0.007306490
-0.013422863
-0.003384412
-0.010221615
-0.006183391
0.000689115
0.006178965
-0.024949030
0.037870368
-0.056284641
-0.035652876
0.020528151
0.003622217
-0.008714931
0.044927386
-0.042013899
0.021583696
-0.014337371
0.034767574
0.011095868
-0.011793271
0.027530849
-0.044420752
0.021762811
-0.020344387
-0.000709146
0.014084762
0.003490729
0.003478042
0.000000000
-0.045462214
0.030066524
-0.002117872
0.000000000
-0.003539971
-0.020781589
-0.002900621
0.015850291
0.007831918
-0.021505955
0.000000000
-0.020498665
0.031309642
-0.014440893
0.027261431
0.011959202
-0.024063347
0.031032118
0.028749437
-0.010173087
0.021578821
0.007973371
-0.027509315
0.014184472
-0.021695695
-0.001371547
0.039035810
0.054588393
-0.025958898
-0.001926309
0.002567198
0.017789502
0.013758821
0.024541305
0.006042244
-0.006648481
-0.005472737
0.000000000
0.018127329
0.008941988
0.001186071
-0.011926217
0.019602730
-0.014815067
0.008915260
0.005899808
-0.011834630
-0.025928352
0.043628033
0.023122451
-0.019037287
0.016175938
0.025461066
-0.011235943
0.008438771
-0.010701337
-0.002835091
0.021904581
-0.008368153
0.008368153
-0.008928674
0.003357693
-0.007852032
0.001125627
-0.005640107
-0.004535102
-0.018349224
0.001156725
0.020029199
0.005649815
0.008415099
-0.019746682
0.016949510
0.013908270
0.008801266
-0.003291530
-0.011049854
0.026610863
0.020441717
0.007955615
-0.008487988
-0.051938614
0.003920381
-0.006730302
-0.006775906
-0.025244950
0.050421065
0.008253129
0.003282444
0.007074932
0.008639375
-0.001075761
-0.014092518
0.003269922
-0.009292405
0.000000000
-0.006611640
-0.004987504
0.011049817
0.006571811
-0.003280507
0.013058087
-0.009231993
-0.005470321
-0.004949106
-0.007747788
-0.011173281
-0.010731339
-0.000568197
0.003969289
0.016278865
0.008317194
-0.008874170
-0.002231011
-0.018597086
0.005672154
-0.011376666
-0.002864505
0.004007925
0.002853064
-0.002853064
0.005129639
0.007363168
0.009853916
-0.012457716
-0.000569971
-0.016671774
0.013817185
-0.022550984
-0.014727704
-0.014948011
0.000000000
-0.018237523
0.018237523
-0.003620899
-0.046404852
0.031788229
0.007943775
0.048703263
-0.036604048
0.013142544
0.003554555
0.017004150
-0.011696049
-0.011834620
-0.024097417
-0.009188394
-0.003081549
0.004311579
-0.013614098
-0.012539196
0.007542402
0.017380863
0.003072241
0.024243629
-0.019347749
-0.017241724
0.012345845
0.024243629
-0.027315870
-0.003699032
-0.006196052
-0.001243638
-0.010635054
0.017456879
0.020190305
-0.031377647
0.035005114
-0.033131844
0.022819362
-0.015361177
0.001237481
-0.013698872
0.027212618
0.006689080
0.029264491
-0.032299437
-0.004875153
0.006090393
-0.021479940
0.004950572
0.003081549
-0.015504239
0.000624975
0.008706480
-0.013715789
0.022960814
-0.004303785
-0.014272695
0.000000000
0.018576480
0.011588872
-0.017125720
-0.019309169
0.001256926
0.005012611
0.000000000
0.000000000
-0.011313753
0.008183817
-0.021546898
-0.010302705
-0.029558864
0.013245236
0.016313628
-0.008449954
-0.004579724
-0.029952216
0.020067662
-0.006644633
-0.003338947
0.026404193
0.041473156
-0.048009217
0.011734156
-0.005198096
0.001302101
0.003895994
-0.005849614
-0.021081265
0.001995200
0.000000000
-0.003327664
-0.032523286
0.032523286
-0.013423030
-0.017723952
-0.013153533
-0.019704980
0.012712210
-0.012712210
0.036976981
0.023020438
-0.002681003
-0.013513554
-0.022704925
0.019297720
-0.015824420
-0.005563374
0.011095967
0.033234766
0.014569821
-0.007258290
0.001323474
0.008561079
0.009138402
0.004538325
-0.000647049
0.029338743
-0.000628742
0.024846017
-0.011104363
0.056089452
0.026050585
0.028170971
0.002773822
0.021918704
0.018260691
0.034522183
0.010230143
0.012642306
-0.007566214
-0.013765118
-0.008765188
0.007224072
0.028385070
0.030998705
0.017291485
-0.020688894
0.007748329
-0.001448121
0.047178473
-0.006936659
-0.024425311
0.018841588
0.037100575
-0.015405809
0.018100171
0.013363179
-0.019294630
0.004556003
-0.020202949
-0.016838419
0.033854289
0.018523242
0.036911209
-0.001727076
0.011173318
-0.023785049
-0.024364476
0.008928655
0.043485008
0.061075064
0.027247550
-0.031258542
-0.021943142
-0.009079876
0.001657069
-0.006644603
0.041221884
-0.000399885
0.003593631
-0.003593631
0.017053594
0.002356836
0.023649123
-0.007692464
0.017604875
0.012815803
-0.007518852
0.011257041
-0.011257041
-0.024834223
0.003861167
0.002309564
0.011087679
0.022928958
0.006666681
0.005888825
0.003663158
-0.004030072
-0.010703104
-0.001857134
-0.013850161
-0.003019844
-0.001892081
0.011673965
-0.017372073
0.000380944
0.001521938
0.010590161
-0.007173955
0.006797599
0.012343508
0.004080812
0.017978872
-0.033274642
-0.011342355
-0.004573074
0.001526585
-0.006888650
0.032864097
0.035052916
0.043187442
0.035114905
0.019386347
-0.000651151
-0.003915253
0.024541208
-0.035057086
-0.002315336
0.004954585
-0.003300300
0.004946500
0.008190013
0.011031782
0.007394441
0.000960541
0.004788509
0.053597676
0.027448519
0.011536843
0.015178266
0.025173143
-0.000565170
-0.007375990
0.019735543
-0.001396727
0.017459146
0.009025076
0.035307189
-0.016695759
-0.003211874
-0.008075417
-0.001623048
0.008357060
0.006955618
0.001598269
0.017414736
0.000000000
-0.021682500
0.015648167
0.025718949
0.025074163
-0.009550351
0.007045860
-0.000752464
-0.001255578
-0.003019581
-0.051187067
0.004235071
-0.004235071
-0.010666817
0.031665059
0.025642225
-0.025642225
-0.004686539
0.013221301
0.017107463
-0.022012734
-0.007533403
0.024469896
0.000000000
-0.026819421
0.027073987
-0.018226862
0.015169521
0.000255216
0.020202484
-0.006520963
0.013992857
0.004950840
-0.017435237
-0.022101646
0.012761877
0.012099837
-0.023321697
-0.005142875
0.018138325
0.037271351
0.030032382
-0.021048411
-0.005331925
-0.040670248
0.002275213
0.002774115
-0.005302477
-0.013252105
0.000513310
0.005114995
0.007370523
0.030180589
-0.028662140
0.002525043
-0.015760216
-0.011337458
0.001553574
0.002325715
-0.002325715
-0.017223723
0.027775810
-0.055533123
0.009427638
-0.016216579
0.013532035
-0.009453238
0.046396528
0.035627221
-0.022245588
0.085535158
-0.027464447
0.003777194
-0.016017606
-0.039636925
-0.008865912
0.000287146
0.002008234
-0.005460350
0.002590171
-0.004031958
0.021696436
0.006754875
-0.027009524
-0.005200882
0.022060842
0.019919244
0.000000000
-0.003896363
-0.001395304
0.004179772
-0.005856812
0.001397519
0.019912275
0.035770941
-0.001057104
-0.000264674
-0.004507335
-0.004261388
0.032298970
0.000775125
-0.009599217
-0.036097531
0.026141856
-0.006869025
-0.016304130
-0.001618061
0.024264643
0.006302478
0.037255386
0.021457857
0.005661679
0.024488932
0.000000000
-0.009143483
-0.002177912
-0.000484522
0.018965741
0.013464391
0.004214420
0.020581041
-0.008504695
0.005295192
-0.012709563
-0.023530572
0.000000000
0.007117570
-0.014525713
-0.007463650
-0.019029592
0.031517828
-0.004544897
0.041886808
0.008192256
-0.012667417
-0.004969915
-0.020614342
0.015142573
0.001906654
-0.030213738
0.017032153
0.003612230
0.009569356
0.003565116
0.003552451
-0.013806451
0.006688885
0.025853394
-0.014489499
0.027170043
-0.002293745
-0.000689191
-0.011322982
-0.006762243
0.045509017
0.001117275
-0.006272374
0.013392997
-0.001775237
0.042827884
-0.019989891
0.025931017
0.105318108
0.019795143
0.005770093
0.008685209
0.053728267
-0.014932168
0.020843196
0.007942173
0.004289906
0.003418716
-0.003932501
-0.001371524
-0.007577094
-0.031430882
0.020131273
-0.050189675
0.062353239
-0.008324771
-0.000696930
0.014533245
0.000000000
-0.016626685
-0.008594265
0.006846384
0.013035678
-0.010414944
0.015238306
0.000171833
-0.003442139
-0.010398773
-0.014919255
-0.001592716
-0.000354368
0.000000000
0.013375836
0.005231045
-0.002612140
-0.029551720
-0.023256860
-0.002761281
0.004964659
-0.001468447
-0.017417540
-0.005623253
0.007490761
-0.020735992
-0.019231233
0.024171231
0.004538807
0.015353200
0.016218556
0.009099303
0.029629125
0.019851054
-0.000345033
0.007560170
-0.004116656
-0.004478911
0.009964041
0.020305175
-0.001676420
0.006689068
-0.001667994
-0.012769088
-0.002369996
0.017806490
-0.022904427
0.006059254
-0.003072204
-0.015504210
0.018576413
-0.000681855
-0.006158085
-0.004815836
0.005844908
0.027056081
-0.026028217
0.018660355
-0.013877351
-0.001022957
-0.036835239
-0.005324031
0.037028465
0.011592413
-0.005097898
-0.001705041
0.016920984
0.019934123
0.041874127
-0.029126707
-0.001299926
0.003246741
-0.014694235
0.000000000
0.017930468
-0.012681029
-0.000327438
-0.018834199
-0.003006448
-0.036107449
-0.004170998
-0.016151923
0.029644673
0.022427116
0.002013907
-0.033762774
0.018897741
0.000340327
-0.005458988
0.008177254
-0.012978302
-0.001376020
-0.001722514
0.017772012
0.007761115
-0.000672418
-0.005058212
0.005058212
0.000000000
0.040216355
-0.013335691
-0.004594778
0.013072200
-0.003252056
0.019355389
0.002552603
-0.020606056
-0.001627809
-0.014771340
-0.045669994
-0.013591422
0.013245166
0.004491283
0.000000000
-0.014233758
-0.004907179
-0.022744379
0.015338336
-0.020022183
-0.019326045
0.009162585
-0.005120730
0.000000000
0.007307270
-0.007307270
0.000000000
0.014200124
-0.027117614
0.001113483
-0.025555619
0.010602178
0.023083651
-0.019324348
-0.015885285
0.015510125
-0.006401779
-0.019455264
-0.023778031
0.007075597
0.042934637
0.005612895
0.011131789
0.000000000
0.017557263
0.003257807
-0.001446609
0.003612704
0.011473720
0.014862125
-0.004223698
0.000000000
-0.005305047
0.021053351
0.027736907
0.000000000
0.007487192
-0.019764779
-0.020209618
0.014328300
-0.026368149
-0.029280894
0.032126787
-0.020456515
-0.006182847
0.016284042
-0.005759528
0.005759528
-0.002515700
-0.000719963
-0.010497885
-0.026923959
0.054558919
0.000000000
0.012313295
0.000349618
0.023831173
0.023609895
-0.012072569
-0.004056846
-0.048231296
-0.005346751
0.004279577
0.004969904
0.003887597
0.040440968
-0.010214633
-0.008592603
-0.017761228
-0.002462523
-0.000704742
0.003518679
0.008046209
-0.022195710
-0.027448550
-0.006612803
0.006612803
0.042651135
0.013937537
-0.012184618
0.030625363
0.006582344
-0.007625680
-0.004533559
-0.022981468
-0.029029554
0.004408579
0.007304522
-0.000363904
-0.019482282
0.009604772
0.022538137
-0.014847183
0.005094547
-0.016468768
-0.018622502
0.020097406
-0.018219520
-0.010182987
-0.010670871
0.000383123
-0.002684544
-0.006163375
0.014576419
0.028160284
0.010679546
-0.015504262
-0.025241532
0.003808100
0.012840099
0.023731213
0.000366381
-0.022223109
-0.009407442
0.007532957
0.020060154
-0.023442909
-0.017087981
-0.012719415
-0.007788123
0.038724282
-0.012107496
0.008717016
0.018692203
0.005908463
-0.022715621
-0.048225371
-0.003960299
0.011049833
-0.031090659
-0.000404784
-0.001215937
0.033496031
-0.029853074
0.018018589
-0.004773332
-0.049867226
-0.007995026
0.037724650
0.035175500
0.003528690
-0.017769428
-0.034451149
-0.010362825
0.001665254
0.015683293
0.014634570
0.003223160
-0.011327065
-0.026800206
-0.007971502
0.051314330
-0.023892568
-0.027000605
0.021246377
0.011882877
0.060840316
-0.017788614
0.021995962
0.009496702
-0.028376107
0.030264593
0.009015860
-0.006377774
0.020488685
0.009906505
0.009447792
-0.001809870
0.003616623
0.011129100
0.017693342
0.002452176
-0.007727315
-0.012775220
-0.011133173
0.010418567
-0.006453925
0.003232188
-0.017725165
-0.010640283
0.009910062
-0.007285673
0.021978980
0.019020831
0.000710688
-0.034330341
0.011332539
-0.009496046
-0.031310751
0.003401897
0.046451457
-0.026648769
0.022678397
-0.029732422
0.007793741
-0.034985705
0.012932779
-0.027587913
0.005424219
0.016478601
-0.030486610
-0.000391799
0.001566647
0.005853787
-0.016477523
-0.015145800
0.009592399
0.013826100
-0.050282075
-0.019579881
-0.027293832
-0.012179342
-0.009232828
0.009670365
0.020351474
-0.031347841
0.027912873
0.000859838
-0.037657770
-0.011669688
-0.009526100
0.009074440
-0.038678852
-0.011806408
0.036384580
0.026668247
-0.024380508
-0.009182671
0.037569381
0.001775395
-0.037962078
-0.005079624
-0.038221169
0.042379239
-0.004158070
-0.000926347
0.003700200
0.003686656
0.020938413
-0.026011059
0.032745125
-0.025834212
-0.036469650
0.009478709
-0.016647236
0.019943703
0.043244964
-0.009500148
-0.029522468
-0.012720956
-0.021568114
-0.002425398
-0.005356673
0.013097533
0.002406567
-0.009661876
-0.015655912
-0.002468558
-0.012434767
-0.001001599
0.062155986
0.026482296
-0.003214670
-0.006460510
-0.001853552
-0.000464023
-0.006984882
0.024008618
-0.033398325
-0.030167513
-0.014691612
-0.013409723
0.001498810
-0.021191480
-0.007164865
0.015290843
-0.012213891
0.005107218
0.005081427
-0.010700804
-0.003078531
0.016310266
