-0.046883528
0.099974589
0.070852473
-0.023392609
-0.046426135
-0.024047180
-0.028987664
-0.038871937
0.016844671
0.047835315
-0.044500044
0.019780871
-0.005455566
-0.004385842
-0.018858358
0.001119222
-0.016920805
-0.007995299
0.024916103
0.036248080
0.022400790
0.018809451
-0.010406062
0.010406062
0.011322870
0.056703275
-0.058752838
0.038234103
-0.029045452
0.030032369
0.013711963
-0.016674893
0.006899827
-0.017839925
0.008959638
0.011822874
-0.001960727
-0.004918756
-0.034105463
0.021201959
0.043974088
0.011406732
0.014078069
0.024851825
-0.009132707
-0.000917578
-0.004601953
0.000000000
-0.008337445
0.037671083
0.027569434
-0.021277269
-0.010811043
0.005420324
-0.017265347
0.019065227
-0.027348850
-0.082819210
0.037442779
-0.023484300
0.009852340
-0.015810719
-0.003991889
-0.011061040
-0.023530515
0.004132212
-0.011405093
0.011405093
0.006166587
0.024292757
-0.035627226
-0.043416273
0.017167815
0.036557763
0.049034090
0.025074000
-0.033901703
-0.003948648
-0.018972047
0.010030219
0.034333662
0.024763123
-0.038355378
-0.019744281
0.031406355
0.009615193
-0.032088274
-0.019960619
0.008032229
0.000000000
-0.024292757
-0.031220045
-0.007427100
0.009538908
-0.024719118
0.001087430
-0.023090606
0.008859404
-0.018920843
-0.033126910
0.034249873
0.014484912
-0.016732221
-0.026212292
-0.010446976
0.004656703
-0.015214097
0.025612666
-0.015055273
-0.011737082
-0.031177797
-0.034699842
0.017500291
0.009864433
-0.017326880
-0.015094739
-0.038764490
-0.006609400
0.020998256
0.011620377
-0.039272008
-0.039487862
-0.044009881
-0.033951552
0.028129128
0.027359480
-0.028820399
-0.014727944
0.043548343
-0.078268767
0.000000000
0.001535081
-0.040694300
-0.027532065
0.014670169
-0.054876532
0.026983049
-0.028694093
-0.038398894
0.062088635
-0.003349904
-0.027212708
0.015398060
0.000000000
0.028453943
0.029270342
-0.006430882
-0.031124500
0.003322257
-0.010000247
-0.027166139
-0.022629492
-0.014184616
0.022949089
-0.019383838
-0.036235793
-0.024277732
-0.024881631
-0.066090013
-0.053718617
0.074423338
0.112303731
-0.031630989
-0.007590148
0.041050525
0.095808786
-0.015063136
0.023334414
0.032417828
-0.004796369
0.074107936
-0.005969993
-0.058568434
0.012618760
0.015552285
-0.001544519
-0.012441805
-0.026964580
-0.016207681
-0.036609554
0.033336151
0.001638127
-0.038369946
-0.034605614
-0.037672654
-0.003662901
0.037808317
0.051646532
0.008354200
0.067549855
0.036645220
0.005979232
-0.063049424
0.001585997
0.012598723
-0.030184932
-0.014622606
-0.006568150
0.026017824
-0.035951740
-0.042487291
-0.008718381
-0.012334970
0.000000000
-0.037944969
0.000000000
0.079617730
-0.034605614
0.019181051
-0.022708289
-0.017825827
0.005420221
0.001799792
-0.061186438
0.000000000
-0.037005570
0.044624406
0.015066103
0.087634427
-0.015530841
0.063994660
0.019386927
-0.024292875
-0.011541513
0.011541513
-0.029952129
0.000000000
0.016750702
-0.101308282
-0.026072270
-0.060270938
-0.010070515
0.012072714
-0.022245891
-0.010277303
0.012320405
-0.006141229
-0.004115421
0.016360394
-0.058471835
0.014941708
0.023037522
-0.014598487
-0.025533582
0.002152840
-0.023940055
-0.047359399
-0.084285938
-0.046280729
0.033638416
-0.038915439
-0.029532442
-0.067631267
0.028737428
-0.022923496
0.020086632
-0.022989373
-0.011695965
-0.026827383
0.003016890
-0.012121280
0.024097081
0.014771533
0.054221505
0.054067160
-0.013245142
-0.008032120
0.099699256
0.016888362
0.007151355
-0.123738972
0.008032120
0.010610111
0.078620730
0.028848476
-0.031290209
0.000000000
0.009732628
-0.059868381
-0.031333951
-0.048923048
-0.028250582
0.011396063
0.019636144
0.040822018
0.074488650
0.149188144
0.053954866
-0.026613478
0.016461171
0.091592727
-0.045722153
0.028820451
-0.105781851
0.051293614
0.093490145
0.063513555
0.000000000
0.061328031
-0.064752849
0.025403760
0.034514299
-0.017930278
0.103055226
-0.030122725
0.073670996
-0.089079684
0.012345919
-0.039097932
-0.020951815
0.103567372
0.061229146
0.065487524
0.074754773
-0.108968420
0.049618487
-0.059033567
0.089148835
0.006161409
-0.047807801
-0.067980987
0.056315208
0.053312171
-0.041646392
0.006422588
-0.028573324
-0.066736802
0.034605451
-0.047362600
0.047362600
-0.063178787
0.039777863
0.020676144
-0.038947792
-0.065958157
-0.068992928
-0.026317141
-0.015113717
-0.041456628
0.024391478
0.011976114
-0.032846484
0.024306598
-0.024306598
-0.015943734
-0.005371510
0.012488932
0.019316032
0.060726875
0.038527959
-0.006319096
0.029666472
-0.050483911
-0.053168674
-0.015477423
-0.021016767
0.036494190
0.018597205
-0.016892364
-0.003412772
-0.013769491
0.005185803
0.074723581
-0.064431961
-0.022434110
0.003484484
0.008658006
0.015397803
0.049679126
0.017614604
-0.048790023
0.023065126
-0.021399857
0.024651872
0.017699801
0.057335561
0.044189683
-0.021850693
0.021850693
0.027009585
-0.014124586
-0.028862151
0.013091317
0.052087590
0.005472078
0.036172779
0.041242829
-0.012706570
-0.008991788
0.020434942
-0.042614582
0.035000380
0.049699612
0.038054662
-0.050249985
0.023045397
0.030699158
0.051002575
0.001104240
0.069287160
-0.012435313
0.033831815
0.041467095
-0.005819673
-0.061171979
0.008264561
-0.064813163
0.002193254
0.007637709
0.010810787
-0.010810787
-0.013129431
-0.014420476
0.056475329
0.017792217
-0.003117163
0.016512670
-0.052533217
0.022400923
-0.091625275
0.010351189
-0.003438345
-0.037431380
0.003569376
-0.014354465
0.055081496
-0.008014055
-0.001149989
-0.001151433
-0.005776894
0.046414618
-0.002214767
-0.017897681
0.015677881
-0.016806973
0.025656413
0.025015042
0.037939288
0.008238919
-0.025975554
-0.014846686
0.008510855
0.010537599
0.049089803
0.012890340
0.007850822
0.039296160
-0.004710611
-0.004732412
0.006619438
0.008446658
0.024920628
0.004547427
-0.042638379
-0.038614975
0.023347308
0.066039908
0.018725365
0.061663571
0.037494158
-0.033350027
0.099137661
-0.057819478
0.016529291
0.037537921
0.017884265
0.041295314
0.019677293
-0.026085435
0.014184704
0.029148550
-0.053383662
-0.022620288
-0.045290902
-0.003868557
0.011560980
0.003824016
0.046242381
-0.010256421
-0.053699084
-0.060042021
-0.036123193
-0.069971151
0.049227113
-0.047393551
-0.035418703
0.007561470
0.014953642
-0.043608990
-0.001939662
0.030595010
0.033336411
-0.019310843
0.002781642
0.003696860
0.028196491
-0.011727784
0.068387797
-0.005949867
0.000852063
0.020236773
0.050458291
0.015748270
0.020108948
0.010662782
-0.016037074
-0.029689508
-0.041284852
0.009868499
0.037740401
-0.010297034
-0.005588918
0.006384696
-0.043078482
0.013201336
0.017872288
0.024653244
-0.002359336
-0.023905595
-0.005661238
-0.008143280
0.021836687
0.030723243
0.031312128
-0.012102939
0.016603993
0.007457154
-0.010455735
0.009712672
0.016224462
-0.041828419
-0.023149095
0.010869588
0.026668319
-0.017444502
0.021196851
-0.018141161
-0.006888499
-0.069980994
-0.015774416
-0.003353069
0.037895965
0.004033973
0.051011351
-0.019313151
-0.038160339
0.024020280
-0.073864555
0.000000000
-0.025011987
-0.026550222
-0.012635542
-0.000908867
0.005440005
-0.033091531
0.017601288
-0.013869844
0.014787600
-0.023202795
-0.017045862
0.007611833
-0.019139334
-0.031405908
-0.052185736
-0.007380105
0.017829517
-0.026331271
-0.007498694
0.026526857
0.011452382
0.018462165
-0.003053330
-0.013340259
0.012320159
0.025190347
-0.049984783
-0.022211485
-0.003213714
-0.014046801
0.040517369
0.024769166
0.016178095
-0.035736203
0.036738814
0.036403418
-0.011662038
-0.128099859
0.060363238
-0.016878030
0.045745896
-0.018462165
-0.012499942
0.001047560
0.000000000
0.040025644
-0.041073203
-0.002098745
0.004192986
-0.012631962
0.003173036
-0.013822650
0.024326945
0.010395101
-0.015633456
-0.004210531
-0.026725259
0.000000000
-0.023014707
0.020845509
-0.019737591
0.017563565
0.018329239
0.035680806
0.033454706
-0.006000121
0.029646637
-0.010768680
0.011741713
0.011605544
-0.003853368
0.021957816
0.013133393
0.002791901
0.023876339
-0.006372346
0.006372346
-0.009115545
0.001829540
0.007286005
-0.017391642
0.021015021
-0.017328383
-0.016698067
0.024943644
0.016289853
-0.054416359
0.001894038
0.001890261
0.006588355
-0.009425137
0.028933412
0.003673097
0.024446659
0.036016176
-0.010407904
-0.008756439
0.007884491
-0.014945511
-0.008003505
-0.020749496
0.027866869
-0.003552401
-0.005352282
-0.011696130
0.029479596
0.024349142
-0.006031996
-0.008680683
0.004349806
-0.006094840
0.031803146
0.002534921
0.060575060
0.025099240
-0.022719253
0.022719253
0.000000000
-0.054928258
0.011391510
-0.013029525
-0.014032411
-0.007509442
0.018257836
0.008190122
-0.029803520
-0.005899903
-0.023953177
-0.020998142
-0.030522897
0.012681153
0.004490345
-0.027249685
0.016438771
-0.003629704
0.035718104
-0.002635024
-0.025836705
-0.029306088
-0.005591860
0.041195864
-0.011727745
0.000000000
0.037404127
-0.001749706
-0.008795205
0.029593087
0.005132647
-0.003418747
-0.004289913
0.032983928
0.002492708
-0.026062933
-0.013722369
-0.028911268
-0.027028712
-0.025903319
0.000000000
0.010256441
0.016559759
-0.036232544
0.012223898
-0.021729654
-0.018313768
0.015444252
-0.048071769
0.000000000
0.029705090
0.027899720
0.000000000
-0.000949176
0.017933338
0.014856395
-0.007400561
0.026570557
-0.007259626
0.010869678
-0.001803444
-0.002711184
0.021486960
-0.014273250
0.000000000
0.012500092
0.037444497
0.011894984
0.013422968
-0.021053426
0.007630458
0.018410469
-0.006655746
0.010793064
0.013125736
0.017771060
-0.004011274
0.000000000
-0.005642869
-0.001618054
0.002426142
0.000000000
0.046556827
-0.001543464
0.052643830
-0.012532455
0.034272416
0.005718365
-0.013634846
0.078485315
0.000000000
-0.010070670
-0.024591345
0.036663898
-0.031146663
-0.026482409
-0.012793395
-0.019502273
0.030882301
0.000000000
0.055034451
-0.021651713
0.006816651
-0.021978894
0.015162244
-0.003425937
-0.058653213
0.058653213
-0.035630627
-0.021568178
0.019432092
0.064182237
0.002670115
0.060154069
0.048999142
-0.035283478
0.009245080
-0.011724763
0.031166685
0.024369619
-0.022566362
-0.001803257
0.031391301
-0.014684625
0.010008824
-0.044931043
0.024812018
-0.042741372
0.006218918
0.018462013
-0.006729733
-0.014842736
-0.032291536
-0.005808339
-0.027560766
0.046157013
0.015132735
-0.039571255
-0.017734380
0.014473893
-0.013149375
-0.010645594
0.036128719
0.008991745
0.005738046
-0.024454247
0.064945542
-0.015380102
-0.020038202
0.020657980
-0.007462675
0.026487508
-0.002434662
-0.003051545
0.026539537
0.031637191
-0.009852526
-0.012895803
-0.013064342
0.001791785
0.000596611
0.014797342
-0.020178766
-0.001800263
-0.024932718
0.015276718
0.021002857
-0.028917624
-0.001835508
0.061164927
0.027834870
-0.005618054
-0.002256147
0.003944822
0.026090795
-0.016018024
-0.011198218
-0.033785260
-0.011179887
-0.022741628
0.001210027
-0.042612356
-0.064496405
0.014696234
-0.018742100
0.043628736
0.026174550
0.017489376
-0.014972107
-0.069621539
-0.035669092
-0.008415212
0.022285061
-0.003449416
-0.013918181
-0.016249001
0.004264406
-0.004264406
0.048654455
-0.052222084
0.019115624
-0.027730268
-0.030005827
0.007401921
0.026920615
-0.001436908
0.000718712
0.026233371
0.020090710
0.039009744
0.023469107
-0.017550143
-0.023889562
0.052970791
-0.012175680
0.014084721
0.026969309
0.006784017
-0.018611055
0.017380934
0.003072089
0.029022770
-0.007777673
-0.023701999
0.035048864
0.016490412
-0.026036938
-0.016929113
0.014528188
0.026683895
-0.014142745
-0.010140226
0.030699059
-0.024126025
-0.043829306
-0.010006377
0.024217214
-0.049035422
0.000000000
0.008341274
0.035157397
-0.016169451
0.025602423
-0.026235060
0.005680076
0.013750118
0.006188100
0.005536744
-0.023588794
0.007509426
-0.011916098
-0.015257839
-0.001923597
0.017812077
-0.017170445
-0.025334369
0.005903629
-0.000654225
-0.001309736
0.023957186
0.064418562
0.006576835
0.001191166
0.011834506
-0.026223253
0.052922378
-0.020249308
0.003500411
0.001164363
-0.030117591
0.007763606
-0.019219864
-0.017125770
-0.025618294
-0.012098267
0.026550311
-0.030401410
0.012144666
-0.013431580
0.042237490
-0.006191869
-0.038624693
-0.024837803
0.044020053
-0.006990828
-0.046337854
0.026369396
0.026959285
-0.009545066
0.010178167
0.028698137
0.009792026
0.031177562
0.002947258
-0.029264623
-0.025784070
0.002484433
-0.043099197
-0.009762497
-0.009198538
0.068860829
-0.004941314
-0.050804454
0.010457562
-0.030365333
-0.008075392
-0.006779783
0.024858533
0.001988826
0.024854014
0.042371146
-0.021277258
0.011945986
-0.011313730
-0.009526913
-0.021936415
0.009737183
-0.005181301
-0.003903703
-0.013784331
-0.001984678
0.007915587
-0.004609953
-0.040409502
0.010936558
0.005423819
-0.025335228
0.027361463
