-0.048281988
0.093456872
0.070758013
-0.034327350
-0.055156281
-0.026449266
-0.023376519
-0.035631984
0.011695897
0.040822134
-0.033099909
0.004796079
-0.002874907
-0.046154511
-0.035809523
-0.001042123
-0.012592051
-0.017039759
0.043096630
0.014300447
0.038791486
0.038282161
-0.030507506
0.010592238
0.006682555
0.038268880
-0.066249412
0.046831269
-0.028410854
0.046912708
0.012750731
-0.012750731
0.012750731
-0.025665849
0.003707128
0.015603582
0.013568852
0.001795279
-0.045879600
0.034152017
0.040894496
0.024097653
0.009310123
0.010892516
-0.029600619
0.017865179
-0.012728062
0.001706434
-0.018064971
0.039388767
0.031407467
-0.017234675
0.005777930
-0.003297485
-0.026779872
0.019320180
-0.044224990
-0.086221122
0.045399101
-0.026619234
0.025713252
-0.022926450
0.000000000
-0.007448833
-0.018868457
-0.003816853
-0.008641409
0.001926811
0.021895075
0.024187475
-0.056726198
-0.037665525
0.005038026
0.026773843
0.033673444
-0.012375344
-0.061223507
0.015159625
-0.020264085
0.003065694
0.052670076
0.006753264
-0.025317556
-0.034105784
0.035091350
0.010779134
-0.039766827
-0.058471510
-0.028355403
0.013186964
-0.038958417
-0.031126696
-0.016529292
0.017699769
-0.044345373
0.006108894
-0.039756966
0.008832988
-0.006301096
-0.014004126
0.051229200
0.010902560
-0.003620910
-0.047038615
-0.017903136
-0.012987219
-0.019802663
0.025017753
-0.027687959
-0.010752697
-0.013605675
-0.039111229
0.021142475
-0.018297547
-0.008559330
-0.012977643
-0.030953215
-0.012048393
0.019505719
-0.010455803
-0.050819211
-0.053540725
-0.033901612
-0.040462976
0.007155792
-0.021622657
-0.031454778
-0.062035255
0.041141890
-0.107281763
-0.030371291
0.026088441
-0.057410639
-0.092813357
-0.027814575
-0.088411166
0.035767345
-0.016349282
-0.062343188
0.042925125
-0.008438646
-0.058156016
0.058156016
0.011235680
0.100881470
0.044451890
-0.059719227
-0.041891124
0.000000000
-0.052137986
-0.002820703
-0.034486479
-0.014727835
-0.020990253
-0.037040947
-0.025479194
0.000000000
-0.042840304
-0.129211744
-0.047439655
0.081598428
0.145585646
0.003220637
-0.032682882
0.029462244
0.121360770
0.011363840
0.000000000
0.044206116
-0.008141215
0.053062673
-0.002587342
-0.064193065
0.005509695
0.024424445
-0.005376396
-0.002698794
-0.021858950
-0.030857917
-0.040703280
0.008862750
-0.023810819
-0.043083576
-0.028710316
-0.056587192
-0.038399041
0.068755371
0.042283023
0.022047964
0.051604823
0.029156488
-0.038071916
-0.090545427
-0.013158180
0.000000000
0.006600732
-0.030052211
-0.003395613
-0.006826014
-0.006872929
-0.027973686
-0.014286059
-0.044124734
-0.026668438
-0.031374938
0.035228535
0.077673207
-0.036236109
0.000000000
-0.037598294
0.007633680
-0.030890711
0.019418228
-0.059423437
-0.004089587
-0.063446670
-0.091387450
-0.014458185
-0.004866224
-0.086568106
0.026248413
0.025576492
0.010050410
-0.010050410
0.000000000
-0.030771345
-0.031748926
0.021277552
-0.093732576
-0.041303482
-0.062132225
0.012739119
-0.019170057
-0.066691165
-0.027974056
0.014084844
0.013889213
0.006872929
0.053345674
-0.013071492
0.032364838
0.055742380
0.000000000
-0.006042356
0.006042356
-0.036814233
-0.084741153
-0.138402562
-0.064538140
0.040821437
-0.024292021
-0.033336652
-0.079336369
0.027150236
-0.018018641
0.000000000
-0.046519382
-0.019231497
-0.039609425
0.000000000
-0.020409024
0.020409024
0.000000000
0.039609425
0.110202973
0.008658125
0.017094555
0.096849676
0.074107743
0.062304334
-0.167664850
0.023530671
0.007722102
0.074107743
0.028171084
-0.049831982
0.014492354
0.021353283
-0.050551887
-0.045462698
-0.114880255
0.000000000
0.050858778
0.032522577
0.000000000
0.141499829
0.142174821
0.041303482
0.011494462
0.066322544
0.139529385
-0.042761671
-0.024571437
-0.209554481
0.076733721
0.107630858
0.078471153
-0.023867155
0.037919012
-0.087434435
0.054334744
0.056089375
0.018018633
0.085522319
0.000000000
0.028284489
-0.040656299
-0.008333006
-0.025425278
-0.048360957
0.102653993
0.016129497
0.050693068
0.124939242
-0.124939242
0.080334967
-0.032088175
0.049480044
0.017094555
-0.006802796
-0.070700954
0.018149449
0.052551504
-0.020690542
0.013841151
-0.031416055
-0.069753150
0.040973980
-0.029631623
0.022305529
-0.045120370
0.030305176
0.018484950
-0.018484950
-0.069525760
-0.079043339
-0.053345900
-0.009174442
-0.047178404
0.023867155
-0.033576038
-0.024692791
0.024692791
-0.034743201
-0.020408485
-0.005168006
0.010309442
0.030305038
0.067333108
0.032039584
-0.022780191
0.066840035
-0.062242292
-0.061485030
-0.034743201
-0.030771345
0.055710476
-0.014888721
0.004987578
-0.004987578
-0.015113749
0.025064152
0.080804117
-0.066061730
-0.024692791
0.000000000
0.014888721
-0.014888721
0.034401674
0.019138979
-0.043590250
0.024451271
-0.024451271
0.009852367
0.033737882
0.068676896
0.021882871
0.012903498
0.037740163
0.063766666
-0.031374938
-0.024194902
0.020202852
0.039220585
0.007662928
0.015151913
0.044124734
-0.018149449
-0.003669756
0.032552837
-0.054858366
0.072495266
0.027588155
0.040005272
-0.046831286
0.020339478
0.029754477
0.038343297
0.003129916
0.117782963
0.011049916
0.074107952
0.000000000
0.020202851
-0.053928457
0.020888366
-0.069546681
0.002766273
0.013717735
0.008141215
0.002698794
0.000000000
-0.027324018
0.077268783
0.005115138
0.020202851
0.041621461
-0.054200333
0.049392848
-0.088107367
-0.007926122
0.018397224
-0.029064069
-0.005376396
-0.058268750
0.052863575
-0.021918843
0.005524916
-0.025105809
-0.037414400
0.037414400
-0.028655158
-0.002911535
0.028737817
-0.014265679
0.036675449
0.038048059
0.028911279
0.002587342
-0.018253300
-0.021277552
0.021277552
0.010471102
0.045809605
0.007435032
0.024391627
0.065290988
0.039828332
-0.006528678
-0.006571812
0.017429532
0.029789430
-0.004201497
-0.043017465
-0.006615286
-0.026907411
0.087011318
0.000000000
0.036813813
0.027724749
-0.052115953
0.071458853
-0.063262241
0.010152445
0.018018634
0.031252359
0.035886820
0.076754868
0.005141258
0.023649748
0.047278740
-0.037311808
-0.035327378
-0.078331846
0.021978873
0.012601517
0.005352415
0.026340238
0.010344815
-0.051022318
-0.092606332
-0.040409622
-0.072681409
0.084976735
-0.071760818
-0.024364385
0.028731464
0.023682205
-0.041265201
0.006629676
0.017468047
0.040302222
-0.008350839
0.006269658
-0.012578873
0.033198094
0.010152445
0.047346251
0.000000000
0.007677435
0.011406852
0.047979648
0.005390888
0.008920731
0.028023049
0.003448124
-0.010380791
-0.046271563
0.003636394
0.044372983
-0.013986342
-0.014184737
0.026433265
-0.053584263
0.030716276
0.024605801
0.003466052
-0.005203866
-0.022867987
-0.010733632
-0.012669944
-0.003649666
0.032376975
0.010563554
-0.010563554
0.031361319
0.022053466
-0.015215782
0.018565894
0.019868348
-0.035032853
-0.031036837
0.025930584
0.025275149
-0.016778861
0.030002116
0.029128147
0.036025921
-0.078377323
0.000000000
-0.025275149
0.020270758
0.000000000
0.029656254
-0.031329732
-0.037547165
0.000000000
-0.096702390
0.035751751
-0.031927627
-0.040901606
0.007920891
-0.005934571
0.015748263
-0.027724749
-0.006042148
-0.026613625
0.012371380
-0.039712924
-0.039135259
0.002214856
-0.011123665
-0.031820860
-0.042459018
-0.002412816
0.035590957
-0.045299843
0.002436327
0.031139966
0.018692512
0.020618957
0.009029708
-0.013575203
0.046727413
0.021505910
-0.041265201
-0.066462271
0.004728176
-0.009478566
0.037387557
0.038249921
0.023992371
-0.046314888
0.041995422
0.048583686
-0.022941519
-0.187397614
0.117500120
-0.036870566
0.061452987
-0.015573286
-0.002244451
-0.002249971
0.000000000
0.022272566
-0.017778144
-0.031893115
0.009216480
-0.013856892
0.022989441
-0.013730051
0.029513796
0.002234654
-0.018018400
0.002269928
-0.013698705
0.000000000
0.022728413
0.000000000
-0.029648664
0.031893115
0.013363324
0.030503221
0.021232376
-0.021232376
0.062390529
-0.006067008
0.008081122
0.029734604
-0.011788040
0.013739071
0.026924898
-0.005708905
0.011385403
-0.003780948
0.035352582
-0.005499596
0.000000000
0.000000000
-0.014815000
0.040224711
-0.045837489
-0.013220308
0.040974179
0.003643018
-0.052250677
-0.011560906
0.005797361
0.013397026
-0.015325882
0.037883588
-0.013096828
0.016807240
0.036367527
0.003565278
-0.036236109
0.007353028
-0.007353028
0.000000000
-0.028065265
0.024368569
-0.005571085
0.003717503
-0.032048016
0.032048016
0.071587041
-0.024476921
-0.005323734
-0.005352415
0.003571271
0.021164963
-0.012291726
0.053323059
0.049029271
-0.019324246
0.014528206
0.000000000
-0.044233231
0.028077843
-0.024733509
-0.015138996
-0.025752504
0.015531054
0.020339478
-0.025489741
-0.019114535
-0.014134244
-0.017953932
-0.052056348
0.011385403
-0.015209527
-0.019342900
0.032663641
0.007533047
0.052980614
0.014134244
-0.044850519
-0.020389910
0.005602296
0.052595983
-0.016028955
0.000000000
0.017794193
-0.016000457
-0.014440600
0.018018448
0.010657372
-0.010657372
-0.007168354
0.023112119
0.008748843
-0.040894512
-0.001816544
-0.052250677
-0.021298153
-0.031811643
0.000000000
0.039609011
0.015414675
-0.061102776
0.043744451
-0.043744451
-0.030962234
0.012500253
-0.055333440
0.000000000
0.028049284
0.023134743
0.000000000
0.006217465
0.028632009
0.014014131
-0.012000167
0.029734656
-0.011788184
0.013739475
-0.011764863
0.000000000
0.048132442
-0.007547286
-0.003795013
-0.011472423
0.028437990
0.014842537
0.007339370
-0.018450617
0.029360026
0.035527537
-0.033720973
0.005400564
0.024823956
0.003496453
-0.001746789
0.000000000
0.022472961
-0.008583521
-0.001725689
0.000000000
0.043925828
-0.003311210
0.035834409
0.003195008
0.012678263
-0.001575938
0.003149560
0.049089497
0.025130818
-0.004389189
-0.022239655
0.036795881
-0.014556225
-0.037345607
0.007581499
-0.032236000
0.047228865
0.000000000
0.022075841
-0.020588952
0.014749457
0.007294094
0.011560795
-0.001437867
-0.053188262
0.023989254
-0.011922771
-0.018154688
0.010630235
0.035612140
0.025900628
0.055262831
0.043399259
-0.018182444
0.027151043
-0.002554240
0.011443249
0.034786096
-0.023472445
-0.015113536
0.012610444
-0.024097510
0.014022014
-0.032157216
0.020699399
-0.025941931
-0.005270023
0.011818938
-0.005235669
0.002621193
-0.027871660
-0.005398181
-0.030222188
0.034273658
0.009389664
-0.035329780
-0.018144335
-0.008486631
-0.022989463
0.001452335
0.035641665
0.002797307
0.000000000
-0.015482345
0.063208013
-0.008021587
-0.027212568
0.023177726
0.000000000
0.037041111
0.006472616
-0.018229796
0.028499437
0.042506391
-0.008604778
-0.002472279
-0.011201134
-0.003761767
-0.007566123
0.020050747
-0.012484623
-0.017744435
-0.011575580
-0.006489417
0.015504216
-0.033901570
-0.010666742
0.062357842
0.022416921
-0.014888770
0.004987724
-0.011257306
0.026072291
-0.008615369
-0.004956692
-0.025158564
-0.006422579
-0.010362920
-0.018397331
-0.047531063
-0.078074280
0.023775265
0.000000000
0.038881842
0.015417173
-0.011188783
-0.008474736
-0.056908112
-0.025856973
-0.018662980
0.015576677
-0.006201650
-0.014095789
-0.028802032
-0.001624548
0.022508944
0.049622578
-0.056002267
0.022152764
-0.026964217
-0.024411277
-0.008271452
0.016474879
0.009756132
0.006451718
0.039406217
0.015337604
0.040273955
0.024549986
-0.011477887
-0.021882690
0.055928384
-0.002793189
0.006968759
0.056695234
0.005235681
-0.015789869
0.033901584
0.006389748
0.006349309
-0.019169898
-0.030126822
0.045491974
0.013880397
-0.037017574
-0.014407633
0.018301129
0.007741940
-0.002573904
-0.014276735
0.025807816
-0.007672639
-0.036605323
0.015852310
0.022035904
-0.037888214
-0.018817722
0.005412662
0.039687711
0.003883550
0.016807172
-0.015504246
0.028243212
0.049392901
-0.014563419
0.000000000
-0.036096101
-0.003809511
-0.008945836
-0.018135128
-0.009192540
0.024756984
-0.002577309
-0.051632805
0.021506104
-0.016086063
-0.009504579
0.024259976
0.049360705
-0.006357271
-0.002554268
0.013968416
-0.022960216
0.041699094
-0.003719764
-0.006230649
-0.002503119
-0.022814571
0.021560658
0.000000000
-0.012626372
-0.020539911
0.006464117
0.010256584
-0.040343735
-0.012024273
0.016000267
0.023530523
0.010282951
-0.040449167
-0.018817671
0.045100406
0.001296170
-0.032919347
-0.001339579
0.021220857
-0.011881137
0.017116861
0.035901255
0.024877043
0.023073167
0.004790406
-0.004790406
-0.037924981
-0.007509515
-0.031910795
-0.015686523
-0.015936654
0.055967766
-0.028243212
-0.025050768
-0.006779677
-0.047362625
-0.021630226
0.017341420
0.008559298
0.009894030
0.029108097
0.037537891
-0.028020526
0.010767276
-0.013477273
-0.001357689
-0.027550049
-0.012649425
0.004234183
0.008415242
-0.016901757
0.012702988
0.001401597
-0.012685227
-0.031702867
-0.004402085
0.005865200
-0.014727934
0.029241954
