0.001851202
-0.023075453
0.058209337
-0.002383935
-0.016847372
-0.013439373
0.000000000
0.002457014
0.044985062
0.014556049
-0.016316988
0.016316988
0.036884038
0.038791915
-0.027711921
0.001101419
-0.000550465
0.009863166
-0.000545300
-0.007117574
-0.009939166
0.001663175
-0.022976431
0.004524659
-0.006795009
-0.008559210
0.005714165
-0.001139968
0.014160415
0.034276423
0.003255669
0.005941034
-0.017930606
0.007102267
0.010828339
0.005906248
0.010649473
0.010537491
-0.003675511
0.009424223
0.004160190
-0.001038397
-0.008870506
-0.017446645
0.010082064
0.008412224
-0.007356663
-0.004228473
0.006861981
0.005246830
0.019176343
-0.004115424
0.011276925
0.002544803
-0.002035576
-0.007670728
-0.019700019
0.018158798
0.007682686
0.004581245
0.030509911
0.023851329
0.023295512
0.008422977
0.003720898
0.000464160
-0.007919906
-0.004688129
-0.010392228
-0.004759533
-0.018782220
-0.010752754
-0.015350574
0.002491759
0.000497764
-0.004987422
0.007967923
-0.011474287
-0.006544068
0.007547222
0.002503211
0.022250436
0.019850608
0.022281108
0.021336574
-0.015726543
0.004186900
0.017487839
-0.009165851
-0.007857828
-0.001857777
-0.008872421
0.017205760
0.013281591
0.000909432
-0.013729968
0.001841422
0.005504471
0.006384076
-0.012808756
-0.008321988
-0.009796931
0.012115683
-0.013523294
0.003748796
0.014395468
0.011460140
0.002276525
-0.011434189
0.004589366
0.005479438
0.014018012
0.027022512
0.003925732
0.006076702
0.008187813
-0.015571217
-0.003056006
-0.003065620
-0.002195215
-0.002641031
-0.009743279
-0.015698762
-0.017788237
-0.015303210
0.015303210
-0.023278746
-0.006142221
-0.016726635
0.020983051
0.019163982
0.000462767
-0.012104508
-0.001875302
-0.007063803
0.008470912
-0.053911308
-0.005952256
-0.005988123
0.001500368
-0.007020980
0.025833577
-0.006396403
0.003449351
-0.040145764
-0.005648406
-0.044756171
-0.010828339
0.009211532
0.000539125
-0.020697904
-0.011624886
-0.005023583
0.007248537
-0.019636040
-0.018874106
0.005757255
-0.033268207
-0.013142519
-0.020656718
0.047356545
0.013376222
-0.016307747
-0.033436092
-0.003040470
-0.014106173
-0.021224251
-0.044509106
0.013106328
-0.022384138
-0.018139622
-0.034486129
0.020834136
-0.017331471
0.041101694
0.043342303
-0.039992108
-0.010084141
0.026668059
-0.033447889
-0.021313889
0.040182302
-0.012088584
-0.006099690
0.038017275
-0.013838773
0.049200775
0.010056554
0.033213560
0.042635078
0.000000000
0.025187281
-0.065405565
-0.009093818
0.001825569
-0.015314316
0.029798569
-0.014484253
-0.002434514
-0.004887018
0.034309604
0.005899714
0.001763208
0.063693828
-0.039330735
0.002861132
0.191800395
0.014051786
-0.004662164
0.006056637
-0.006056637
-0.007504653
0.003290251
0.010271040
-0.015917979
-0.007103894
0.025341439
-0.000463410
0.017007872
0.028753124
0.013635620
-0.006574809
0.004825785
-0.002629260
-0.017261145
0.011540471
0.014892901
0.012959224
-0.026088350
0.033783945
0.000851454
0.002125373
-0.021460070
-0.007839574
-0.010991496
-0.019643620
-0.019577294
0.029447036
-0.029447036
-0.004608193
-0.016767782
0.011209668
0.004633506
0.005992583
-0.002300512
-0.028974033
0.011784525
0.005607199
-0.016443667
-0.000473996
-0.005703515
0.031436024
0.002306829
-0.023311202
-0.010908316
-0.010546453
0.007202874
-0.016888274
0.021661332
0.018868460
0.004662164
0.034289102
-0.002249641
0.006734047
0.054420238
-0.003395412
-0.007682648
0.021615810
0.015394361
-0.012882093
-0.015170931
-0.005962492
0.006387044
0.003812737
0.012605380
0.012448136
0.005756412
-0.001641093
0.001231268
-0.002052756
0.015092930
0.002829909
0.017210722
0.022367048
0.028311007
-0.014055210
-0.001531443
-0.009624634
0.005401075
0.011476903
0.019213233
0.012606881
-0.010370505
-0.007474033
-0.002629110
0.014931285
0.021986808
0.022223172
0.008120105
0.000703010
-0.013798251
0.008160558
0.007042193
0.000350788
-0.009869544
0.002829789
-0.012797793
-0.007541866
0.000360518
-0.000721125
0.011473741
0.004624064
0.015143774
-0.010541311
0.030953671
-0.007593958
-0.011817885
0.003141770
0.013845942
-0.004478960
0.001725043
-0.008655049
0.020647740
0.025224166
0.007609596
0.018612709
-0.008814031
0.007203619
-0.004905939
-0.011541704
0.000331588
0.026502463
0.016015624
0.001904825
-0.000317142
-0.008922889
-0.017762528
-0.019411642
-0.007001332
-0.008399184
-0.012561652
-0.006168716
-0.016288505
-0.006309298
0.005260359
-0.003152886
-0.007042187
0.016818862
0.016882371
-0.004451287
-0.004815963
0.003785828
-0.003096324
-0.014928415
-0.010195073
-0.018905613
0.006461030
-0.001790616
0.000000000
0.018114606
0.010504213
-0.009800630
0.014665198
-0.018541911
0.001058894
-0.088455448
-0.153829518
0.047826564
0.017835025
0.026579459
-0.011541695
-0.017566387
0.029517977
0.012214991
0.001617582
-0.000808509
0.009657936
0.012338597
0.000790750
0.001974275
0.011764922
0.000779521
-0.002730769
0.001951248
0.013552901
0.019048255
0.020911979
0.017745338
0.005845846
-0.020983735
-0.004474135
0.019245464
-0.006989123
0.008820423
0.002192811
0.004008143
-0.001091680
0.013738680
-0.004678869
0.007905181
-0.003226313
-0.001797076
-0.015953812
0.004740126
-0.014288567
-0.027686052
0.001895070
-0.013725062
-0.000383843
0.013730044
0.005665774
-0.017094289
0.012942680
0.031275751
0.006212406
0.026955780
-0.009262619
-0.032372416
0.009565966
-0.022215050
0.000000000
0.026963834
-0.025093366
0.003729814
-0.001117460
0.029743414
0.018638482
0.001419401
-0.012130189
0.000000000
0.001793170
-0.002511101
0.001076941
0.027602588
0.001046741
0.013850608
-0.008634156
-0.008009929
0.001746736
-0.002446240
-0.035253874
0.012606085
0.000715442
0.015966457
-0.000352107
-0.004587971
0.004587971
-0.004587971
-0.051907872
-0.021465668
0.021838154
0.002603815
-0.005961282
-0.028811810
-0.013942839
-0.016516221
0.021961475
0.003098447
0.001159479
-0.038186199
-0.026017785
0.013093595
0.030032297
-0.010708161
0.008338503
0.000395311
0.029980669
-0.010410623
-0.005441193
0.005828606
-0.001162947
-0.012097760
0.019440817
-0.042877617
-0.003220777
0.008831987
0.025257690
0.004665659
0.003485132
0.000772794
-0.029396732
-0.002389520
-0.009212853
0.010408327
0.003181121
-0.009974256
-0.014539856
0.000000000
-0.015167374
0.031710003
0.018240086
0.022533953
0.002302242
0.001532058
0.001529588
0.027512545
0.005930431
-0.000739286
-0.007796652
-0.002238755
-0.006746661
-0.009446568
0.012075644
-0.021612343
-0.000383339
-0.001918903
0.006509597
0.001906632
0.030760255
0.010290375
0.018116429
0.021666580
-0.000703023
-0.017379420
0.000000000
0.000000000
0.008550065
0.007421902
-0.006003894
-0.011042010
0.015636389
0.004222326
0.003855076
0.007318327
-0.011875738
0.020174615
-0.022760621
-0.019982597
0.001100438
0.003293710
-0.009544865
-0.002585362
0.001847243
-0.005181297
0.002594105
0.008843028
-0.001835911
-0.004789108
0.002213260
0.010263898
0.006905526
0.009731386
0.013891825
0.005643648
0.014665194
0.010344796
0.005815061
-0.007531872
-0.020834028
0.001402622
0.004893345
0.007641526
-0.001385063
0.004839294
0.008925497
-0.008925497
0.003785864
-0.002751873
0.000344464
0.004466485
-0.002746427
0.005143269
0.027990449
-0.025258055
0.002724618
0.012506554
-0.002017571
-0.003371398
-0.011196147
0.037600840
-0.011599077
0.008298720
-0.006633500
0.000332812
0.010589004
-0.000329093
-0.018946906
0.003349966
0.009983516
0.011850033
0.023926187
0.005416474
-0.007335343
0.003514981
0.002230341
-0.018307940
-0.064257587
0.019850074
-0.011245550
0.024374814
0.003338998
0.006644519
-0.006644519
0.000000000
0.011269588
-0.028076718
0.006756758
-0.005063339
-0.001354550
-0.002035308
0.011814605
-0.007410055
-0.026028812
-0.003475796
-0.000696657
0.004172453
0.000000000
0.009668624
0.010256390
-0.000680391
-0.013018368
0.002410932
-0.004136496
-0.034080398
-0.006453810
-0.001800155
0.003597113
-0.001796959
0.009309059
0.003202211
0.006373975
-0.024295537
0.014719352
-0.003570106
0.023680059
0.012840759
0.010632905
-0.009598831
-0.007954493
0.006230416
-0.027283863
-0.006046610
0.001425943
0.009925758
-0.014209934
-0.013688848
-0.006185209
-0.003656417
0.024960572
0.007474744
0.039289007
-0.013040705
0.029608981
0.004350162
-0.006700277
-0.003704300
-0.012561820
0.008843674
-0.012608762
0.000342894
0.004446735
-0.024180785
0.008356639
0.002424141
-0.001384483
0.006215393
0.010274063
0.004080236
0.007100687
-0.001348613
-0.004056786
-0.000338901
0.003382978
-0.007117534
0.015190348
0.026447656
0.000000000
0.015218105
0.011819414
-0.002543781
0.010451381
0.009719451
0.023131201
0.004562910
0.017449173
0.004166819
-0.002081207
-0.016504523
-0.004548745
-0.007321675
-0.011083984
-0.013715776
0.010615110
0.017851991
0.031529669
0.000886311
0.011452225
-0.009976667
-0.001475558
0.023063375
0.006042308
0.000000000
-0.000286855
-0.000574206
-0.001149153
0.003443382
-0.016171213
-0.007304687
-0.008836646
0.001773696
-0.007708378
0.000000000
0.011834447
-0.006491590
0.012356752
0.015666247
0.000000000
-0.011872345
-0.017335420
-0.034371794
0.019742326
-0.013626319
-0.015051533
-0.009640893
0.013656277
0.000000000
0.028864172
0.016632374
0.000000000
0.006459158
-0.007343182
-0.016347412
0.003888277
0.000000000
0.007138548
-0.021570723
-0.005161692
0.006372472
0.018283058
0.031859970
0.002872884
-0.012121441
-0.009628064
-0.009721698
0.019640095
-0.012854542
0.024398796
-0.001723359
0.017099460
-0.008798172
0.009645369
0.010671314
0.005571115
0.000000000
0.008298743
0.010959093
-0.019257836
0.000000000
0.024497932
-0.015699947
0.007320019
0.009213943
-0.010336684
0.005321248
-0.003918055
0.004197685
0.019084789
-0.004668296
0.000825526
0.000274744
-0.009669755
0.006640679
-0.002761473
-0.010844053
0.019654646
0.000000000
-0.013245318
-0.001389697
-0.004181421
0.014971238
0.023389956
-0.010539367
-0.022806391
-0.005015436
0.004181421
-0.016547872
0.013762084
0.030222388
0.001352226
-0.004605265
0.008920276
-0.004585419
0.002160360
-0.001889953
-0.001081839
-0.046803284
-0.010545865
-0.010948110
0.013523548
0.011931750
0.024272493
-0.018921034
0.024966511
0.017382482
-0.003776652
0.008075321
0.004013379
0.005857159
-0.019027698
0.017167876
-0.017438262
-0.021888780
-0.002215605
-0.004723963
-0.015438836
0.011251697
-0.012384060
0.011824374
0.011962996
-0.020112459
-0.002542546
0.019885740
0.017319789
-0.007649760
0.000000000
-0.033139823
0.010509821
0.020971092
-0.000830502
-0.003884398
0.011058795
-0.004684985
-0.008321769
-0.066211426
-0.057578614
0.008788494
0.024387705
-0.040771223
0.005069798
-0.004434690
-0.016000262
-0.012007320
-0.004253290
-0.004600691
-0.006940985
-0.006989604
0.009639461
-0.017014515
-0.027978780
-0.013586606
0.008382884
-0.046271577
0.001819850
0.000000000
0.026907357
-0.008888829
-0.003577998
0.003577998
-0.036738178
0.028489884
0.015365666
0.018271846
0.006247702
-0.039885214
-0.028119435
-0.043526239
0.015736314
0.001141763
0.020332013
0.012960764
-0.017443490
-0.009403822
-0.001134462
0.024295748
0.050757716
-0.015921059
-0.008596099
0.000000000
0.017472452
-0.024692641
0.016529284
-0.016167096
0.020434501
-0.006407918
0.007363744
-0.005371545
0.024473701
-0.019102156
-0.002145179
-0.026842287
-0.007009822
0.023056789
0.023597795
-0.017106651
0.036354843
0.006908420
-0.024391423
0.000000000
-0.006014422
-0.006408064
0.005698044
-0.016831242
0.002164638
-0.003610225
0.031680941
0.005938745
-0.001045363
0.005909949
-0.013610417
-0.022384902
-0.021061163
0.043446065
-0.002110397
0.005968116
-0.008789022
0.003524891
-0.004231363
-0.017106651
0.020986138
0.000000000
0.015715323
0.002076830
-0.015682498
0.000351098
-0.029214737
-0.009444224
0.023445547
-0.008952613
-0.007220174
0.007939310
-0.013024774
-0.013934871
-0.010020582
-0.004111333
0.038572355
0.011821732
-0.000356248
-0.015437424
0.023597795
0.023053789
-0.023053789
0.002822860
-0.006362651
0.027628912
-0.016345285
-0.009512183
0.021709583
0.053632983
-0.004638784
-0.000332154
0.004640356
0.021590613
-0.009756129
0.010403204
-0.014660748
-0.019887835
0.004342673
-0.007024544
0.010352411
0.005962202
0.003955121
-0.017922720
0.009665101
-0.018410516
-0.027398999
0.034468509
-0.001006900
0.014004928
0.012504270
-0.019482200
-0.001334671
-0.011417173
0.013085182
-0.013422946
-0.005080480
0.003728177
0.015774769
-0.009367702
0.014018849
0.012843991
0.022327279
-0.004489976
0.014044211
0.009463879
0.007818585
0.000000000
0.002799838
-0.022938918
0.005705193
0.006301330
-0.009149906
0.015099377
-0.004694072
-0.005662186
-0.005377105
-0.017920552
-0.012672772
0.005543756
-0.025025956
0.018500632
-0.003935731
-0.005963161
0.001670926
0.008312600
