-0.016383422
0.034550812
0.002451853
0.016596274
-0.004425730
-0.023664858
-0.004551922
0.004138828
0.033708981
0.064188947
-0.053859234
0.010615549
0.020515419
0.011428622
-0.011428622
-0.038270941
0.005161725
-0.003968233
-0.025368825
-0.009012693
-0.018272795
0.037833290
0.014821023
0.029385155
-0.016349190
0.019818052
0.000384724
-0.049271086
0.049271086
-0.019026053
0.028595502
-0.014195604
0.012289018
0.007604468
0.015038023
-0.003738378
0.005602239
0.014787644
-0.012927251
0.003710595
0.000000000
-0.011173228
-0.009785502
-0.038162274
0.019070315
0.022866866
0.013473227
-0.015358961
-0.007198321
0.003795005
0.048068567
-0.018215517
0.012785499
0.013340745
-0.000716499
0.010695219
-0.009978720
-0.014793681
0.015867700
0.008904701
0.003539880
0.000000000
0.038132771
0.010152452
0.016363738
0.013162364
0.000326880
-0.016474872
0.003316767
-0.003649042
-0.024219162
-0.002045029
-0.005817001
-0.012430996
0.013802826
0.003421234
-0.019659413
-0.001759616
-0.011721039
-0.050936020
0.026341711
0.009475306
-0.032064674
0.024783983
-0.002560879
-0.012161642
0.001111941
0.018349109
0.028322344
-0.018552155
-0.022579245
0.005875912
0.009837907
-0.000725371
0.026496250
-0.024683673
-0.039901851
0.011244439
-0.019951793
0.005309117
-0.019477378
0.020989181
-0.022532993
0.001543812
0.028513619
0.000374814
-0.019293327
-0.037358367
-0.000793403
-0.009970115
-0.006030246
0.000000000
0.020750940
-0.013919388
0.001200693
0.020586670
-0.018189685
-0.018526386
0.004056795
-0.008130114
0.003666785
0.037514453
-0.033456055
0.000404931
0.008064591
0.009194551
0.001987589
0.024712091
0.013469411
0.011024786
-0.009496773
-0.001910217
-0.003447704
-0.037533746
0.001990132
-0.003984148
-0.057087848
-0.022655503
0.015444473
-0.021080604
0.038802497
-0.023699798
0.024535944
-0.030980639
-0.002157541
-0.010857807
-0.008771879
0.000000000
0.013129224
0.001737673
-0.023716639
-0.029314489
0.006841571
-0.002275213
0.018059106
-0.011248744
-0.020572173
-0.016767841
-0.017531945
-0.000956407
0.004296978
0.056046110
-0.032039355
-0.042761846
-0.022086754
-0.002982147
0.019226655
-0.024717202
0.023740133
-0.012789126
-0.014963010
0.037479774
-0.007774660
0.001462520
0.020251517
0.011862566
-0.027739936
-0.025044069
-0.000497483
-0.038027281
0.009259168
0.035215013
-0.024013196
0.022529078
0.017178259
0.000000000
0.035376648
-0.023284568
0.000961157
0.016670946
0.024727306
-0.028987570
-0.000949246
-0.036754709
0.002460127
0.021871990
-0.004819176
-0.017052813
0.014634333
0.028170845
0.004228390
-0.002346864
0.039166383
-0.004528890
-0.015553871
-0.017205630
0.054314029
0.000000000
0.034064349
-0.055164968
0.009932279
-0.019964344
0.011845213
-0.003629830
0.015783893
-0.026293475
0.021809265
0.000000000
0.006272231
0.000446709
-0.004474273
-0.013544349
0.000000000
0.005891663
-0.021928688
-0.016298358
0.013986222
0.034133054
-0.064210475
-0.021703255
-0.012264107
0.033012832
-0.004307261
-0.031671398
0.008871326
0.015096587
0.003859109
0.028478439
-0.041563358
0.001949534
-0.021654419
0.004962782
-0.018486719
-0.009118504
-0.038386518
-0.034430354
0.003824009
0.013539256
-0.016816257
0.014662178
0.014981668
-0.012289651
0.008032101
0.014822872
0.024397780
-0.005141502
-0.001031491
0.000515961
-0.009847075
0.020619254
-0.023226925
0.010389854
-0.001034268
0.043033817
0.013290825
-0.015771703
0.015771703
0.012633763
0.023384632
-0.017127131
-0.017425380
0.000975908
-0.014742103
0.034066554
-0.009615392
0.016291723
0.011812022
0.003750555
0.003270292
-0.012673312
0.005182612
-0.017062091
0.045781001
0.027028728
0.008849743
0.009644933
0.003484291
0.018096187
0.040992683
0.004906041
0.017384615
-0.002006016
-0.008064591
-0.050228315
0.016047545
0.050245349
-0.003991973
-0.000400071
0.015879669
-0.019487614
0.023810697
-0.025820659
0.023858037
-0.011857954
0.002779413
-0.009561863
-0.036693962
0.012791653
-0.037172700
0.011844515
0.038363043
-0.024996177
0.016461252
0.011363888
0.001209808
0.018766853
-0.006349252
0.057246844
-0.027827193
-0.014405547
-0.005899629
0.028382942
0.034005223
-0.024335862
0.027336563
0.006719031
-0.010471355
0.001502643
-0.014747861
-0.012265379
-0.007743003
0.037005924
0.007090920
0.035437597
0.012129950
-0.023319474
-0.020906652
-0.008561445
-0.012034616
0.012034616
0.002613458
-0.001866008
-0.031110189
-0.009680674
0.007751965
0.000000000
0.003468840
0.019432890
0.001131515
0.023469101
-0.010362764
0.026433263
0.001086252
-0.007629352
0.002185755
0.000727601
-0.000727601
-0.008404936
-0.003676489
0.007705125
-0.002195468
-0.008830121
0.021569099
-0.008717744
-0.014330542
0.009576451
0.024978605
0.007125139
0.006722134
0.008427055
-0.010545027
-0.010657223
-0.000714529
0.019466176
0.006289257
-0.007341299
0.010123971
0.017559416
0.013559510
0.009049803
0.003663642
-0.004331117
-0.008382328
0.014706105
-0.006323777
0.000000000
0.001001133
0.007311445
0.011195355
0.008477313
-0.013072063
0.000000000
0.007210830
0.010719612
-0.014646354
0.006536030
-0.006536030
-0.001312314
-0.010229369
0.005952331
-0.015282600
-0.002346357
-0.011135529
-0.004421037
-0.008213492
0.000000000
0.017036107
0.000000000
-0.020133720
0.001722048
-0.008293143
-0.004172396
0.018982431
0.025317779
0.000333290
0.012253749
-0.004288187
-0.018349190
0.004367566
-0.026151899
0.002062674
0.006844571
0.000681812
0.002383028
-0.003064840
0.011192180
-0.005750048
-0.023336711
0.001041052
0.013094670
0.011234164
-0.001355062
0.006756844
0.012713445
-0.004665075
0.005993956
-0.000996443
0.007944364
0.000329699
-0.026383249
0.020101220
0.003972201
0.005928873
0.009803968
0.006482995
0.000000000
-0.008110324
0.000000000
-0.025735544
0.000668285
-0.001671391
-0.008061888
0.016722826
-0.029280169
-0.015141440
-0.004866179
0.021031649
0.006461379
-0.013651925
-0.053284923
-0.024583826
-0.013839814
0.022715614
-0.011479459
0.001488584
0.009622605
0.001472264
0.018583159
-0.021160929
0.004047716
0.005858691
-0.014711535
0.011420291
-0.048405596
0.003454195
0.002296173
0.013667722
0.025317840
-0.008121176
0.014716947
-0.004759274
-0.002204224
-0.021938114
-0.013245217
-0.013423011
0.006158537
-0.013910503
0.003883433
-0.007001116
0.007001116
0.007722116
-0.002310400
0.022113046
0.005640095
-0.001876473
0.018977241
0.025474470
0.021682123
0.005610126
-0.003853669
-0.005278842
-0.011355721
0.065608570
0.013610161
-0.004295341
-0.011657111
-0.015530376
-0.003066929
0.001705019
0.008481829
0.008410457
-0.001676506
0.000000000
-0.023770059
0.023770059
0.000000000
0.007688620
0.021413985
-0.007196608
0.000656372
0.000655941
0.012058238
0.002588116
0.018883643
-0.007638553
0.012067528
-0.015267476
-0.015829844
0.022538064
0.022974965
-0.008122498
-0.018360740
-0.006410201
-0.003220763
0.011865001
-0.007037823
0.012759324
0.006319193
-0.012359633
0.002547862
0.001906545
0.029712893
0.003384120
0.010387938
0.010582230
-0.005428242
-0.004242357
-0.016225699
-0.007745952
-0.017571828
0.007254332
0.014972179
0.005557287
0.013455822
-0.001519978
-0.002131852
0.004259104
0.001213635
0.006648730
-0.007862366
0.004845634
-0.003025573
-0.001516386
0.001516386
0.000000000
0.026612388
0.000294946
-0.015158565
0.009241397
-0.013443043
0.020834165
-0.000589203
-0.028696737
0.016107319
0.004511976
0.011043125
-0.010143305
0.016652325
0.003826345
0.013422909
0.017526658
0.013859648
-0.002812831
-0.001973765
0.015960013
-0.001389945
-0.148464528
0.032696239
-0.042098072
0.025724889
0.020424923
-0.021060027
0.026333740
0.000000000
-0.006830267
-0.009389667
-0.005992706
0.007563835
-0.006299216
0.018779877
0.018433589
-0.010711588
0.019802709
-0.030941441
0.008057186
0.003081546
0.000000000
0.012536544
0.004244818
-0.022335219
0.008319261
-0.002150194
-0.002771365
0.003693439
-0.003076869
-0.004942845
0.004634560
0.014688045
-0.007316928
0.021792634
0.000000000
-0.020875137
-0.014162745
0.019346499
-0.011009288
0.035642599
0.017647409
0.008130135
-0.006964516
0.002907831
0.000000000
0.012694915
0.018745246
0.004491854
-0.008438860
-0.000565262
0.014590743
0.023944985
-0.001905528
0.000000000
0.029532337
-0.015194208
-0.005926852
0.011017180
-0.003211986
-0.003222364
-0.015722743
0.016260535
0.002148223
0.001340307
-0.013212969
-0.008176766
0.000273613
-0.004936929
0.016362641
-0.011425712
-0.004936929
0.022564521
-0.008368249
0.009711436
0.004018853
0.000000000
-0.004824454
-0.015432816
0.016238416
0.031706859
0.000000000
0.010606645
-0.008009451
-0.002337252
0.022114564
-0.005355019
0.036157597
-0.014406685
0.005240179
-0.006993043
0.002503137
-0.006269524
-0.023159207
-0.009831998
0.010604010
-0.022636600
0.032620038
-0.001529425
0.011918476
0.004276193
-0.002764849
-0.018544934
0.013245218
0.010821817
0.011696054
0.000000000
-0.000247439
0.004690692
-0.006424453
0.017203687
-0.005375042
0.009508782
-0.031052280
0.010458274
-0.000495655
-0.014478433
0.004265568
-0.021767614
-0.015472187
0.001039040
0.000000000
-0.002859730
0.001040851
-0.027153488
0.016170021
-0.009511330
-0.009870676
-0.001341385
-0.008627608
0.000000000
0.032501537
0.006792080
0.000000000
0.013960825
-0.010063188
0.003624026
0.002580734
-0.010362894
0.007782160
-0.000258437
-0.008305161
-0.005750144
0.010430125
-0.000518845
0.003885522
-0.009872762
0.008061494
0.002069772
0.000000000
-0.019311572
-0.001318505
0.002635054
0.000000000
-0.008456605
-0.018481856
0.015025676
-0.000532666
0.000000000
0.004519504
0.015528676
0.028323095
0.000000000
0.019359402
-0.003991907
0.008464069
0.007163293
0.004175264
-0.009852193
-0.009950433
0.007472008
-0.005723549
0.025136881
-0.028636889
0.001751548
0.024448686
-0.004400986
-0.005405314
-0.010650479
0.042414582
0.000000000
0.037475009
-0.005301388
-0.003009008
-0.003250432
0.000465019
-0.010750287
-0.022334026
-0.018429233
-0.008849617
-0.018189125
-0.019294837
0.018540224
-0.003276650
0.013540936
-0.017842013
0.013598907
0.004989939
-0.007996049
0.017162556
-0.009664506
-0.011520193
-0.005303599
-0.011973154
0.024805039
-0.009040747
-0.007851016
0.007598813
-0.001767915
0.007303807
0.003757058
-0.005263744
0.001506685
-0.007051157
-0.009394490
-0.010514190
-0.001031723
-0.002066752
0.031312235
-0.007547199
0.013045732
-0.002495432
-0.026330642
0.007157396
-0.018509422
-0.002598194
-0.031983590
-0.015701459
0.008963696
-0.015808366
0.005752672
0.010596478
-0.000270313
-0.004063376
-0.018907275
0.027017499
-0.003236240
-0.008409109
-0.007806185
-0.009838377
-0.015658801
0.004294922
0.019802714
0.006700053
-0.006700053
-0.019802714
-0.023122338
-0.011764967
-0.010707912
-0.008710094
0.010502646
0.046370856
-0.042795241
-0.020736969
-0.019936203
0.031109590
-0.032659694
-0.010291694
0.015552459
0.024692594
-0.040245053
0.025074814
-0.009522356
-0.025951142
-0.018220109
0.013457442
0.039930397
0.025661815
-0.024133911
-0.039868332
-0.052849734
0.045834437
-0.024292615
-0.026243103
-0.005061557
-0.014653510
0.015667928
-0.011215045
0.021636990
-0.006038203
-0.006074919
0.008091753
0.010023467
0.050245504
-0.032779256
-0.004912470
0.012398198
0.014486101
0.004146064
0.028550949
-0.006516757
-0.002181671
0.005600523
-0.015635137
0.017804605
0.037075161
-0.015634766
0.012646852
-0.009621215
0.004822255
0.013735688
-0.015240084
0.023509434
-0.002945429
-0.016657173
0.002396524
0.001793868
0.005361770
0.007399896
0.000000000
0.017539143
-0.019901027
-0.030310019
-0.004887000
-0.017918257
-0.033923108
0.019163882
-0.001900027
-0.029593665
0.012007342
-0.013641018
0.021673131
-0.014829313
0.016427990
-0.016752894
-0.007173159
0.030613000
-0.008285624
0.012718810
-0.016887444
-0.015544394
0.003583663
-0.029370185
-0.005372748
0.011382794
-0.000332949
-0.018145658
0.004398540
-0.012912101
-0.005143230
0.018055331
0.003370456
-0.001346819
-0.003036923
0.005392599
-0.023810651
-0.003793706
0.008944000
0.034666007
0.026764053
-0.005813914
0.054834132
0.010372314
-0.006393680
-0.010439161
0.068581309
0.023637597
-0.015029344
-0.003721191
-0.010667589
0.057721878
0.013317316
-0.010312192
-0.000818704
0.017052792
-0.008896060
-0.019136724
0.002481025
0.031972302
-0.013422950
0.063355263
-0.014307839
-0.001029854
-0.017409677
-0.011865738
-0.016043173
-0.018773562
0.010926202
-0.004356065
0.009504443
0.039480612
0.023874651
-0.013021926
0.001797483
0.009701375
-0.004073457
-0.010514142
0.022432709
-0.006829353
-0.003305017
-0.003571480
-0.017790903
-0.004955010
0.019418131
-0.006172809
-0.001807695
-0.006222343
0.008803769
0.023692382
-0.004289356
-0.004307523
-0.030422564
0.000000000
0.011193729
-0.004670436
0.013689993
-0.011352048
0.036932699
0.039470641
