0.003266174
0.007580168
0.037061243
0.010341585
-0.035606661
-0.017203944
0.003248684
0.005390284
-0.002152511
0.018152924
-0.046569773
0.019758001
0.039430519
0.010394771
-0.007264714
-0.001042706
0.000000000
-0.021075691
-0.006410230
-0.020575398
0.009798597
0.031986409
0.036067774
0.000000000
0.012072855
-0.007025230
-0.013177566
-0.012103879
0.012686099
0.034076121
0.015113780
-0.002002269
0.002002269
0.006976099
0.008897432
0.003929798
0.005864861
-0.016708749
-0.007965352
0.001998743
-0.008024190
-0.004035748
-0.021461959
-0.026165448
-0.024693032
0.033141066
0.004196483
-0.007357297
0.003160814
0.023896187
0.038273622
0.000987120
-0.003957302
-0.000990861
-0.001986596
0.006934759
-0.029045923
-0.019497535
0.030614053
0.003010677
0.034468921
0.017275185
0.017916161
-0.001869896
-0.001874719
-0.018940545
0.006670451
-0.000949772
-0.004764117
0.015166126
-0.004715033
-0.011407654
-0.010571633
0.007699818
0.011440108
0.032636652
-0.008291697
-0.006495968
-0.004666466
-0.007511672
0.009381135
-0.012023840
-0.010449277
0.006282626
0.013478496
0.003084779
-0.009283031
-0.018828657
0.008412201
0.010416456
-0.012513133
-0.015864658
-0.009641027
-0.002155247
-0.029559476
0.011049518
-0.016620401
0.024284415
-0.005468546
-0.033447320
0.000939279
0.030186089
-0.022272041
-0.032039069
0.003482429
0.002314531
0.006912540
-0.015037689
-0.002333808
0.010458958
0.032975853
-0.015783552
0.030220055
-0.016676050
0.005589758
0.000000000
-0.002232048
-0.016901715
0.021360663
-0.012310855
0.003372450
-0.002247275
0.016732035
-0.016732035
-0.009039223
-0.005691745
0.000000000
0.024803817
0.001112830
0.000000000
-0.006696347
0.000000000
-0.014664316
0.002270232
-0.001134472
-0.014865910
-0.053235973
-0.028343948
0.000000000
0.009949904
0.020821126
-0.013422741
0.031440963
0.003565011
-0.027662118
-0.003665187
-0.021026959
-0.031748235
0.012820540
-0.012820540
-0.003878413
-0.004561069
-0.002642217
-0.006635620
-0.008021221
-0.014875078
-0.002728299
-0.008230277
-0.020877235
0.001405590
0.057313339
0.030049292
-0.032705545
-0.032434411
-0.007148979
0.006910773
0.029852563
-0.024358470
0.005464500
0.010840226
-0.030097628
0.027398568
0.047503192
-0.006463843
0.020539474
0.002537874
-0.044049426
-0.025487132
0.012153794
-0.034132502
-0.006968345
-0.021202327
0.002853294
0.000000000
0.016949342
0.011142181
0.027323481
0.022652248
0.014388247
0.030694188
0.003771121
0.007500040
-0.039369683
-0.023593019
-0.003987034
-0.017461319
0.018792098
-0.013386886
-0.001348513
0.014735400
-0.006671042
-0.014834764
-0.008185807
-0.006872345
-0.015288591
0.008368035
0.042153735
0.006635837
0.015747763
-0.023716152
-0.020202417
0.000000000
0.021534969
0.005312105
-0.020067272
0.006733934
0.014657071
0.009216358
0.015606440
-0.002584184
0.003873574
-0.048855565
0.018767329
-0.024194757
-0.013698211
0.027046978
-0.017651154
0.040273332
-0.010581963
-0.010695139
-0.006743124
0.048855642
0.000951376
-0.006583560
-0.030853323
0.005434671
-0.006798176
0.024259607
-0.049121976
-0.018349139
0.004264298
-0.007117519
-0.002860945
0.000000000
-0.014431705
-0.041548289
0.016528924
0.008902389
-0.014881344
0.000000000
-0.012066235
-0.012213845
0.003067416
0.004583554
-0.016909843
-0.004662142
-0.010963046
-0.011084324
0.003179088
0.015747987
0.015504065
0.001537244
0.021277143
0.034001256
0.005797211
-0.085959670
0.050662234
0.016332585
-0.001473807
0.001473807
-0.022338472
0.001504857
0.001502596
0.014903068
0.004427952
-0.017830679
0.007944529
0.033285732
-0.001489484
-0.007478877
0.007478877
-0.008982013
0.025242313
0.042918985
0.015373946
0.078655237
0.038973288
-0.012406883
0.034358666
-0.024420802
0.036410967
0.017721658
-0.007050218
-0.059520338
-0.025349245
0.097757508
-0.001164680
0.012738842
-0.036325813
-0.030286724
0.000000000
0.038606700
0.010593967
-0.008230190
-0.036062362
0.000000000
-0.033605554
-0.005076096
-0.027082054
0.014277831
0.057586975
0.002430020
0.045085406
0.004629588
-0.021003780
0.016374193
-0.008153496
-0.001170479
-0.020108182
-0.009603641
-0.010915567
0.035932946
0.024405225
-0.002298911
-0.003458307
-0.022183752
-0.056089729
0.016348722
-0.010869887
0.004091028
0.013513701
0.045909382
-0.006431665
0.011546177
-0.023226875
-0.005234834
-0.032003166
0.000000000
0.005404798
-0.012203558
0.002726042
-0.009569863
-0.001374366
0.000000000
-0.001377741
-0.016666451
0.021747535
0.002743329
0.006826307
-0.013700088
0.017772816
0.017461199
0.006636240
-0.054361597
0.009729437
-0.019552952
-0.001412490
0.022347162
-0.013908205
0.016666857
-0.009687734
-0.008380208
0.035816128
-0.024658299
-0.030989093
0.028211473
0.023368714
0.030770984
0.009180401
-0.001306086
-0.011834491
-0.005305643
0.007947680
0.028611168
0.001280641
-0.015484515
0.023138545
0.043511971
-0.004878926
0.021766178
0.005963668
-0.003574316
-0.009592663
0.002407735
-0.004820145
-0.009708591
0.015730030
-0.012077397
0.015671680
-0.012033641
0.006035649
0.038941864
0.002313095
-0.003470952
-0.006975906
-0.001168731
-0.012933492
0.028006944
0.001150021
0.018119471
-0.010315366
0.015999641
0.004525620
-0.009070604
-0.027715545
0.001169957
-0.003514299
-0.002350007
0.009368002
0.015037170
0.002293261
-0.015002465
0.008886052
0.013761045
-0.003422284
0.007967236
-0.013698367
-0.047068005
0.008398662
-0.004789730
-0.010863207
0.022796206
-0.011932999
0.002397574
0.005970801
0.005933948
0.015268284
-0.008192405
-0.011820154
0.014167231
0.010495974
-0.029431523
-0.003590224
0.017826254
-0.014236030
0.013057573
0.016373949
0.011533699
0.014799010
-0.010221643
0.000000000
0.015854715
0.008948640
0.013275384
-0.006615736
0.004414376
-0.007738067
-0.005565288
-0.013482873
0.002259558
0.021217790
0.002207039
0.039984702
-0.022497415
-0.019694325
0.019694325
0.023556092
0.005276498
-0.021277122
-0.052993170
-0.027586834
-0.001166242
0.032149598
-0.024015856
0.016074382
0.010198332
0.000000000
-0.018203072
-0.008069641
-0.004639550
0.009259356
-0.019779710
0.011682223
-0.050524333
0.003664843
-0.004889394
0.021818733
0.002395001
-0.001196545
0.005970511
-0.040078634
0.004943952
-0.006183687
0.000000000
-0.004975686
-0.017609803
0.010101374
0.000000000
0.007508429
0.023775633
0.012578675
-0.003756601
0.013707070
0.024450581
-0.008490224
0.042915935
0.005816709
0.009237776
-0.003453677
0.010327053
-0.006873376
0.006873376
0.027027761
-0.010050429
0.000000000
0.020001972
-0.005516248
-0.001106769
0.011013094
0.024880127
-0.011822571
0.004315817
-0.001076969
-0.011925238
0.011925238
0.004300525
-0.001073501
0.019149417
-0.014861629
0.013807368
0.008403528
0.007295914
0.009302469
-0.002059793
-0.004132887
0.037586856
-0.002995281
0.015873821
0.013684740
0.024679034
0.004841913
-0.012639578
-0.017769980
-0.003347199
-0.012084674
0.012084674
0.007976236
-0.015008359
-0.019339556
-0.009291685
0.004140343
0.014358875
-0.011264734
0.025421593
0.000000000
-0.019260994
-0.002049022
-0.035494291
0.025184956
-0.008324967
0.009360491
0.009273811
-0.007205719
0.009254741
-0.012358357
-0.015666848
0.008385927
0.013478679
-0.011393075
-0.013634178
0.005266448
0.004192812
0.004174918
-0.005221409
-0.025451923
0.026498414
0.008333509
-0.016737180
-0.008475024
0.024174530
0.002074399
-0.003114311
0.012397814
0.015282471
0.019029502
-0.009970386
-0.023315754
0.027315573
-0.001998220
0.002995401
0.006955393
0.016690917
0.002917731
0.000000000
-0.002917731
-0.019665526
-0.101286310
0.006570984
-0.028794602
0.012284090
0.000000000
-0.023583471
0.019134421
0.000000000
0.006666036
-0.008899114
-0.020753589
0.005697519
-0.004555387
0.013605492
0.016750307
-0.007782479
-0.016882286
0.000000000
0.006787768
0.010094517
0.000000000
0.005565460
0.001109055
-0.025829386
-0.005705153
0.002286704
-0.010327455
0.026182385
-0.019286524
0.009122628
0.013528802
0.010027999
0.000000000
-0.001109055
0.009939535
-0.013274513
-0.001113998
0.008878246
0.014262234
0.002177086
0.003255359
-0.002168927
-0.003263518
0.008677107
-0.008677107
0.004348637
-0.002171551
0.000000000
0.008657517
-0.011924454
0.007604930
0.000000000
0.001081598
0.031918354
0.011452155
-0.002072280
-0.003117976
0.021617205
0.001017748
-0.004076969
-0.007176403
0.005131415
0.014227865
0.005775923
0.001011270
-0.008121942
0.013164489
-0.001006428
0.010020334
0.020720714
0.007782923
-0.001939881
-0.001944368
0.007752282
0.000964557
-0.016528605
0.019111373
-0.003860594
0.005786318
0.027502137
0.000000000
0.002802273
0.012975866
0.004592963
0.002745955
0.003650030
0.021622346
0.006216015
-0.003543214
-0.009825825
0.000898456
-0.001797170
-0.010841247
-0.000909666
-0.014651707
-0.001847712
0.019225716
-0.006368783
0.038488269
-0.007055384
0.006176300
-0.004407917
-0.015123153
0.020410154
-0.002639899
0.000000000
-0.000881733
-0.004419389
-0.011572718
0.004470607
-0.006254566
0.000000000
-0.023598599
0.021801429
0.015153848
-0.010677106
-0.002679572
-0.028199790
-0.033774931
-0.007662282
0.000000000
0.009568597
0.002853724
-0.022084313
0.032476421
-0.016106903
0.000000000
0.000000000
-0.014429803
0.000000000
0.015384559
0.011385146
0.000000000
0.014982236
-0.002791953
-0.000933301
-0.009371189
0.015880168
-0.003713739
-0.024483757
-0.010541617
0.009268763
0.003816394
-0.004772861
0.014251705
-0.011385162
0.003809824
0.004741177
0.010353119
-0.014144074
-0.002853727
0.004751117
-0.004751117
-0.009568612
0.015266902
0.036266680
0.000912924
0.000000000
-0.011009348
-0.002772229
0.000924742
0.000000000
0.019225624
0.011709250
0.018650901
0.001759373
-0.000879192
-0.015949687
0.000000000
0.015949687
0.002625714
0.012197674
0.012907199
0.015263905
0.005042744
0.003338598
0.024731010
-0.013110151
0.063146719
0.000000000
0.040976114
-0.026368395
0.006086072
0.005302405
-0.003026621
-0.016023766
-0.031258155
0.038155678
-0.020846123
-0.009396651
-0.001577560
0.031820335
0.000000000
0.023404517
-0.002243484
0.039594030
0.017108179
0.016124395
-0.001012253
0.001467552
-0.013271414
-0.026328690
0.017137073
0.008218246
0.026435272
-0.004361671
-0.002918386
-0.006589453
0.008779167
0.009425207
-0.006513364
-0.010221106
-0.004408092
-0.009627574
-0.010473562
0.000000000
0.001504137
-0.003764638
0.003012721
0.016393926
-0.010403458
0.011882044
0.017558518
-0.005824036
-0.005115971
0.000733477
-0.002937397
-0.008115035
-0.020198463
0.004521125
-0.000753442
0.015688890
-0.021728953
-0.018350539
0.018350539
0.019508421
-0.015723955
-0.008344776
0.003801730
-0.002279286
0.006066618
0.031960457
0.001455234
-0.005858566
-0.061354373
-0.027725980
-0.016192958
0.001623878
0.002444414
0.002438547
0.032708959
-0.015821663
-0.014454775
-0.013854370
0.009796749
-0.044857191
-0.014544483
-0.006058879
0.042456341
-0.023555367
0.016047586
-0.014345197
-0.042527143
-0.007114623
0.002677520
0.015043656
0.031386212
-0.050899193
-0.013888855
-0.062875013
0.002125328
-0.023631489
-0.001087683
-0.007646164
-0.033447989
0.010152566
-0.034249975
0.043188399
0.020914295
-0.029852720
0.007825437
-0.004464144
0.016639286
-0.030153146
0.024637539
0.015367746
0.010834436
0.032859413
0.009341081
0.002063915
0.002059772
0.002055538
0.003075191
0.014227941
0.021956969
0.005905642
0.019436918
-0.000962946
0.014347520
0.031778291
-0.025152689
0.001885051
0.031513184
-0.017487639
-0.002789553
0.010189991
-0.040438024
0.021832972
0.005618000
0.029440640
-0.014611932
-0.001841656
-0.021425982
-0.019972214
-0.039182107
-0.005007722
0.023810789
-0.001962746
-0.009871728
-0.012980748
-0.002178698
-0.022893836
0.021864437
-0.027141383
0.004223805
0.028053802
-0.016529362
0.027736770
-0.045603790
0.016824746
-0.011026487
-0.011683660
0.000000000
0.035680551
-0.001031502
-0.042155764
0.006437724
0.006396654
0.023110250
0.015456153
0.013204990
-0.001009737
-0.014242211
0.011207390
-0.028778987
0.008307549
0.009264048
0.029280192
0.004962891
-0.010950871
0.040221152
0.032169340
-0.007476689
-0.012270014
0.059003243
-0.008089987
-0.024669935
-0.005565915
0.006490499
0.040748052
-0.008912714
-0.030911512
-0.001848410
0.015603690
-0.001823136
-0.024008481
0.011152512
0.020128654
-0.013679915
0.037842329
-0.006208427
0.014134364
0.008733680
0.004338402
0.004319750
-0.026202461
0.021882711
-0.009569487
-0.007017500
0.016586987
0.037387584
0.006650083
-0.018395062
-0.000844360
0.001687833
-0.018724108
0.037931224
0.022895622
0.009654203
-0.012082387
-0.007332062
-0.014827228
0.000000000
0.025400742
-0.019608474
-0.031003755
0.003398605
0.010126626
0.015827059
0.006589894
-0.027467362
0.004894243
-0.000840687
-0.000841480
-0.011003038
-0.012848189
0.017094553
0.023451584
