0.005014393
0.016045621
0.035539825
0.015524404
-0.044717554
-0.024454949
-0.001177883
0.006762920
-0.008831667
0.015258399
-0.036778186
0.003317205
0.029085827
0.004956186
-0.009649212
0.011685947
-0.003781111
-0.020620925
-0.006867601
-0.014187307
0.013513059
0.027528762
0.036127066
-0.008479598
-0.002275981
0.006242486
-0.012814820
0.003366245
0.025942238
0.032640252
0.005897951
-0.000279601
0.005308656
0.009702911
0.010433280
0.002454930
0.004892624
-0.010629559
-0.004198665
0.007681144
-0.008781417
-0.008859153
-0.027057334
-0.026345630
-0.040101234
0.033327988
0.004129378
-0.005014522
0.000000000
0.028267819
0.029730167
-0.006159384
0.008384949
-0.006420702
-0.006181052
-0.000844403
-0.028616053
-0.017571566
0.033123695
0.009104094
0.033919403
0.009541442
0.012141237
0.000534626
0.004813009
-0.020206290
0.007321979
-0.007865258
0.000000000
0.014325675
-0.007539277
-0.012793608
-0.016849592
0.027476013
0.026736161
0.031939406
-0.018832307
0.010106389
-0.013756421
0.007028567
0.011553317
-0.009805873
-0.025473206
0.003983766
0.013158916
-0.004718168
-0.004477160
-0.006881634
0.009784284
0.018503418
-0.026962034
-0.014161793
-0.017918776
-0.012126592
-0.021304797
0.003679849
-0.014785241
0.020128984
-0.011860598
-0.025025191
-0.006512666
0.022054042
-0.025586467
-0.024136083
-0.004235681
-0.006382006
0.028846996
-0.006239660
-0.010484706
0.005109355
0.034748014
-0.017813850
0.024447459
-0.011272439
0.002903628
0.009808594
0.003438658
-0.017317652
0.008696376
-0.012778891
0.000291852
0.006043329
0.013281495
-0.010088943
-0.017246093
0.003823647
-0.011515212
0.029848122
0.009189496
0.000684639
-0.017428070
0.002874494
-0.006075700
-0.006107416
-0.008423625
-0.015737520
-0.042528856
-0.004493344
-0.002082614
0.018228119
0.009837937
-0.012569210
0.027640844
-0.004511297
-0.024354562
-0.001714034
-0.003782773
-0.029703978
0.013037521
-0.002105246
-0.029190019
-0.015209234
-0.001125588
-0.010554441
0.016537672
-0.020710465
0.002276637
0.002277552
-0.020668365
-0.001935054
0.058688407
0.034827948
-0.028997388
-0.036250202
-0.023081276
0.023261875
0.037361553
-0.041518856
0.010919199
0.011168245
-0.020196887
0.001886698
0.039555621
0.024346045
0.016492146
0.008660245
-0.040117766
-0.022516194
0.009504467
-0.040457975
0.011298592
-0.024643237
-0.000766897
-0.004236875
0.022508931
0.014791624
0.039749653
0.020876174
0.009063590
0.028051302
0.003706364
-0.006744636
-0.054952794
-0.009340973
-0.016733965
-0.015160946
0.023566377
-0.020595834
-0.007456276
0.020741871
-0.006620663
-0.014868824
-0.005633087
0.006757410
-0.027688389
0.017912049
0.062829531
0.002481446
0.011968301
-0.015158659
-0.025921881
0.006179265
0.026823794
0.002814103
-0.028191988
0.027843520
0.007014741
-0.002448514
0.026961787
-0.000343565
0.001367236
-0.050311759
0.014583761
-0.026837030
0.007946053
0.008061285
-0.032314088
0.061539945
-0.022457574
-0.007482042
-0.011504268
0.052829605
-0.000183303
0.000000000
-0.023893357
0.006381362
-0.006733274
0.016930983
-0.059818879
-0.018738589
0.006409094
-0.003765908
-0.003780288
0.000756192
-0.003409474
-0.045708125
0.008323451
-0.003953572
-0.019199938
0.000399832
-0.011773092
0.004478900
-0.015573996
0.014351971
-0.026398483
-0.011775181
-0.010207326
-0.014202816
0.002164504
0.009468240
0.010660078
0.003805266
0.006735583
0.045507340
0.021623192
-0.074561617
0.023821837
0.014351853
0.009727717
0.004825357
-0.030146015
0.007830219
-0.003288982
0.024000951
0.010791246
-0.020487369
-0.015127336
0.039582703
-0.014355008
-0.008474366
0.000808772
0.000000000
0.027943008
0.046387859
0.023054503
0.094312700
0.047687560
-0.004478550
0.022183577
-0.033781240
0.038470458
0.008385459
-0.004650915
-0.045451332
-0.030039123
0.103680476
0.002717694
0.000298394
-0.025933284
-0.032360003
-0.010592485
0.024545247
0.005961756
0.005618422
-0.029053102
0.007185963
-0.035650333
0.001979441
-0.029066808
0.010786883
0.061137827
0.005036243
0.044204623
0.012238023
-0.029500139
0.006391862
-0.007310196
0.005490062
-0.018726798
-0.018453349
-0.008878238
0.034124444
0.033592399
-0.006868993
-0.015095435
-0.027636147
-0.059312545
0.024280376
-0.015023853
0.000325754
0.006232952
0.060873043
-0.006170344
0.009858603
-0.038426701
-0.015404468
-0.021576714
0.015410305
-0.008492650
-0.012883645
0.003318245
-0.000995533
-0.004651212
-0.010046328
-0.000338941
-0.022126426
0.015203775
0.014822693
-0.001004490
-0.009755379
0.016090676
0.015182907
-0.002294427
-0.052569350
0.004483417
-0.014571120
-0.004902520
0.018096901
-0.002416323
0.016460608
-0.000341708
-0.017506586
0.038049516
-0.035623751
-0.034081391
0.034423053
0.022195004
0.023036382
0.020749004
-0.000645922
-0.007145660
0.003903749
0.010018355
0.026652024
0.009660368
-0.008411016
0.020427902
0.028092644
-0.003278604
0.016889078
-0.005894255
0.015544688
-0.013473733
0.006172152
-0.007648378
-0.012783721
0.003877708
-0.011087838
0.018217906
-0.009979052
0.011892769
0.040836679
0.005658515
-0.005944381
-0.006550253
0.002001950
-0.008305472
0.025267497
0.007539193
0.029005536
-0.004138196
0.013182970
-0.001910419
-0.006584999
-0.019448553
-0.001686610
-0.004787709
-0.003112880
0.012112051
0.017477661
0.006576338
-0.020702581
0.010126863
0.014543372
0.000269210
0.009482892
-0.011934036
-0.038678350
0.012965421
-0.020082164
0.000857572
0.021463190
-0.022891612
0.007121003
0.002269010
0.009584820
0.015859571
-0.002485958
-0.007780079
0.011372251
0.007141590
-0.025793750
-0.001967581
0.023793941
0.008763312
0.019445628
0.008257583
0.009240241
0.001312772
-0.003418362
0.011261037
0.018835093
0.021739504
0.013804691
-0.016411517
0.003031568
-0.001651083
-0.008575484
-0.005293033
0.006125978
0.021144404
0.008390217
0.034170870
-0.029820516
-0.021709495
0.008196998
0.035288202
0.002361237
-0.032491499
-0.051095058
-0.012903478
-0.006078993
0.048180300
-0.030339504
0.009368319
0.008164055
0.003357289
-0.009260599
-0.010487388
-0.006861119
0.021004159
-0.024452331
0.019383309
-0.046180539
0.004136186
-0.003541741
0.013218067
-0.007909826
-0.005902685
0.002955623
-0.042173389
0.004604861
-0.002147693
-0.003999702
-0.018032252
-0.027358841
0.025158315
-0.000316165
0.008148703
0.035328764
0.007973790
-0.000609458
0.023266059
0.010992107
-0.008836467
0.041479413
0.004282710
0.013582212
0.003367211
0.004748924
-0.003350725
0.001957436
0.025088783
-0.020630430
0.000833338
0.026577557
-0.007871738
-0.005464277
0.003008556
0.033054110
-0.002381760
0.013423078
-0.005241180
-0.021517621
0.000000000
0.010755597
-0.002927243
0.020581195
-0.007340551
0.019280039
0.025480365
0.004518268
0.003251226
-0.004755324
0.003256729
0.041141941
-0.019624995
-0.000491936
0.004641551
0.024108483
0.002932905
-0.015247388
-0.007960765
-0.001440902
-0.010314493
0.018045568
-0.003983340
-0.016847310
-0.011477797
0.003073579
0.000510461
0.017985039
-0.009840141
0.009591459
-0.012890214
-0.029169602
0.010940338
-0.021735593
0.008175338
-0.005530356
0.010767060
0.007289390
-0.003378522
0.014723509
-0.011866180
-0.016743205
0.016819129
0.005177201
-0.018505640
-0.007924137
0.007659708
-0.001841172
-0.001848534
-0.001320190
-0.018417788
0.043745993
-0.003615112
-0.008839454
-0.014728003
0.019159490
0.006474839
0.001807681
0.005656868
0.006385495
0.020497020
-0.016616584
-0.033297651
0.015625167
0.002322892
0.002576010
0.004871099
0.017000267
0.009513069
0.004229866
-0.001244056
-0.020580685
-0.128364782
0.025620463
-0.019871460
0.015646558
0.008150485
-0.018932606
0.026742274
0.000000000
-0.001948039
-0.010630890
-0.011251277
0.009911877
-0.001125379
0.015955838
0.016250096
-0.010435213
-0.015862141
0.000000000
0.012264895
0.008826295
0.000000000
-0.007164942
0.005243194
-0.022262749
0.001126342
0.000842659
-0.003375624
0.027788755
-0.009084601
-0.000277977
0.009909256
0.006551949
0.009552043
-0.004053468
0.002705486
-0.014143559
-0.009631217
0.007986174
0.014977776
0.010750206
0.002671706
0.002129760
-0.009625839
0.001075427
-0.014598755
0.001090062
0.000269555
0.006237878
0.002429648
-0.004596451
0.001083816
0.003779620
0.005913723
0.031733463
0.010333179
-0.002316265
-0.002577548
0.015632913
0.012133645
-0.006298891
-0.012725011
0.005110994
0.017925875
0.009320029
0.002010327
-0.008069527
0.009575540
-0.007299075
0.021000745
0.010825593
0.008287634
-0.002916617
-0.008802013
0.009042907
-0.005365841
-0.012806190
0.020917883
-0.005112840
0.000490676
0.026480775
0.000000000
-0.001187312
0.016746260
-0.002810846
0.007012612
-0.002333298
0.018508691
0.007077673
-0.003645627
-0.010563935
0.001384278
0.003451650
-0.009928472
0.001856689
0.000694658
-0.005339484
0.008573096
0.001902151
0.033746935
-0.008946553
0.015828184
-0.011791278
-0.011935275
0.021510956
-0.002440296
0.000000000
-0.008257361
-0.005165632
-0.001578850
0.001805200
-0.007234036
-0.002043378
-0.009360623
0.007313311
0.006808881
-0.006126085
-0.006163522
-0.012905369
-0.024896691
-0.016735461
0.000000000
0.013936931
0.000000000
-0.019516489
0.035846238
-0.027367648
0.001446446
0.005046260
-0.019360365
0.000000000
0.024860452
0.013729015
0.000000000
0.019790288
-0.009729171
-0.003031911
-0.009380923
0.006107988
0.001639565
-0.020796139
-0.014673628
-0.000421803
0.014684227
-0.005990523
0.010522406
-0.003335044
0.008557203
0.002599040
0.007995443
-0.022502016
-0.015934522
0.005288955
-0.000241041
-0.005616849
0.003665038
0.041331809
-0.004694010
0.000000000
0.003991554
-0.005403467
0.002589065
0.000000000
0.030600405
0.006813573
0.020612042
0.002876189
-0.003321813
-0.010926617
-0.003369844
0.020711228
-0.000883393
0.006159368
0.009166197
0.016373871
-0.002352426
0.008106403
0.024558071
-0.003739291
0.047154697
0.000000000
0.049008469
-0.023140236
-0.003875599
0.014843174
0.005203465
-0.012648689
-0.035734004
0.035346210
-0.024017288
-0.004950944
0.002576521
0.042280897
0.000187801
-0.031836638
-0.007901464
0.024292071
0.013073513
0.005523610
0.006815629
-0.001132844
-0.015033270
-0.034529953
0.014831013
0.005268631
0.014108610
-0.003653332
-0.001347431
-0.006967289
0.013693725
0.011238360
-0.008176835
-0.022598207
0.004677396
-0.004091773
-0.021711755
0.003187916
-0.003984597
-0.003201254
0.004796455
0.012283701
-0.012083468
0.009125035
0.013343355
-0.004643540
-0.009446989
0.006504605
0.001963594
0.004890958
-0.022495032
0.004974806
0.016349141
0.008751974
-0.023511967
-0.014781917
0.016365876
0.018823711
-0.009367550
-0.002158099
0.001767050
-0.004917168
-0.005931222
0.022935672
-0.001940859
-0.009558403
-0.045901425
-0.019909267
-0.011801827
0.001483798
0.003169587
0.003159475
0.026973688
-0.016096027
-0.015091426
-0.003808779
0.017232571
-0.053719211
-0.007059698
-0.013826281
0.023958652
-0.019030509
0.013094454
-0.008857300
-0.043189780
-0.003490094
0.001861706
0.019879118
0.021450165
-0.031540833
-0.025683186
-0.029523382
0.002430823
-0.029344014
-0.002002504
-0.009827663
-0.036098077
0.009668208
-0.020489271
0.044127481
0.018368694
-0.027037573
0.007655092
0.002030042
-0.003304454
-0.018234770
0.027355811
0.017252434
0.000807246
0.023269760
0.016093717
-0.006453823
0.009070353
0.002612892
0.004020081
0.018708567
0.025169378
-0.003622696
0.018644844
-0.012767599
0.014325406
0.028046438
-0.019417021
-0.000661277
0.031037835
-0.015940739
0.005415510
0.014364731
-0.042845478
0.012649426
0.003504401
0.023567192
-0.007292601
-0.006042828
-0.023664535
-0.005335797
-0.037012886
0.007835342
0.020446019
-0.006768974
-0.001359261
-0.025954064
-0.006146180
-0.013013780
0.023539145
-0.039629208
0.007477479
0.032619285
-0.007001385
0.016489900
-0.040188772
0.013576571
-0.013763815
-0.008676778
0.005792925
0.024956746
0.009113116
-0.035034406
0.002886780
-0.005539075
0.017480314
0.023456643
-0.000925624
0.006938065
-0.006475200
0.016792833
-0.025178599
0.002337667
0.010907423
0.027098418
-0.008572795
-0.011114206
0.037791310
0.044260981
0.001054268
-0.003382422
0.057783624
-0.005210444
-0.035153654
-0.011928627
0.011510351
0.039180720
-0.010458454
-0.030178076
-0.001044789
0.014500014
0.003488749
-0.026367126
0.011503192
0.018545801
-0.018545801
0.028904341
-0.004861284
0.014369839
0.010755045
0.006320977
0.000983012
-0.013862774
0.012483939
0.002755411
-0.003739295
0.008635198
0.030411875
-0.000568806
-0.013079237
-0.002308703
-0.001156368
-0.016625909
0.033264176
0.024726988
0.008842493
-0.009119927
-0.012717461
-0.001125940
0.000563071
0.008966168
-0.008122199
-0.027078681
0.008917124
0.006849262
0.017479962
-0.007293090
-0.027109590
0.016091155
-0.013473255
-0.000288631
-0.004629617
-0.021991532
0.016757602
0.034696463
