0.004728247
-0.023867609
0.027633955
0.008423142
-0.023575005
-0.006701681
-0.021360038
-0.005905472
0.050058404
0.048566747
-0.031806440
-0.009276514
0.011121516
0.023680491
-0.020919405
0.014598758
0.044294365
-0.024562684
0.036621376
-0.029541580
0.000881484
0.007898119
-0.020309695
-0.002679791
0.010676345
0.006175381
-0.017746620
0.009799681
0.011458855
0.021674040
0.017850082
0.020017245
-0.015813967
0.027308412
-0.011494444
0.003297581
0.003286830
0.017080668
0.022329346
-0.018305277
0.005606731
0.021336172
0.021655871
0.006862455
0.031416293
-0.035986027
-0.020826059
-0.002340860
-0.001563790
0.021672632
0.018961529
0.044811024
0.012138745
0.007776526
-0.017762400
0.012820717
-0.014973588
0.004301041
0.012086886
0.002822915
0.047480560
0.027834744
0.009756186
0.033728987
0.018599440
-0.006779654
0.016559720
-0.031513325
-0.053509382
0.013158029
0.018135177
-0.002570602
0.007053470
-0.018704183
0.019343053
-0.015444381
-0.034304108
0.010016789
0.000000000
0.029461995
0.018569590
0.012090441
-0.012090441
0.000640011
0.053562033
-0.002428700
0.004246362
0.004830817
0.003007445
-0.013910027
-0.012871921
0.039315769
-0.008936634
-0.000598633
-0.015083177
0.018669613
-0.034601396
0.021992317
0.003618819
-0.059534028
0.044979571
-0.012911295
-0.030791048
0.015199707
-0.003778273
0.004406621
0.016817607
-0.015562093
-0.002512540
-0.003149595
0.046233190
-0.006042224
0.016827284
-0.020470336
0.009685276
-0.037439215
0.002498614
-0.043998301
0.045245073
-0.005623352
0.024753893
-0.022875927
0.016129456
-0.015504185
0.003120114
0.000000000
-0.012539361
0.003149595
0.000000000
-0.008843973
-0.015990173
0.021684551
-0.002526892
-0.046610272
-0.012000275
0.009345949
0.013201524
-0.030628248
-0.029504774
0.013144505
-0.013841064
0.046298248
0.024968448
-0.033655444
0.006022130
0.021122972
-0.006553213
-0.030032227
0.003381794
0.022037636
0.003955037
0.034274254
-0.045521388
-0.053993339
0.042618196
-0.024524442
0.016416225
-0.045099438
0.004249220
-0.039644734
0.035395514
0.021762727
-0.011875699
-0.005637808
0.008444875
0.074258018
0.003247797
0.018632126
0.018291311
0.004365465
0.032448478
0.035506722
-0.011695988
-0.029852958
-0.005469567
0.007890853
-0.016458851
0.013431312
-0.005472829
0.036520051
-0.013613683
0.002975294
-0.005361970
-0.009000985
0.012578804
-0.018624681
0.019814406
-0.001189725
-0.036367679
-0.028170888
-0.009569342
-0.039220748
0.000000000
-0.017485395
0.005412753
0.020040735
-0.024775281
0.006756825
0.007380090
0.028987468
-0.016366907
0.001319353
0.027309798
-0.011613024
-0.053995039
-0.024264736
-0.029193844
0.037579705
-0.010493304
-0.015592132
-0.003577806
-0.005751295
0.020692826
0.007037371
-0.011283584
-0.001419470
-0.012866500
0.007168459
0.006408104
0.010589459
-0.013432437
-0.022311180
-0.019104193
-0.001484728
-0.080414123
-0.061430160
0.043557822
0.038590053
-0.034499913
0.008939408
-0.029558779
0.020619372
0.008939408
0.027923681
0.002357604
-0.038404686
-0.015618983
0.038997600
0.007936516
-0.019960572
0.002416473
0.008012659
-0.012851630
0.002422497
-0.004040477
-0.024591382
-0.051074977
-0.096183994
0.056089618
0.018018332
0.019452474
-0.028421105
-0.021858777
-0.019526556
-0.027607518
0.034158991
-0.022642558
0.004759627
0.043667091
-0.033274957
-0.076134258
-0.159064706
0.105954980
0.144169786
-0.002781591
-0.068197348
0.028419211
0.049939668
-0.027960695
-0.020048438
-0.030349746
-0.000994547
0.002980468
0.060624727
0.058039874
-0.035878321
0.015405709
0.063582729
-0.060888474
0.071799117
-0.033095955
-0.036016147
0.019486842
0.021692824
0.021232219
0.054774681
-0.144386868
0.009149252
0.018051049
0.059887829
0.031511730
-0.038274248
-0.002547815
-0.082383861
0.045134009
0.057452543
-0.004175353
-0.030588687
-0.038703162
0.000896474
-0.022656156
-0.011987144
-0.015895682
0.000942178
0.025105850
-0.011080339
-0.077184080
-0.015159396
0.010131755
0.030771755
-0.061480498
-0.050090330
0.001092433
-0.008772017
0.071193160
-0.010309433
-0.020943305
0.024047343
-0.029352372
-0.051293235
0.035207053
0.016086183
-0.021506112
-0.003266253
-0.014278120
0.020117015
-0.029956107
0.056833372
-0.022347350
0.000000000
-0.043887055
0.052886125
-0.024944660
0.190705714
-0.003802295
0.151698608
-0.047767761
0.000000000
-0.036717500
-0.020693410
-0.041769371
-0.012398708
0.020893304
-0.037342721
-0.004889947
-0.019802673
0.031498641
-0.008759250
0.053295325
-0.035852980
-0.000961030
0.028437906
-0.033257253
-0.012639719
0.018420095
-0.032213548
-0.032260938
-0.027000455
0.012552284
-0.024198869
0.010593237
-0.046369439
0.059975071
-0.035982589
0.005373426
-0.014031509
0.078368987
0.005012604
-0.051293204
0.042252388
-0.039099620
0.016649748
-0.013506783
0.032924965
-0.023554702
-0.009370263
0.044997473
-0.018164013
0.029103929
-0.005952312
0.065470783
-0.030276651
0.013359009
-0.011439521
0.007640837
-0.015340702
0.004819346
0.005752569
0.041204335
0.010949041
-0.013705089
0.020938502
0.017857568
-0.023277740
0.024162351
-0.016942086
0.002694261
0.002686931
-0.013507621
0.011717106
-0.029093030
0.014652312
0.005439736
0.055398778
-0.002569557
0.024567028
0.004175423
0.005816441
0.022122993
0.020850843
0.004750534
-0.012718802
0.000000000
-0.004008071
-0.105806886
-0.017109732
0.070989093
-0.012771639
-0.004293662
0.014523954
-0.001697712
0.016013737
0.003338909
0.000000000
0.011599163
0.004930095
0.000000000
0.002456045
-0.031563987
0.006728299
0.013322459
-0.025975590
0.003389927
0.023412411
0.000825982
0.060090265
-0.025995972
-0.014469659
0.015267467
0.002389453
-0.005584351
0.015085553
0.000787833
-0.008699125
-0.007174261
-0.035834455
-0.006655614
0.004995859
-0.020982732
-0.121607098
-0.043059491
-0.025317816
-0.004110908
0.003084583
-0.030226292
-0.036641898
0.062753156
-0.028229801
-0.033426315
0.014153726
-0.016349010
0.020664022
0.027602560
0.065846668
-0.004914076
-0.030002219
-0.010204194
0.007153803
0.001017866
0.000000000
0.006085327
-0.016310493
0.003078563
-0.073320150
0.061985690
-0.039096299
0.174568836
0.035559207
-0.025653700
-0.012624183
-0.018315574
0.030043341
-0.017187302
-0.003656228
0.022635649
-0.008992978
0.019678678
0.014945412
0.001743684
-0.006993140
0.006993140
-0.014919091
0.014919091
-0.006993140
-0.008810562
0.013186903
0.000000000
-0.002623400
0.006980759
0.008658170
0.038059604
-0.005826207
0.004995859
-0.020982732
-0.028388939
0.023286789
0.012706810
0.010050275
0.006644558
-0.011657112
0.007509482
-0.005000022
-0.002509460
0.000837130
-0.004192846
0.035496877
0.013693400
-0.003205138
-0.034289072
-0.012536632
0.005033410
-0.003352818
0.012515795
0.007434954
-0.011589477
0.015696228
-0.001640611
-0.010730502
-0.010008531
-0.002517884
-0.008438803
0.008438803
-0.016949513
0.005115113
-0.003407080
-0.011154282
-0.041397334
-0.000899642
0.012522464
0.000000000
0.010610204
0.021749451
0.002578391
0.021232228
0.007534629
-0.111961758
0.007434902
-0.003710494
0.017503802
-0.011019328
0.011019328
-0.017503802
-0.019709787
-0.006657245
-0.017324728
-0.008776234
-0.003925431
-0.013861641
-0.027288215
-0.027000455
0.041242845
0.017025939
0.037041261
-0.029128243
0.004914076
0.013632082
-0.013632082
-0.004914076
-0.010896567
0.020700589
0.021236272
-0.002869401
0.002869401
-0.019286850
0.076419465
-0.004535058
-0.033274802
0.005623213
-0.000935072
0.033121720
0.035559349
-0.013186899
-0.029638485
-0.016544548
-0.090133676
-0.037194283
-0.101857890
0.015037951
-0.376051251
0.091044552
0.022642296
0.203245495
-0.062834782
0.000000000
-0.041038216
0.086673530
-0.028914585
-0.031090730
-0.041644595
0.080359190
-0.025642528
-0.028987529
-0.027101759
-0.040650451
-0.027557969
-0.005899626
0.000000000
-0.020927554
-0.041640536
-0.055030060
0.051875455
0.001578467
-0.012698536
-0.012861865
-0.003241522
-0.001624792
0.024097684
0.035857234
0.030168314
-0.017991648
-0.022954309
-0.025079591
0.006329032
0.018750559
0.016884587
0.004555780
0.089785366
-0.009742612
0.008356528
-0.015374092
0.000000000
-0.005649782
-0.015703315
-0.002881872
0.010050352
0.064984796
0.055967795
-0.029546211
0.003903683
0.000000000
0.001297935
0.007752045
0.007692284
0.015209425
0.072759266
-0.036930846
-0.035828420
0.055059709
0.023530703
0.010410536
0.001150154
-0.042259827
-0.020594429
-0.021027243
0.003742957
0.019729297
0.028883128
0.052004600
0.024472849
-0.019978420
-0.003368870
-0.025058365
-0.003466181
-0.006968614
-0.086375941
0.012626416
0.000000000
0.027229398
-0.007352916
-0.006169044
0.023242779
0.037964200
0.029818638
-0.040351362
-0.009456181
-0.010746406
-0.010863147
0.009661875
-0.010876276
0.018061998
0.008318421
-0.023953090
0.029852805
0.019802627
0.014883119
-0.002275448
-0.001139554
-0.023069161
-0.017657764
0.008279066
0.012873374
0.000000000
0.005796877
-0.011628024
-0.033296588
-0.014616710
-0.012345696
-0.012500272
-0.024189615
-0.001289437
0.031748658
-0.042124977
0.002604191
-0.021025662
0.001327085
-0.013351316
0.000000000
-0.021739903
0.029772145
-0.049190402
0.057158508
0.056570332
-0.025317776
0.025317776
-0.026600725
0.000000000
0.007672739
-0.015404675
0.000000000
0.015404675
0.008877688
-0.001263499
-0.002531669
0.003795168
-0.006333263
-0.008934215
0.014003979
0.027433133
0.076915509
-0.001139554
0.002277925
-0.021852409
0.020714038
-0.020714038
0.029784361
-0.022832130
0.010339127
0.007967954
0.020202887
0.005540174
-0.007764776
0.022027294
0.000000000
0.000000000
0.033211323
0.027028599
0.006135146
0.000000000
0.029133153
-0.022022904
0.002022263
0.008048202
0.002002121
-0.034591544
0.002068375
0.010277466
0.004081674
-0.003059641
-0.009235601
0.006166466
-0.012371193
0.006204727
0.005141290
-0.020726001
0.034983090
0.000000000
0.015052848
0.013847919
-0.001966586
-0.010885754
0.013834136
-0.019822230
-0.011072026
0.006054359
-0.009095392
-0.025708427
0.005194706
0.020513721
-0.019477927
-0.006230500
0.004158047
0.015440328
0.020223111
0.024716996
0.005842229
-0.036583394
-0.005047858
0.003031711
0.004028239
0.005012636
-0.051293331
-0.004219453
-0.005299423
-0.006396452
0.043939980
0.041108554
0.021380691
-0.026304477
-0.033118873
-0.018538077
0.015472182
-0.006160135
-0.008273025
-0.002079126
-0.018908082
-0.002123162
-0.028019105
-0.027702569
0.049325222
0.005333125
-0.032435237
0.000000000
-0.018858018
0.018858018
-0.012161505
-0.003342595
0.024256968
0.016207789
-0.022765248
-0.016583995
0.005558539
0.019758994
-0.010928948
0.007662995
0.003265953
-0.008733538
-0.016583995
0.027489215
-0.029721491
-0.022599804
-0.004978798
-0.029293293
-0.019208294
-0.004860343
-0.008562615
0.038559032
0.052946683
-0.004494338
0.016750813
0.018651149
0.023631495
-0.013896511
0.017076207
0.012618425
-0.004188545
-0.003152857
-0.001053200
0.012565676
-0.015731843
-0.034411924
-0.023243971
0.011135900
-0.006666670
-0.040961457
0.008097320
-0.026855218
0.040585367
-0.006841625
-0.002290868
0.009132493
-0.001137139
-0.007995354
0.023797251
0.021053251
-0.001097108
0.022789902
0.001072401
0.014893988
-0.014893988
-0.021669290
-0.023269731
0.041718470
-0.001075862
0.001075862
0.035906771
-0.009379977
-0.022234885
0.052149331
-0.036217074
0.003156384
-0.012685331
0.026248268
0.032622703
-0.015159465
0.001017826
-0.021594653
-0.017829555
0.009478767
0.030962130
-0.023651398
0.002078927
-0.056608616
-0.008830198
0.006629838
0.014215632
0.014016484
-0.032647083
-0.010005778
-0.002236944
-0.039982680
-0.033178256
0.045917340
0.026123021
0.027641382
-0.032135720
0.001125508
-0.013590200
0.020316550
0.053302520
-0.023580941
0.028863539
0.011524537
-0.010471337
0.000000000
-0.025587778
0.015005631
0.009528947
-0.020224168
0.005362016
-0.009672426
0.017131059
0.001061022
-0.019272485
-0.016349031
0.003291106
0.019523552
0.048227290
-0.020683334
-0.032929180
0.004310410
-0.016260524
0.018408675
0.020181415
0.005243816
-0.019008010
-0.009641234
0.002150675
-0.003227696
-0.048574667
-0.021727623
0.026242364
0.002249638
0.002244700
0.024364547
0.008714552
0.015070242
0.004264350
0.016878161
0.010405854
0.021506190
0.031907028
-0.028872184
0.011049886
0.001996036
-0.026264087
0.052827445
-0.004866158
-0.006852787
0.025219526
-0.015444340
0.025925664
-0.024953264
-0.032595524
0.000000000
-0.011105565
0.146141806
-0.015915406
-0.033532821
0.042405937
-0.015131603
-0.026353087
0.023658931
0.029244483
0.005226563
0.020636952
0.001700704
0.016013791
-0.040961401
0.053425130
0.007404413
-0.012371212
-0.025211424
-0.034635445
0.013998492
0.041690310
0.006644633
-0.015012912
0.001679368
-0.032398412
-0.012205984
0.031090663
-0.022356952
-0.017544284
0.025339925
