-0.075772629
-0.069409175
-0.014955210
0.075579447
-0.023810584
-0.091402028
0.065466035
0.004626255
-0.031252522
0.064538460
-0.021813588
-0.008400171
0.044251685
-0.074616209
-0.010329585
0.040694109
0.008400171
-0.045904594
0.030578720
-0.053938726
-0.006541183
-0.038466464
-0.018933275
-0.005226509
-0.117564739
0.047948003
-0.042071376
-0.046984997
0.116758649
-0.022100316
0.015705000
0.093558620
-0.026217197
0.062286821
0.017558246
-0.001583477
-0.092935983
-0.110202964
-0.009756277
-0.014815243
-0.017060216
-0.013244889
0.023315687
-0.027426894
-0.052866281
0.039387703
0.051867287
0.021569601
-0.026537484
0.045750142
0.056418141
-0.073693097
0.012506393
0.031987631
0.011049664
-0.012903273
-0.073109329
-0.006006042
0.023810498
0.000979878
0.037486272
0.026072391
0.048440009
0.007849945
0.025730391
0.007591887
0.004192922
-0.042741709
-0.052903412
-0.013908369
-0.015052035
-0.025925462
0.028765143
-0.011407001
0.061186704
0.054256434
-0.052459550
0.047335697
-0.037509639
-0.020656320
0.009033378
-0.046006243
0.002820780
0.004683899
0.031281361
-0.034088941
0.087870015
-0.016134915
0.036148639
0.039773239
-0.035555723
-0.011002855
0.021053372
0.050376131
-0.015170234
0.023848544
-0.040069131
-0.027353695
-0.023810540
-0.023510115
0.009645181
0.033465062
-0.037837874
0.010462262
0.006052688
0.021322924
0.016736505
0.034261222
-0.005629217
0.023117599
0.000787865
-0.001576088
-0.019913191
-0.026907422
0.025297340
-0.007278705
0.042119726
0.006979454
-0.066291642
-0.042164793
0.024671759
-0.005054815
-0.002536927
-0.001694962
-0.007662845
-0.039220667
0.004434471
0.035640508
0.011040423
0.008410428
0.005845734
-0.026150897
-0.036557527
-0.022412677
-0.035998154
-0.013245167
-0.064919790
0.026079980
-0.011952438
-0.023315822
-0.007205409
-0.033616595
0.020095884
-0.039513778
-0.014262530
0.013172521
-0.024283802
-0.020316525
0.005685028
0.015748160
0.025345485
0.081085394
-0.018349139
0.020367451
0.006029947
-0.009058834
-0.032890862
-0.028619040
-0.026145039
-0.042847629
-0.018605273
0.076787063
-0.039916611
-0.018265180
-0.011587700
0.005810634
-0.012828207
-0.020154846
0.011904990
0.018757833
-0.006992906
0.006992906
0.017271587
-0.020761991
0.013889239
0.053704172
-0.064103007
-0.036668759
-0.082858053
0.018158784
-0.015544211
-0.007863881
-0.025317909
0.031875213
0.007812684
0.002590723
0.098480538
0.032298159
0.016882784
0.051125783
0.010548465
0.034041454
-0.085721418
-0.016713607
0.109509408
0.007024578
0.036331895
0.006727737
-0.005763811
-0.016513173
-0.002942729
-0.014844299
0.031405737
0.000965682
-0.067890155
0.018424154
0.086419626
-0.050559316
0.037450583
-0.039409376
-0.006886148
-0.011916944
0.057269342
-0.002834202
-0.027354840
0.000000000
0.031718304
0.002833929
0.008454946
-0.001872789
-0.007525804
-0.019066199
-0.089552138
-0.021277461
-0.005390805
0.051617588
0.004098423
0.080514238
-0.024833955
0.011538644
0.005719828
0.020696652
-0.026416480
-0.006714535
-0.013566180
0.000000000
0.004866150
0.027766229
-0.085724542
0.028399314
-0.009040428
-0.009123352
0.005078913
0.005052915
-0.040108309
-0.011609675
-0.023631581
0.018309631
-0.010729392
-0.057729988
-0.005730502
-0.032713395
-0.030140808
0.050129865
-0.008182509
-0.027366228
0.006013066
-0.016928898
-0.018462047
-0.039270388
0.033039752
-0.018928135
-0.002550917
0.082103455
0.047108357
-0.031929930
0.005777231
0.068992728
0.013881772
-0.012806948
-0.025015007
0.047320838
0.012526317
-0.009379968
0.035993420
-0.008113636
-0.029976481
0.001048667
-0.011597203
-0.024692721
-0.009830549
0.037699716
0.052508130
0.017893041
-0.020906867
0.076476546
0.028481679
0.030332512
-0.014159823
0.006219760
0.022767892
0.007762018
-0.043007963
-0.032819673
-0.022259328
0.033679638
0.001838119
-0.006448761
0.052217231
0.000000000
0.027683289
-0.046276108
0.014197197
0.020924926
-0.009536328
0.029186562
-0.025708232
0.006057998
0.008590951
-0.009454176
0.028098997
-0.039388786
0.036024456
0.018364484
-0.017522155
0.022472798
0.007379910
0.016207851
0.004011071
-0.048389559
0.000839930
0.033845511
0.022472753
0.008692241
0.007056412
0.015504136
-0.035228686
-0.013638412
-0.051378427
0.002547890
0.013479447
0.042594475
-0.038419003
0.023065164
-0.043440135
-0.006031715
-0.041470531
0.024033297
0.024327686
-0.024327686
-0.036726125
0.032318698
-0.038725944
0.006407246
-0.002741079
0.013630480
0.011664363
0.127155125
0.019448556
-0.021807805
0.011742073
0.038172408
0.011173302
-0.030077458
0.000000000
-0.001527884
-0.021639177
0.008556951
-0.013255301
0.030153036
0.049043763
-0.032427231
0.038932652
0.002877700
-0.013015368
-0.018362536
0.013986161
-0.005865279
0.050189828
-0.015504265
-0.016470121
-0.020423762
-0.000737111
0.040467953
0.000000000
0.035481911
0.026973993
0.027560804
0.012222733
0.010178206
-0.003804698
-0.051493950
-0.004693125
0.013351117
-0.018066518
-0.017711635
-0.019431638
0.027645089
-0.015802386
0.022595965
-0.013633626
-0.008269982
-0.009735821
0.007657538
0.023304687
0.008097210
0.017982431
0.008544252
-0.028544921
-0.004725024
-0.022580354
0.004832595
-0.006497253
-0.004198750
-0.009158060
-0.006389917
-0.002852789
-0.007168673
0.009308970
0.024640487
-0.037553080
-0.003616656
0.016529248
-0.010028563
0.005742917
0.039991211
0.053560477
-0.022413775
0.013245213
-0.023295519
-0.014242256
0.025625129
0.011912647
-0.006600499
0.000000000
0.009884729
0.023972644
-0.049879231
0.011375256
0.016496508
0.011711198
-0.026213578
-0.018091064
0.026685938
0.005907507
0.023926276
0.013959512
-0.010769909
0.018928226
-0.003129973
-0.025398160
0.014682628
0.007575731
0.041878112
0.019116462
-0.023953212
0.003025668
-0.023847098
-0.020632228
-0.006337047
-0.001909109
-0.007672539
0.020330990
-0.024834045
-0.030771761
-0.015410568
0.045537525
0.021066553
-0.046549990
-0.090688179
0.005059555
0.044420483
0.017772230
-0.031445812
-0.027067177
0.038942980
0.054067127
-0.032088230
-0.017820954
-0.027341359
0.050582414
-0.059147793
0.035214848
-0.031636726
0.000000000
-0.013664475
0.029959344
-0.012730039
-0.028150633
-0.046450169
-0.050325233
0.054915834
-0.071176240
0.000000000
-0.006578836
0.008216870
0.004897890
0.005684339
0.043571084
0.010027194
0.015232478
-0.006065176
0.009084187
0.004511293
-0.002253143
0.048432067
-0.005747255
-0.013052990
-0.007326026
-0.006639692
-0.008922088
-0.015807538
0.040882617
0.021614713
0.004976849
0.039629829
-0.026244598
-0.016937627
0.009210306
-0.045446090
0.027658237
0.005012717
0.020502457
-0.027671009
-0.028458775
-0.010416806
0.028025352
-0.028025352
-0.021164822
-0.015396818
-0.026731173
0.027506683
0.013857060
0.001527832
0.019653001
0.017804735
-0.003683318
0.035523772
0.000000000
0.011331561
-0.030023755
0.001450433
-0.009464971
-0.001464158
0.001464158
-0.005133723
-0.014815298
0.005952516
-0.017209570
-0.022901640
0.034158695
-0.003738155
-0.012057493
0.048826274
0.004322704
-0.037353330
0.018484862
-0.034280511
-0.018363046
-0.010089368
0.008543659
-0.002322927
0.022989641
0.007388045
-0.001513962
0.006042144
-0.000753154
-0.005288990
0.007547234
0.031819114
-0.008778389
0.012413294
-0.008746399
0.006566980
-0.016129319
0.038424482
0.006380671
-0.008516641
0.015558951
0.004900229
0.026190475
0.008130041
-0.003379536
0.012113149
0.023795014
0.011688461
-0.012341928
0.011696126
-0.014969394
0.015615196
0.028636924
-0.015170938
0.005082595
-0.003809557
0.012642375
-0.001256969
-0.085982733
0.025608298
-0.008792768
0.006095559
0.006729431
-0.002686412
0.008704387
0.000000000
-0.014775205
-0.019126213
-0.010398857
-0.017575076
-0.032435208
0.023888160
0.035830986
-0.012499960
0.006963670
-0.001388875
-0.011884085
0.007705775
0.000000000
-0.005598352
0.011165536
-0.039637219
-0.036020044
0.022938365
0.025994359
-0.014357676
-0.031585540
0.055166353
0.023727686
0.025197031
0.004696406
0.004007980
0.000000000
-0.016806981
0.000000000
0.012129404
-0.003354441
0.009364591
0.015196805
0.016260594
-0.009724690
0.002602585
0.000649521
0.003888494
-0.001942323
-0.004546995
-0.003913859
-0.006557472
-0.003294897
-0.011284544
0.006653527
0.003310096
-0.001984728
-0.023451666
-0.000678368
0.015483544
0.000000000
0.000000000
0.015247037
0.051918209
0.037994762
0.032537631
0.030947952
0.011781252
-0.017123270
0.004561208
0.016920761
0.001117947
0.018267914
-0.018267914
-0.022599916
-0.005155996
0.019340773
0.012318113
0.000000000
-0.005020920
-0.004484270
0.020022931
0.000000000
0.001100546
-0.002753930
0.015326083
0.031544846
0.023408150
0.012263814
-0.009696490
-0.013422961
0.022103401
-0.009193312
-0.010833237
-0.014629364
-0.005276854
-0.013315907
0.023842082
0.048540865
-0.011537747
0.062107621
0.006616206
-0.041351894
-0.001965713
-0.003942641
0.035414606
-0.058898236
0.000000000
-0.017338645
0.007176080
-0.022206028
0.020672538
-0.032227331
0.000000000
-0.042077447
0.018018487
-0.002166742
-0.008714627
-0.001094695
-0.013230671
-0.001666356
-0.007812334
0.000000000
-0.007309619
-0.017649166
0.020466962
0.056345061
-0.041819730
-0.029836297
0.014184777
-0.011331667
0.000000000
0.050010375
0.035581405
0.000000000
-0.002633736
-0.003169501
-0.001058737
-0.005843313
0.002660194
-0.012296186
-0.021202310
-0.004405191
-0.016134045
-0.003370653
-0.005643578
0.042654072
-0.041522641
-0.040374596
-0.028053106
0.042080200
0.015548681
-0.011494113
-0.002894502
0.014388615
-0.002288218
-0.003442324
0.015397932
0.007892040
0.000000000
-0.000561774
0.022772517
0.010379729
0.000000000
-0.003266179
0.008686234
0.013423017
-0.002135507
-0.045375369
0.012229116
0.019152642
-0.036990167
-0.044273021
-0.004123652
-0.010682593
0.028237006
-0.003486329
-0.010532450
-0.005308335
-0.028796000
0.008484765
0.000000000
-0.010922375
-0.020962570
0.003110447
0.009273583
0.013447515
-0.010988994
-0.032441984
-0.005723486
-0.010900817
-0.033434851
0.003991998
0.042255163
0.018916096
-0.017008316
0.003171677
0.033627011
0.014589903
-0.015815493
-0.017940284
-0.013828073
-0.012738995
-0.006430942
0.000645107
-0.012325966
0.024501518
-0.021243166
-0.016399252
-0.033627839
-0.004799457
0.008895073
0.015546132
0.011337144
-0.011337144
-0.025816689
-0.002066744
0.005501878
-0.006882252
-0.009018344
-0.040024116
-0.017673495
-0.027110192
0.006846663
0.030610869
-0.008121121
-0.020217774
-0.031504679
0.026955715
0.013585203
-0.007524530
-0.004541999
0.038695340
0.028778894
0.009880059
-0.018427151
0.003570177
-0.005718432
-0.022472781
-0.010316992
0.051256336
0.020202642
-0.034377299
-0.022375452
0.035846026
-0.013470574
-0.029701608
-0.026072227
0.002261541
-0.003016500
0.008273754
-0.038172462
0.023077832
-0.164982214
-0.004494320
0.011643556
0.030690778
-0.056853666
-0.018566917
0.015865956
0.054944100
0.003499416
0.030957074
-0.031830803
-0.062209991
-0.033100153
0.038665934
0.046099388
-0.014235053
-0.009905636
-0.051055053
-0.036861654
0.065032430
-0.047402201
0.006773011
-0.020458529
0.000000000
0.015625251
-0.021548167
-0.005958309
-0.027260591
-0.013395337
0.001036789
-0.017773721
-0.004228372
-0.030109837
0.025863619
-0.008547133
0.043051176
0.091284669
-0.021812163
0.006689069
0.065430891
-0.001785684
-0.007174979
0.001798623
0.008053779
0.007104794
0.023612768
-0.023612768
0.060103944
-0.002503087
-0.031398488
0.003442285
0.019566779
-0.029061901
0.012925686
-0.025142122
-0.007933096
-0.018758968
0.029322355
0.016500576
0.006011255
-0.052736382
-0.057583090
-0.019305682
-0.029675765
0.067921372
0.019508233
-0.073471187
0.004938196
0.005894027
-0.016790532
-0.019404575
0.063639655
-0.020438641
0.023324684
0.039553126
-0.001848297
-0.021506330
-0.039523183
0.004904472
0.007797248
-0.040619713
-0.009141777
-0.010256496
0.006166492
-0.027000677
0.014629326
0.008264549
0.012270150
0.004056614
0.047439851
0.041593995
0.001850007
0.004610520
-0.041320433
0.039478851
0.036202942
0.040075017
-0.026829795
-0.008810627
0.033075275
0.018660382
0.028987527
-0.032354464
0.028264563
-0.028264563
-0.044835130
-0.016896812
-0.041195741
-0.013170381
0.022472864
-0.012110196
0.014883972
0.046897811
0.018333094
-0.040605719
0.031044519
0.016457724
-0.074901204
0.027398961
0.028420959
0.008718625
0.063887138
-0.056966751
-0.010398667
-0.056441321
-0.047178636
0.024810404
-0.031596622
0.063139133
0.018996476
-0.022711080
-0.005555448
0.008321687
0.008253192
-0.031542497
0.029714414
0.002740873
-0.005489464
-0.037387496
0.008534858
-0.037522440
0.003913846
-0.004894780
-0.004918658
-0.039220813
0.000000000
0.005115109
-0.026888900
-0.019048203
-0.025975461
-0.002195416
-0.038078385
-0.005724354
0.040500606
-0.053210051
0.019574656
0.011337893
