-0.027660253
0.024687763
0.011244300
-0.011837023
-0.018659501
-0.034595203
0.027282455
0.019385286
-0.002407251
0.009579960
-0.041963964
-0.017549420
0.014436388
0.009916961
0.008602040
-0.007980337
-0.055786328
0.021927374
0.028294773
-0.027025166
-0.006387216
-0.022694114
-0.004598086
0.020863846
-0.025483090
0.037029054
-0.019973540
-0.017722903
0.023561285
0.015404765
0.040569685
0.024168043
-0.027233258
0.013411581
0.016211630
-0.008973954
0.020224287
-0.028072297
0.032774964
-0.012385773
-0.022207916
-0.004861457
-0.007343908
-0.017353540
-0.009419182
0.028613761
-0.006769650
-0.039665147
-0.013541193
0.040976536
0.025398725
-0.022264445
0.031396816
0.003028207
-0.013997163
-0.003070957
-0.031208535
0.003797541
0.037807916
0.000605586
0.015684404
0.017208421
-0.012429806
-0.002390120
0.013053557
0.001173155
0.023847761
0.000000000
-0.004028869
0.021123162
-0.015371745
-0.027337509
-0.017242147
0.006572193
0.035712263
0.000000000
-0.013316600
-0.009365293
-0.014819926
0.003575698
0.038511266
0.002860316
0.001710759
-0.001710759
-0.006872808
-0.012142492
0.016154984
0.022078604
-0.011827783
0.024625672
-0.020663239
-0.001694190
0.004507492
0.004494078
-0.034768857
0.014394708
-0.034907557
-0.008325892
-0.016855294
-0.011600731
0.006121153
0.020542327
0.007151272
-0.036279612
0.024336955
-0.010876287
0.015071722
0.009527224
-0.007138728
0.014819926
-0.002360415
-0.007100783
0.024634878
-0.012825886
0.001175324
0.008168109
-0.019372424
-0.008931273
0.023646408
-0.014117775
0.024576881
0.027927761
0.006166372
-0.007854171
0.002247373
0.002807294
-0.012971223
0.029638276
-0.026802206
0.024041378
0.004960167
-0.007721901
-0.021279643
0.037214003
-0.004919431
-0.023282700
-0.037131917
0.006960569
-0.008708343
0.014469846
-0.026202477
0.016966746
-0.005821925
-0.024809361
-0.024822391
0.034940828
-0.051012879
-0.029076565
0.025953943
0.014275154
-0.058357978
-0.023120760
0.036744221
0.011531306
-0.002548440
-0.007051619
0.022261036
-0.038466438
-0.019138680
0.000671195
0.089726173
0.023459628
-0.027118234
-0.004290133
-0.036763414
-0.006200585
0.021681930
-0.028802030
-0.025650899
0.012584151
0.019544519
-0.000650539
0.050970442
0.018844737
0.022615287
0.001764261
-0.008254896
-0.030070855
-0.017865546
-0.032849559
0.012126503
0.011988937
-0.009448930
0.003154417
0.021844281
0.025595664
0.052167543
0.015302099
0.003926986
0.008921382
0.022512235
-0.028634008
-0.006726595
-0.001127778
-0.009620410
-0.009135375
0.001148978
0.002856574
-0.017870716
0.020726175
0.019749147
0.005568698
-0.002783973
-0.001672573
-0.060971245
-0.008936671
0.070470197
-0.011219422
0.021758221
-0.044575003
-0.001157009
-0.007536005
0.049399728
-0.002223169
0.018157526
-0.001086935
0.000000000
0.004353003
0.011348482
0.020739862
-0.012711982
-0.005876507
0.006944138
-0.031368673
-0.054189137
0.012107270
0.019854238
0.047186162
-0.008609385
0.005388644
-0.016804874
0.034917340
0.003162765
-0.007926073
-0.013349159
0.001611536
-0.004305517
-0.004863565
-0.037527529
0.003368954
-0.007318311
0.014022155
0.056287509
0.044270890
-0.023432591
-0.033013105
0.007571799
-0.009052038
-0.024904457
0.006557487
0.005429673
-0.019694395
0.000000000
0.016986483
-0.019196616
0.029462024
-0.011354561
-0.038242296
-0.003395703
0.004527221
-0.023987357
0.029053496
0.016704020
0.028841347
-0.013500728
-0.061098134
0.005761248
0.013698887
-0.029919238
0.027651342
-0.023573399
0.011569902
0.015970720
0.019616113
0.021411712
0.015092447
0.011173319
0.038915425
-0.015384809
0.000514468
0.024999043
-0.019331156
0.021342245
0.014476740
0.009369349
0.006359661
0.048095016
0.022522758
-0.003639325
0.009078910
0.027645277
-0.065886219
-0.046094404
-0.030492607
0.041264500
0.060026537
0.000000000
0.004574843
0.000000000
-0.032483511
-0.002834356
0.028902930
-0.007839626
-0.026282073
-0.051819004
0.008974117
-0.041964194
-0.008733767
-0.005025114
-0.025511669
0.036160015
-0.055729958
0.044451693
-0.007590071
0.016373024
0.017951564
-0.062005926
-0.010498804
-0.013949018
-0.026433276
0.025094594
0.034883409
0.039941995
-0.005609340
0.001873363
-0.005630458
0.005006373
-0.052542538
-0.021277439
-0.049596931
-0.046990873
0.028458635
0.030466410
0.028887920
-0.029585997
0.053037620
0.061636885
0.008679558
-0.041593904
0.032291490
-0.011278265
-0.021656930
-0.008406090
-0.017687969
0.014436014
0.001302078
-0.011122212
0.020189591
0.003860926
-0.020766456
-0.001969142
0.017584355
-0.024837966
-0.039141331
-0.011768862
-0.013319450
-0.004952306
0.023827301
0.021918796
0.032002655
0.016271163
-0.016927610
0.032938063
-0.016010452
-0.018241598
0.018241598
0.034890920
0.002490587
0.041418955
0.002383720
0.024111735
0.006327382
-0.016336617
0.028987564
0.016997490
0.009505319
-0.031658933
0.036100827
0.002766351
-0.003320440
-0.003331502
0.006651942
0.001104479
-0.006089368
-0.005567859
-0.010101033
0.036004814
-0.007645894
0.048685567
0.010389704
-0.017727247
0.008381390
0.006758599
0.003104001
-0.028820503
0.004773169
-0.021931635
0.037680283
0.045311838
0.014822280
-0.020813492
-0.019211808
-0.043825541
0.013245320
-0.037537998
0.018944991
0.023842283
-0.015831492
0.011108316
0.032093805
-0.002550358
-0.018037091
0.011375724
0.023374805
0.007007021
-0.001996914
0.011428728
-0.031111290
-0.007161243
-0.020223736
-0.010002793
0.018868580
-0.027370108
0.008501527
-0.005304972
0.032961375
0.008201062
0.000510311
0.002547811
0.005076127
0.031891052
-0.021314295
0.011457143
0.020103719
-0.003891124
0.003891124
0.000546470
0.002909701
-0.006802635
0.001948238
0.003885469
0.000968927
0.007237767
0.034029806
-0.014038701
-0.013282900
0.014695711
0.002350067
-0.017045778
-0.003348453
-0.003359752
-0.012092164
0.007272763
-0.038911566
-0.013144717
-0.002547756
0.030647992
0.007394762
-0.020343188
-0.066311138
-0.088424410
-0.011771809
0.011186481
-0.024297539
-0.016329429
0.007895539
-0.001816470
-0.024541013
0.000000000
-0.009360572
0.020478602
-0.012983248
0.019106865
-0.050072974
-0.005147997
-0.020202737
0.051951425
0.049385242
-0.012571256
-0.017624264
-0.012959086
0.022721115
-0.063931504
0.000000000
0.019866174
-0.010845448
0.011479722
0.028135657
-0.005564221
0.025705220
0.012012201
0.008915367
0.002954312
0.002945372
-0.022005079
0.016105395
-0.001776726
0.002641096
-0.002371052
-0.001187697
0.001187697
-0.024025199
0.070976712
0.000000000
0.010701328
-0.002805195
-0.004504414
-0.003391719
0.017401458
0.016009249
-0.021589569
-0.016930499
-0.006853133
-0.030843241
-0.011292974
0.001194792
-0.015037981
0.029853049
-0.005308192
0.001772510
-0.000590547
0.001770418
0.002355811
0.000000000
-0.011834468
-0.036367613
0.006153747
0.027830037
0.025914288
-0.017595778
0.001182900
0.000000000
-0.031215153
0.015128864
-0.003007554
0.001204144
0.031391334
-0.012320430
-0.050858374
-0.018809347
-0.019169932
0.022960110
-0.016529214
0.019676875
0.010628387
-0.027105288
0.015848238
-0.026770381
0.006439308
0.020331073
0.012500173
-0.002487666
0.023385653
0.000608205
-0.001825356
-0.003660800
-0.006746422
-0.008652756
-0.007476601
-0.005644429
0.015600922
0.000000000
-0.001239209
-0.014361713
-0.016487414
0.025877067
0.009919520
-0.012414757
0.024067772
0.015729218
0.002398302
0.002989451
-0.009598186
0.014956887
0.071049327
-0.002769236
-0.024138138
-0.005698083
-0.008608353
-0.000576472
0.037355782
-0.015113667
-0.033260045
-0.002919624
-0.001170264
-0.004106744
-0.166573334
0.003466316
-0.030923051
0.030230636
0.008276042
-0.005509744
0.030604285
0.000000000
-0.002682740
-0.019668341
-0.018666324
0.010413119
-0.003458982
0.015130893
0.000000000
-0.013745794
-0.003466316
-0.013986184
0.003514910
0.001402583
0.000000000
-0.026270635
-0.001439872
-0.020379121
-0.013323687
-0.012748613
0.018692187
0.029199106
-0.015223207
0.004373218
-0.001455664
0.019474077
-0.008608295
-0.002163702
0.008626861
-0.015873276
0.042711083
0.016586407
0.019681691
0.025872119
-0.004594715
-0.003955143
-0.010624306
-0.002673841
-0.019601869
0.013559610
-0.006079058
0.017461802
0.013227784
-0.002631622
0.020861257
0.003220650
0.007687347
0.014571110
0.015600922
-0.003722117
-0.001243770
-0.007495408
-0.015798099
-0.008957176
-0.020123961
0.036695444
0.034786046
0.006693180
0.001817615
0.017402139
0.007113183
0.006476444
0.005267742
0.004078034
0.024692560
0.009034593
-0.006202501
0.011807845
0.002791102
-0.009521295
0.005051887
0.013900681
0.001103687
0.030955760
0.000000000
0.005333135
0.013735115
-0.008430004
0.009478763
0.022286543
0.020294827
0.011485815
-0.000993483
-0.022619757
-0.015885507
0.008742634
-0.026460652
0.000000000
-0.022329538
0.006964979
0.027384451
-0.006775985
0.026833199
0.028114448
0.007398289
-0.016848858
-0.014598716
0.011094414
-0.004020119
0.000000000
-0.032756315
-0.032789788
-0.033345501
0.021990899
0.000000000
0.010278818
-0.031158672
-0.000555284
0.001665264
-0.020734876
0.006209446
-0.029699512
0.018949747
-0.028853670
0.000000000
-0.074738669
-0.005694491
-0.026359561
0.030791310
-0.024945294
-0.008455257
0.007807384
-0.012390134
0.000000000
0.007191989
0.005198144
0.000000000
0.019256003
-0.010866163
-0.013587985
-0.003262681
0.012987207
0.007071710
-0.013544296
-0.037715205
0.018704514
0.009222774
-0.000656013
0.016271151
-0.015615138
0.006535976
-0.007848367
-0.001971721
-0.011247254
-0.001997984
0.021761491
0.011673242
-0.012978648
0.005211690
0.018030072
0.010790359
0.000000000
0.035961760
0.039993325
-0.002343331
0.000000000
-0.026747503
-0.009077134
-0.014697191
0.007116196
0.017688885
-0.013390459
-0.019802613
-0.018291252
0.000636378
0.001906517
-0.009569400
0.015898522
0.021224337
0.018966556
-0.008520959
-0.032301028
0.040821987
0.000000000
0.035718071
-0.002341964
-0.010014786
0.000591932
0.003543954
-0.021454904
-0.018237551
0.000000000
-0.026104624
-0.013312481
-0.002555830
0.027139515
-0.005619691
0.001876700
-0.005640887
0.014972227
0.039458848
0.009478677
0.001767308
-0.010651003
-0.004770339
0.008925867
0.014118077
0.012768539
0.008613214
-0.036685269
-0.016746805
0.016153469
0.017064240
-0.009967808
0.004703150
0.007013422
0.002326919
0.029203375
0.009547928
-0.003920462
-0.006756678
0.036064833
-0.002182255
0.010863855
-0.008681600
-0.011510145
0.037862911
-0.008528883
-0.001607289
-0.003222295
0.005899748
-0.006976247
-0.033957158
-0.001672822
0.016602507
0.033993014
-0.030158401
-0.005482459
0.015817058
0.015037879
0.002129911
0.012685176
0.033060837
0.000000000
-0.011755751
0.010230196
0.009118616
0.006033259
-0.042494255
-0.032423805
-0.004331379
-0.003805373
0.012987158
0.005362040
0.020641087
0.027894303
-0.030516933
-0.023918205
0.016538070
-0.047124893
-0.001665282
0.006092541
0.037392593
-0.016626883
0.021402648
-0.031185348
-0.055008179
0.005179817
0.019892773
0.021709703
-0.001102004
-0.064906074
-0.061249797
-0.024692581
0.037122859
-0.025650507
-0.021781779
-0.003243558
0.013552984
-0.020726179
-0.020496524
0.057121225
0.014406804
-0.023915541
0.013287084
0.011250071
-0.006234359
-0.037596024
0.032580312
0.046662835
-0.021832310
0.010975735
0.009055311
0.004796199
0.007745040
0.005917224
-0.014859114
0.023669696
0.029388498
-0.005694765
0.039747704
0.000548734
-0.006052259
0.015877678
-0.010374154
0.003287679
0.016816294
-0.036148561
0.001114903
0.004446835
0.006082379
0.001652440
-0.006072361
0.022989604
0.001081631
-0.005963720
-0.018107516
-0.011696000
-0.078643116
0.009049848
0.032499190
-0.021746384
-0.004764776
-0.018680812
0.004854283
-0.054100799
0.016476905
-0.036484031
0.005849878
0.028746827
-0.007585445
0.005694424
-0.027504148
0.011605626
-0.019418111
-0.035931989
0.009440294
0.015318424
0.001980789
-0.028095532
-0.008858582
-0.022146216
0.017343479
0.022442249
0.033722248
-0.007177810
-0.025200327
0.056150484
-0.033573222
-0.003288355
0.005256217
0.041084117
-0.001888577
-0.023590521
0.030497894
0.054199107
0.013541427
-0.002928224
0.053665783
-0.002225806
-0.042680786
-0.004078174
0.004078174
0.034289061
0.007834428
-0.008396366
-0.014152457
0.003414805
-0.008559207
-0.016758538
0.013889072
0.007443483
-0.010321206
0.054400851
0.025863545
-0.021506216
-0.021978918
-0.020202735
-0.002270133
-0.028235775
0.008728609
0.001736674
0.016064489
0.015810608
0.010588058
-0.013955012
0.007280841
0.011650578
-0.003868464
-0.010016792
0.033547304
0.062372895
0.015128902
-0.013605772
0.003039673
-0.010167937
0.010673559
0.001515587
-0.017312098
-0.026016035
0.021382816
0.021440309
0.007547317
-0.004521541
-0.020860530
-0.010855743
-0.006256441
-0.003667846
0.012001169
-0.011476336
0.005232864
0.027793899
