-0.028196446
0.011453348
0.016870440
0.001187243
-0.036174565
0.013551215
-0.003368659
-0.008821561
0.011114847
-0.000269024
-0.013569472
-0.002739753
0.003416946
-0.010285967
-0.000834789
0.002902186
-0.014004739
0.005012223
0.000000000
-0.021050295
0.017439003
0.004585700
-0.002361687
0.015181419
-0.013794140
0.028748718
-0.037534497
-0.011269690
0.020055470
0.073487887
0.010523502
0.033771877
-0.003089418
-0.000622465
0.021332200
0.012782560
0.002626656
0.004412860
0.015336056
-0.003399613
-0.020658259
-0.010366608
0.003023889
-0.011544685
-0.014535018
0.019411647
0.015809083
-0.013383108
0.003035309
0.018579915
0.016489871
0.003781936
0.019963557
-0.007427557
0.000465087
0.015022208
-0.010952486
0.013017712
0.020049911
0.018123880
0.019952957
0.004744564
0.007171706
-0.002352478
0.000750346
0.001925064
-0.002675410
-0.000213577
0.000750656
0.015382699
-0.014846357
0.035363766
0.008406708
0.002712243
0.023149556
0.007386768
-0.001897204
-0.000841808
0.008713432
0.093423401
0.001617213
-0.017833457
0.010967550
0.048743916
0.038270292
-0.018684373
0.015958166
0.004915834
-0.023022454
0.023721082
-0.010196119
-0.028957337
0.000545049
-0.002914160
-0.006218880
0.004667782
-0.020387794
-0.003733878
0.002430460
-0.001028143
-0.013542050
0.037630745
-0.016734623
-0.006885118
0.021244573
-0.007705383
0.011359563
0.000000000
0.001816906
0.017663098
-0.013124952
0.001083325
0.017742228
-0.003042068
0.007628487
-0.007628487
0.004762942
0.023222114
0.006461077
-0.009359018
-0.007228661
0.023007390
0.018167446
0.002119734
-0.010561468
-0.019980893
-0.014525692
0.025125961
0.000261403
-0.014802330
0.006990897
-0.001133426
-0.009286394
-0.010707722
-0.007591254
-0.005034981
-0.025086522
-0.011524409
-0.015160527
0.022613097
0.000000000
0.025280784
-0.015218233
-0.044315641
0.011261113
-0.002374565
-0.015921606
-0.021005657
-0.006237441
-0.006578819
-0.022757187
0.002559414
0.007215254
0.019266901
0.033898448
-0.016950444
-0.002740596
-0.035504929
-0.028411436
0.012969449
0.030358496
0.024794087
-0.014746451
-0.024859968
-0.027997751
-0.024303421
0.027431104
-0.031717127
-0.011884424
0.003256306
0.026723714
0.003058604
0.037052905
-0.011921901
0.037142822
-0.006543646
-0.037703572
0.013135322
-0.020076783
-0.014775740
-0.013940424
0.007486392
-0.025356997
0.004900986
0.000546138
0.008121135
0.044286514
-0.012451636
0.018108068
0.025316340
-0.000496059
-0.023282501
-0.019645849
-0.007865942
0.025974010
0.029807649
0.016782696
-0.018778254
-0.012546508
0.024943509
-0.059366511
-0.020060877
0.018490847
-0.023842074
-0.024969850
0.016898742
0.015549585
0.017414595
-0.005775386
-0.017510152
-0.032093734
0.026188330
0.038557337
-0.002592587
-0.002082658
-0.011517390
0.022392755
0.006161716
0.009675110
0.006065457
0.000499753
-0.043743936
-0.011104971
-0.029695400
-0.041961730
0.000000000
-0.030161145
0.056662012
-0.026500868
0.023715908
-0.023142376
0.052288306
-0.028585546
0.005008082
-0.012846645
-0.016437729
0.000000000
0.020923316
-0.016323965
-0.012635432
-0.026355748
0.008864993
-0.001766539
0.021569570
-0.013940971
-0.057156759
0.068785454
-0.005793939
-0.016412650
-0.002369816
-0.028848800
0.022910197
0.003570241
-0.006552898
-0.008410428
-0.032467387
0.023389369
-0.002439094
0.009107372
0.009025021
-0.026087896
0.040946026
0.000000000
0.045554534
0.017873277
-0.027502606
0.029162905
-0.016162916
-0.057816441
-0.033282775
-0.014255894
0.011168607
0.009219140
0.021184039
0.031242035
0.010388487
0.005157608
0.028169062
-0.028169062
-0.004580943
0.018764767
-0.022215866
0.036201104
0.028482991
0.031885358
0.019161447
0.045143266
0.018467847
0.001443636
0.009091938
0.013251219
-0.024748418
0.006243411
-0.010111165
0.012887126
0.052749915
-0.018353365
0.013338802
0.018117585
-0.024536659
-0.011098067
0.015690556
-0.015223685
0.017509331
-0.051558314
0.019532329
-0.029199514
-0.005840922
-0.032269541
0.028348783
0.038961194
-0.037490768
0.024195584
0.039366736
-0.004145686
0.003684002
-0.016225188
-0.001867654
-0.024167062
-0.046391280
-0.012261022
0.017330219
0.037195444
0.012097078
-0.000960625
0.014338417
-0.003324620
0.010893573
-0.020946745
-0.011608256
-0.001951180
0.035913024
0.001882055
0.041385176
0.003150937
-0.000902438
-0.018142041
-0.012891764
-0.015888769
0.014956972
-0.002321203
-0.004665381
-0.033256706
-0.006786127
-0.002917342
0.019319554
0.016610413
0.030130084
0.006822373
0.006781438
0.013421285
0.006646203
-0.001769724
-0.014250648
-0.001798617
-0.017682752
0.014534668
0.011655289
0.021597714
0.006522187
0.028615280
-0.026452368
0.019233769
-0.022810420
-0.019785016
0.011039245
0.023865321
0.015742139
0.015081007
0.017722880
-0.009440637
-0.000823473
0.009037580
0.042049848
0.019416937
0.003836669
-0.003836669
-0.007722717
0.009642916
0.019389064
-0.002262173
0.010140078
-0.008251469
0.016807129
-0.035822629
0.000385376
0.022387644
0.013416759
0.009212961
0.007676018
-0.013561448
-0.011879989
0.015561211
-0.005898172
-0.005190943
0.003341019
-0.011928787
0.012300980
0.000367151
0.003327531
-0.011879989
-0.014289218
-0.024154563
-0.004277171
-0.002341659
-0.041877211
0.012144096
0.031688055
-0.013741367
0.015296515
-0.007421934
0.005083261
-0.019300555
0.028623347
-0.005040523
0.017714845
-0.011514931
-0.035367079
0.007968638
-0.023695912
0.003249904
0.006457737
-0.009299616
0.006476159
0.013627955
-0.010400413
0.014376428
0.000000000
-0.011970011
0.018134560
0.008271585
-0.032278990
-0.008954522
0.020230900
-0.028847216
0.027644728
0.002403481
0.023713516
0.007782316
-0.011694213
0.018648862
0.012239067
0.011345257
0.015293735
-0.001851676
0.001484501
-0.003713152
0.000000000
0.000373493
-0.005966828
-0.013168009
0.003778886
0.018695610
-0.030079352
-0.046083504
-0.029610806
0.032402145
-0.008003788
-0.015792378
-0.050218065
-0.022567696
0.019561489
0.011553829
-0.028489520
-0.001749506
0.005683123
0.000000000
-0.021155478
0.017661786
-0.004389134
0.029453054
-0.044063210
0.002673391
-0.036232799
0.005515799
-0.005058370
0.003680666
0.024953260
0.001343546
0.008463708
-0.013848644
0.025319299
-0.004399110
-0.007957387
0.010105528
-0.004425800
-0.030606406
-0.014729847
-0.009790419
0.007469907
0.013388332
0.036042345
0.027923493
-0.003013774
-0.001296097
0.030217606
-0.008841097
-0.009348991
-0.011598867
-0.008676984
-0.002180261
0.000438552
0.064649543
-0.013598350
0.000000000
-0.010422458
-0.002518670
-0.006318903
0.015106105
0.031563329
-0.022443128
0.022042526
0.004026984
-0.027308611
-0.013313124
-0.004616683
0.000422291
0.036339184
-0.024633622
-0.002497390
-0.014687861
0.006318903
0.037930391
0.004439690
0.022692997
0.019109461
0.000000000
-0.003483258
0.007722649
0.013750219
0.012068308
-0.003379847
-0.039897738
0.022444760
-0.013482289
0.010802284
0.011825424
-0.017982502
-0.008534337
0.008534337
0.013037579
0.027072114
-0.020989998
0.030219673
-0.007744967
-0.022474705
0.015409336
-0.012005018
-0.010645859
0.003057433
0.041127684
-0.016247060
0.018075759
0.019908176
-0.002870833
-0.000717672
-0.002161199
0.003600825
0.018503322
-0.005656349
0.006714086
0.017114090
-0.006603865
0.011781398
-0.001034146
0.014041082
0.008125636
-0.030824169
0.015771806
0.009250773
0.002381675
-0.022008208
0.004856142
0.023257559
0.017424450
0.002657848
-0.003522514
-0.008813796
0.004786265
0.031806057
0.043164317
-0.001702850
0.001702850
-0.011997328
0.003442067
-0.011057237
-0.080648218
0.013093401
-0.054232131
0.043018135
0.029632961
-0.018418966
0.008883221
0.000000000
-0.009255444
-0.019526356
0.002653563
0.015386672
0.001858343
0.005192117
0.013226848
0.003278509
0.003267878
-0.026451004
0.000372722
0.012206460
0.000000000
0.001834409
0.019982478
-0.029938034
-0.019838844
0.004150218
0.000749304
0.014649747
-0.010461536
0.001874310
0.003746181
0.022529159
0.006191702
-0.006191702
0.014506068
-0.013409940
0.002549192
0.015167467
0.008921734
0.028023936
0.020172570
-0.020172570
-0.012164280
-0.007016817
-0.004234465
0.009850308
0.022164653
0.022351060
0.011319035
-0.033670096
0.008862378
0.002371902
-0.007815632
0.022605782
0.001001602
-0.006016786
-0.019300325
0.011557172
0.015426961
0.005639753
0.000993056
0.004947773
0.011444531
0.008098034
-0.007772550
-0.008486315
-0.008893488
-0.017013234
0.012702874
0.029462713
-0.005821981
0.007757536
-0.007757536
0.005821981
-0.003230730
-0.009755033
0.014599053
0.010890812
0.019244992
0.036210557
0.000000000
0.006908187
0.008347500
0.026650419
-0.009291309
-0.000288774
0.034977673
0.008696497
-0.025458709
-0.004884728
-0.003461444
0.000000000
-0.000943102
0.006356605
-0.006356605
0.014676334
0.029549313
0.001109593
0.032700127
0.000804841
-0.006450399
-0.002158391
0.001078309
0.008867514
-0.007787431
0.000000000
-0.007848552
-0.011205721
-0.012165277
0.042212181
-0.020474633
0.004344130
-0.019980431
0.025388133
0.013385700
-0.034634259
-0.016659414
-0.014948187
-0.020383869
-0.003483426
0.000000000
0.005513565
0.035538238
-0.029190878
0.028075150
-0.036162396
-0.027034593
-0.002089432
-0.009597918
0.000000000
0.037853990
0.019538333
0.000000000
0.022511742
-0.022226939
-0.010004655
-0.005766334
-0.007832247
0.018470365
-0.022265008
-0.007927482
0.003236730
-0.009441545
-0.009838021
0.029800661
-0.004660141
0.007562631
-0.001448464
0.007231494
-0.022148321
-0.015738496
-0.009321380
-0.003328763
0.003026319
0.017472091
0.012425525
-0.009156035
0.000000000
0.026931492
0.025101340
-0.000282095
0.000000000
-0.003950310
0.012646694
0.005573496
-0.006129779
-0.005045305
0.005884242
-0.027176201
0.004295913
0.008534099
0.025176855
0.003309690
0.024746944
-0.010260562
-0.007352268
-0.004659987
-0.022217756
0.045025287
0.000000000
0.025447499
-0.022230947
0.003473195
0.009555013
-0.004501759
-0.011474384
-0.035234232
0.010785722
-0.033847768
-0.010580079
-0.047395435
0.021767913
0.031932960
-0.011785619
-0.002894950
0.004918477
0.006901174
0.037401048
0.004129565
-0.014116608
-0.034315180
-0.004048207
0.005202872
0.017141526
-0.011108220
-0.011816307
0.002893981
0.001445619
0.033207374
0.002787736
-0.012607266
-0.002823090
0.002261566
-0.005660245
-0.021505674
-0.011660806
0.001769164
0.028064450
-0.026010448
0.004088841
-0.023308911
-0.003588930
0.028647883
-0.006718631
-0.010015095
0.004428593
0.006759347
-0.007936955
-0.023587267
-0.014912337
-0.011101937
0.027525272
0.005413964
-0.004210086
0.004510395
0.009551990
-0.007156269
-0.010528523
0.009629549
-0.011747459
-0.029833934
0.007465593
0.017811299
-0.007329854
-0.014518596
0.003416658
0.052842126
-0.003535952
-0.007999402
-0.020440171
0.005147674
-0.033171969
-0.010359392
-0.035001005
0.014599265
-0.021485334
-0.008925830
0.003645459
0.047798970
-0.025877224
0.031850078
-0.028619355
-0.033123963
-0.023273809
0.012546597
0.014055807
0.002325978
-0.034749250
-0.004818803
-0.004491173
0.013421403
-0.008239906
0.018442832
-0.027095100
-0.016124443
-0.008517320
-0.006078968
0.021989069
0.027333277
-0.025232724
-0.006671438
0.007062679
0.024265944
-0.052016267
0.027750323
0.030069245
-0.012679312
0.033901940
-0.005010220
0.001671710
0.000000000
0.019869841
-0.019869841
0.002337030
0.023089447
-0.019093086
0.017786800
-0.016124824
0.034563573
0.018419988
-0.035226110
0.032074852
0.002205970
-0.005050144
-0.033477691
0.021053135
-0.010308954
0.000971907
-0.015323092
0.026903466
-0.003202696
-0.000642559
-0.003215055
-0.013945113
-0.035233615
0.021087704
0.003970787
-0.010947012
-0.004681760
-0.027866235
0.021475834
-0.027696381
0.019908648
-0.023033493
-0.000348213
0.030831758
-0.016324413
0.009894554
-0.041954481
0.001416878
-0.009952490
-0.022390364
0.020246971
0.031010349
0.005879448
-0.017044683
0.000000000
-0.021279207
0.034526195
0.042037105
0.025567325
-0.036247823
-0.001677248
0.047585958
-0.009660887
-0.003652144
-0.007520266
0.028471533
-0.011227694
0.001290803
0.062745750
0.031274268
0.004098051
-0.009979839
0.060104131
-0.004735007
-0.023436137
-0.015839084
0.000000000
0.032835145
-0.011298572
-0.008845286
-0.009503316
0.016640929
0.008785659
-0.012775475
0.032327382
0.020808152
-0.046869447
0.081483788
-0.016094931
0.011371042
-0.015369524
-0.005354063
-0.007814887
-0.020223905
0.015612287
-0.012031980
0.025801021
0.016220365
0.033971674
0.010149154
-0.019626165
-0.001289054
0.011021208
-0.031066130
0.037672898
0.000253483
-0.001521633
-0.008658601
0.001790703
-0.020897023
0.026751936
0.012860044
-0.019481950
-0.023001568
0.029115243
0.003549566
0.003537011
-0.004043727
-0.017881459
0.000000000
0.001804217
0.016330575
0.044306652
-0.022030425
0.022293145
0.028466932
