0.018617700
-0.013262957
0.032833078
-0.007782179
-0.034440566
0.010724065
-0.010724065
-0.016304643
0.008022505
0.008207903
-0.005464394
-0.041964252
0.007117451
-0.004264358
0.004264358
-0.007117451
-0.028987469
-0.028339118
0.035664984
-0.007325866
0.005865011
-0.041797163
-0.010728081
-0.013964408
-0.049650071
-0.009900978
0.018077621
-0.056966771
0.017094578
0.031695551
0.004914145
0.038466261
-0.001573493
0.010963312
0.027651434
-0.024540986
0.021506056
-0.083976418
0.004946377
-0.033447857
-0.057758850
-0.010869764
-0.029576870
-0.050010426
0.042477370
-0.007590234
0.046519913
-0.044617049
-0.030890335
-0.011834558
-0.009970150
0.019842088
0.003921606
0.000000000
-0.007858652
-0.013903130
-0.004007840
-0.006042474
0.018018552
0.009871938
0.029043394
0.048426610
-0.001819754
-0.010989018
-0.070572735
-0.009930546
0.011905003
-0.005934892
-0.001986008
0.007920900
0.025317707
-0.013552768
-0.011764940
0.005899666
-0.001962620
0.013658758
0.015384636
-0.013961803
-0.019960712
0.014014306
0.044710893
0.035484686
0.018182291
-0.010869694
-0.089498266
-0.005994141
-0.002005847
-0.004024229
-0.036965269
0.016597997
-0.008264453
-0.018848650
-0.023530731
0.004319746
-0.015201230
-0.008791206
-0.033673163
0.004555666
-0.002275359
-0.025375985
0.009302329
-0.016336493
-0.033495853
-0.004878154
-0.007362141
0.004914111
-0.017305564
-0.007509568
-0.017744526
-0.007702101
-0.005168071
0.012870172
-0.018064817
0.015504216
0.012739005
-0.033465267
-0.029218559
-0.035669199
0.000000000
-0.016901549
0.002836936
-0.022923784
-0.032403437
-0.027315704
-0.018634115
-0.025398353
-0.042699222
0.016639292
-0.026757620
-0.010221395
-0.052736210
-0.048068560
-0.034685835
-0.044094919
0.137621242
0.085522050
0.160221182
-0.163505322
-0.085815802
0.024780141
-0.039220728
-0.003643063
0.270194230
-0.072181290
0.029500620
-0.050681539
-0.043756850
-0.032470334
0.003294614
0.029175720
-0.049109626
-0.034132950
-0.010471504
0.034486126
0.068766829
-0.058648501
0.006688767
-0.051293221
-0.043017474
-0.025975212
0.007490424
0.007435124
-0.018692104
-0.038466631
-0.027834509
-0.004040489
0.039687692
-0.043744572
-0.033060639
0.020790737
-0.012422325
-0.051293387
-0.044850973
-0.037387284
0.055569960
0.026668297
-0.101469487
-0.029558858
-0.046043754
-0.005249457
0.025975444
-0.036557759
-0.043484813
-0.011173517
0.011173517
-0.090806521
-0.011472463
0.074108157
0.035780688
0.069865266
0.026634143
-0.036321066
-0.100972124
-0.027657864
-0.007407899
-0.039428410
-0.014018864
-0.019803182
-0.040821770
0.000000000
-0.013422575
0.046212352
0.039531276
-0.049256018
-0.043267428
0.003395655
-0.040646070
0.037250415
0.002547643
-0.040680520
-0.023236151
-0.051959972
0.005698531
-0.024929457
0.028709458
-0.019047767
0.055180048
-0.045610813
-0.000953054
-0.015369632
0.037058595
-0.047764296
0.033672860
-0.055434357
-0.124430022
-0.098714161
0.009950529
0.070477052
-0.079178073
0.046350150
-0.053868602
0.019925283
0.046968965
-0.056881455
-0.025222507
0.116789700
0.042274900
0.143826658
-0.009478532
-0.038839778
0.074391061
0.081173371
0.316911746
0.102578285
-0.016853953
0.016853953
0.009978339
-0.090577807
-0.142543614
0.004169357
0.000000000
-0.058545971
-0.006639924
0.049107086
0.014691149
-0.013986514
-0.021353244
-0.007220086
-0.007272595
-0.071864518
0.004694606
0.013183365
-0.010065609
0.096370521
0.027876335
-0.038533089
0.035091112
0.003441977
-0.051474156
-0.027881103
-0.059788117
0.184819882
0.130325294
0.092424130
-0.115748766
0.050614616
0.009489159
0.014341166
0.039199627
0.000526575
-0.014846800
0.014846800
0.036179708
0.054334367
0.061076922
0.129225544
0.005548905
-0.000791008
-0.011537800
0.066188053
0.016713260
-0.005169824
0.035997357
-0.013302404
0.033105120
0.001748983
-0.039570100
0.082333632
0.027742850
0.028894625
0.000000000
-0.057977984
0.013324629
0.005938629
-0.038562872
0.014256711
-0.026640722
-0.020280665
-0.029028833
-0.009132430
0.041335446
0.010159463
0.013502213
-0.018744260
0.002100294
-0.003502846
0.006993172
0.002088304
0.010032929
-0.007255095
-0.007308116
0.012840742
0.175401076
-0.064847282
-0.011176727
0.085813722
-0.011817453
-0.073372168
-0.117393105
0.176456520
0.030415014
-0.001427400
0.008534710
-0.022923608
-0.025540493
0.013291999
0.003807187
0.017961072
-0.009809729
0.014678862
-0.036367680
0.023716558
-0.016336493
-0.011834440
0.025563257
0.008377902
-0.027119173
0.023372339
0.010341908
0.063931046
0.019907645
0.000000000
-0.009506241
-0.024168646
-0.047309985
-0.007437131
-0.001148876
-0.025915050
0.051735714
0.030346937
0.023631841
-0.003456195
0.010596110
-0.025351582
-0.000270369
0.026938688
0.006557363
0.006514644
0.012903332
0.006389977
-0.002550964
-0.003839013
0.015267557
0.054067244
-0.003835171
0.003835171
0.004773372
0.015357607
-0.002112520
-0.000705100
0.010990375
0.003482321
-0.003482321
0.000697396
0.048756919
0.002873351
-0.005976658
-0.021998788
0.043089058
0.000000000
-0.047866630
0.012464756
0.118783534
0.058268902
0.000942851
0.063005817
0.029644783
0.013652069
0.016307064
-0.008708843
0.044254211
0.016914393
-0.022400972
-0.008123476
0.008123476
0.017642942
0.000000000
-0.018290277
0.005167935
0.013122342
-0.029853036
-0.009049839
0.044609774
0.038606588
0.003492031
0.001816862
-0.003030110
-0.000151791
-0.002887784
-0.057964552
-0.006959612
0.007926972
0.007064900
0.026836579
0.018519149
0.063821485
0.010275489
-0.011711122
0.021600898
0.043601835
0.009376951
0.001865131
0.017937608
0.016979196
0.015177951
0.024378970
0.022002125
0.026822307
0.062698716
-0.001433076
-0.020914282
0.027637220
-0.010830104
0.011049773
0.010816164
0.000113028
0.011025844
0.054395346
-0.168369243
-0.177513721
0.269418312
-0.044956576
0.060987450
-0.003901161
-0.001086250
0.008761563
0.012744609
0.009638538
0.031928075
-0.032771436
-0.001054958
-0.028160141
-0.005330040
0.001631726
0.016643550
0.028002938
0.005927193
0.019184918
-0.010108944
0.000000000
0.008277729
0.029504574
0.027782411
-0.034233223
-0.015037791
-0.012195340
0.041553988
0.003915907
0.029269558
0.007660119
-0.025652017
0.017141361
-0.021983633
0.030027068
0.007971857
-0.020774992
-0.010065854
0.025405553
-0.006311914
0.000468989
0.001888532
-0.010431503
0.011653482
0.000376755
-0.042916109
-0.003048601
-0.054724945
0.033797394
-0.006465931
-0.046582286
0.023516685
0.011238410
0.064538483
0.019048166
-0.019910073
0.019910073
0.005178980
0.007942127
0.110097914
0.041655628
0.042599589
-0.022640122
-0.025652571
-0.063871395
0.093199785
-0.007761961
0.000000000
0.000000000
0.090217725
0.007237684
-0.021661616
0.000000000
0.009299688
0.094600014
-0.016584144
0.029656206
0.012903385
0.047265129
0.073362783
0.084403840
0.011265754
0.057246629
0.014668532
0.032569390
-0.082370928
-0.015218292
0.000053276
-0.052205899
-0.050412302
0.052519172
-0.081339495
-0.005512324
0.017140246
0.015431857
0.109134063
-0.063465433
0.061217475
-0.060673678
-0.008953039
0.035764144
-0.037190871
-0.003300397
-0.027087640
0.020733615
0.003595465
-0.021782464
0.032719118
0.004357835
0.016409541
0.006240866
-0.002394345
-0.013691791
0.012407020
-0.042752534
-0.042460089
0.098159269
0.036933646
0.045232979
0.039033992
-0.019802578
-0.002383858
0.047417625
0.050065820
0.003640591
0.027406810
0.004444598
-0.013129338
0.131878061
0.015326015
0.030776172
0.031859479
-0.060736298
0.005676478
0.027908765
0.034268441
-0.005190626
-0.177130925
0.055857327
-0.113306095
0.086344749
0.031698565
-0.003813681
0.024897103
0.000000000
0.019418227
-0.035228751
-0.013557646
-0.025025835
-0.018849896
0.000040565
0.051360298
0.030470882
-0.020462217
-0.014752784
0.029209679
0.005189992
0.000000000
0.007752015
-0.007752015
-0.044274716
-0.003543005
-0.024794745
0.023530179
0.025459248
-0.020121420
-0.020534586
0.030565384
0.029815080
0.015504293
0.000000000
0.000000000
-0.002310554
0.095834355
0.042283836
0.020504069
0.035579176
-0.042145552
0.045315129
0.043471709
0.041427735
0.003192639
0.009459605
-0.038864841
-0.000298528
0.033493828
-0.007708506
0.012344047
0.052094376
0.000680612
0.009414779
0.004121656
0.001504690
0.053733623
0.017654910
-0.014149581
0.027732945
-0.022194239
0.042940767
0.073761957
0.019113428
0.075735676
-0.082938063
0.015401768
0.032226248
-0.010690390
-0.010484480
0.029805596
0.003493379
0.031294910
0.004061480
0.037591037
0.097954492
-0.006818937
0.097299266
0.053559113
0.040743955
0.000000000
-0.079028643
-0.007886994
-0.126151470
0.046427946
0.125895206
0.014407803
-0.023596360
-0.029983475
-0.043414635
0.008309690
-0.014287688
-0.044270227
0.030045526
-0.079873860
0.035096442
0.047746418
0.048270132
0.014152104
0.006435793
-0.013933075
0.016445543
-0.024256572
0.023252503
-0.033459999
0.000000000
-0.057464043
-0.047896483
-0.082691648
0.102975230
-0.010376018
0.034544200
-0.045895861
-0.005796982
0.000290602
-0.046699902
-0.025911448
-0.011787934
0.007874031
0.049574135
0.000000000
-0.085018432
-0.076473616
-0.100111171
0.066572608
-0.063668074
-0.052800508
0.041522830
0.071310589
0.000000000
0.037173725
0.039558068
0.000000000
0.021685552
-0.004465343
-0.027219495
0.045613885
-0.030736115
-0.013856268
-0.009746141
-0.023997017
0.024168775
-0.008799981
-0.003472197
0.013988686
0.100271181
0.081878815
-0.002862861
-0.000573453
-0.013283525
0.005796982
0.003030211
-0.008972570
-0.027560591
0.045490634
0.036526772
0.008961193
0.000000000
0.035460409
0.023693839
0.037078840
0.000000000
-0.011534694
-0.012690519
0.023726457
-0.019902474
0.000127273
-0.024336483
0.010115438
0.001804851
-0.001030947
0.017129486
-0.002538227
0.001016021
-0.016510281
-0.009595426
0.003252057
-0.029522390
0.080042668
0.000000000
0.022102350
0.021506217
0.000708990
-0.001181918
0.015256694
-0.023569214
-0.039278119
0.012448684
-0.032871555
-0.038714481
-0.028155790
0.010902574
0.058622417
-0.007603614
0.045386147
0.008835025
-0.042460033
0.023360858
0.066172285
0.080900059
-0.030354295
-0.004930075
0.012334287
0.007134298
-0.026633233
-0.013587437
0.009486070
-0.020082468
0.027496915
0.020515816
-0.011187825
-0.020414573
0.014388712
0.018508966
-0.021811095
-0.007747691
0.032789873
0.025374215
-0.006204363
0.053400786
-0.033556823
0.003097640
0.009337719
0.000102091
-0.009439810
-0.005167921
0.022440603
-0.005996278
-0.015098175
-0.018065429
0.020546105
0.026888244
-0.012742865
-0.021397797
0.008593513
-0.013492740
-0.013889095
0.026453592
0.030086671
0.012339581
0.003258568
0.029719496
0.007626447
0.013301351
-0.040252053
-0.053092116
0.005130881
-0.008738169
0.136276713
0.014667986
-0.028183530
-0.007792842
-0.004612510
-0.015655889
0.052508832
-0.025818389
-0.039736640
0.041381345
0.039999924
-0.018771516
0.009872432
-0.008800405
-0.064538544
-0.004869050
0.036921268
0.062998175
0.074008943
-0.027063899
-0.056866742
-0.071883461
-0.008589499
0.006896370
0.034967943
0.021672504
0.060326344
0.003511364
-0.017172133
0.048717390
-0.016058988
-0.000657636
0.009819149
-0.000488628
0.008032785
-0.018021440
0.016484841
0.035306191
-0.020204263
-0.007201219
-0.001446517
-0.035608368
0.014067190
-0.030450681
-0.030446125
0.074525793
0.018232715
0.016576274
0.032804998
-0.039008623
0.015786617
0.015388346
-0.008819345
0.029898176
-0.005698030
-0.010962047
-0.013392237
0.001539678
0.017235094
0.015008523
0.019107389
0.000803465
0.007564720
0.055667765
-0.041064801
0.048507987
-0.055674874
0.014070168
0.005939790
-0.022602743
-0.017238519
-0.019634021
0.034706793
-0.043801409
0.013499483
-0.011010918
-0.005816427
-0.004403665
-0.015953702
0.021190340
-0.034734511
0.020555378
-0.029529718
-0.069241455
0.031942038
0.027285786
-0.027039597
-0.022909362
0.002515776
-0.033814976
0.004925909
0.024608498
0.045544679
-0.044535829
-0.004378987
0.045453032
-0.021273068
0.014313452
-0.008072148
0.016401786
-0.013622252
0.001142325
0.061434837
0.066310514
0.001147632
0.017762472
0.045027117
0.011113549
-0.044588084
0.047911472
-0.004655968
0.059526014
0.015890703
-0.005393091
0.049239940
-0.011306297
0.011661226
-0.006289704
0.001308653
-0.008477116
-0.002100645
0.016800253
-0.002780618
0.006672086
0.017673774
-0.087305797
-0.049137227
-0.022314737
-0.007960029
0.047618504
-0.000847089
0.013531681
0.006410327
-0.002238956
-0.005844685
0.030201401
0.014580794
-0.026084147
0.064866468
0.007555658
0.006973519
-0.039365530
-0.015302063
0.016334193
0.000667249
0.002543520
-0.005945072
-0.023517461
0.023760724
0.021722369
-0.002980648
0.018338281
-0.003111430
0.033705463
0.006290519
0.005240240
0.026727358
-0.033380910
-0.015737582
0.039828396
