-0.079012614
-0.015414563
0.034354524
0.018587896
0.014625489
-0.033213385
-0.028546182
-0.063766618
0.065695259
0.035954677
-0.061321891
-0.013930574
0.002002003
0.050693114
-0.048695112
-0.022200710
0.034105612
-0.040246881
0.030335997
-0.010010094
-0.018274620
-0.012371292
-0.035906708
0.017057983
-0.045413209
0.019715863
-0.024150460
-0.002224695
-0.017978012
0.050839677
0.025533302
0.014598799
0.004132237
0.018386626
0.016064603
-0.003992021
-0.004008021
-0.028515170
-0.008298803
-0.025317808
-0.050394014
0.000000000
-0.031966192
-0.072146663
0.083680816
-0.035009410
-0.007151401
-0.004796172
-0.016970104
0.026539555
0.080042708
-0.049559691
0.011481182
-0.018433702
-0.021152375
-0.019185241
-0.019560526
-0.019950786
0.012515808
-0.002490661
0.017305747
0.017011346
0.092018899
-0.033522692
-0.018349139
0.006920443
0.033901552
-0.045462374
-0.040337616
0.016807118
0.000000000
-0.026539555
-0.017263067
0.019705071
0.026475674
-0.002378122
-0.004773279
-0.019324273
-0.007343974
0.038558994
0.018735911
0.097206714
-0.049632624
-0.038336149
0.006872879
0.002280503
-0.032410244
-0.038374013
0.000000000
0.002442004
-0.014742282
0.034066555
0.000000000
0.023641763
-0.007034027
-0.023810649
0.014354313
-0.007151401
-0.004796172
-0.024332101
-0.002466092
-0.002472189
-0.009950331
0.000000000
-0.035627178
0.015424470
0.007623925
0.025001302
0.012270093
0.040626854
0.052463570
0.008849615
0.034635497
0.018967903
0.101176409
0.071003428
-0.054164863
0.000000000
0.040005335
0.015915455
0.000000000
-0.007042283
-0.034145276
-0.031571796
0.033398280
-0.020277192
0.031166592
0.005400553
0.001793722
-0.010810916
0.007220248
0.003590668
-0.010810916
-0.031281299
0.001867414
-0.013145729
-0.013320844
-0.045061492
-0.014127379
0.059188871
-0.017391743
0.040119994
-0.007518832
-0.028710106
0.045548670
-0.020619287
-0.017192401
0.017192401
0.055262679
0.035214906
0.040683577
0.011560822
0.037071126
-0.017558312
0.014388737
-0.040491361
0.018018506
0.003241494
-0.004866190
-0.011447386
0.054413422
0.004662013
-0.001551591
-0.007794272
0.003125003
0.020077895
0.015174798
0.001504891
0.019360247
-0.048347784
-0.003100778
0.029076264
0.026787316
-0.013303966
0.026433257
0.015816289
-0.028945581
-0.013303966
-0.004474280
0.002985077
0.022108491
-0.026589454
0.002989539
0.014815086
0.052983042
-0.105825524
0.057244543
0.004382768
0.017341475
-0.024656797
0.010226532
-0.032499167
-0.025856954
-0.039282348
0.029994356
0.007745972
-0.010861239
-0.017309638
-0.007968170
0.023716527
0.009331327
0.001546791
0.015337724
-0.004576667
-0.001530222
-0.024807474
0.017121041
-0.012422520
-0.006269613
0.012500163
-0.003110422
-0.010963305
0.020265697
-0.006191970
-0.029947076
0.022152805
0.026256335
-0.009188426
-0.023347364
0.037098536
0.021021795
-0.036312613
-0.024962295
0.000000000
-0.073743474
-0.006825965
0.050093945
0.008110345
-0.016287005
0.025933382
-0.003205131
0.017502436
0.001576044
0.010963305
-0.025237933
0.007955491
-0.014365770
0.000000000
0.004811557
-0.017756722
0.009724550
0.023905521
0.000000000
-0.019078480
0.019078480
-0.019078480
-0.045985113
-0.005054771
-0.043147331
0.039763233
0.016807118
-0.027028672
-0.019015266
0.006956550
-0.029905483
0.000000000
0.000000000
-0.021661497
0.025226563
0.040109997
-0.022472856
-0.021202208
0.060624622
0.024897552
0.003273325
-0.026491615
0.008354267
-0.013400536
0.020034059
-0.008298803
-0.016807118
0.005071862
-0.011874609
0.026937656
-0.003327790
-0.013423020
0.034858301
0.055525760
-0.058793737
-0.001638002
0.021087562
-0.042629405
0.045834536
0.006379607
0.014207027
0.004691174
0.009316838
-0.003095978
-0.025119060
-0.006379607
0.025277807
0.023131332
0.018127385
-0.027315811
0.037740328
0.021978907
-0.026433257
0.017699577
-0.007336790
-0.010362787
0.004454350
0.014706147
-0.002923979
-0.004402061
-0.032887867
0.018072781
-0.042689409
-0.010963305
0.027952130
0.016705020
-0.032137425
-0.010946161
0.012500163
0.003100778
0.006172859
-0.006172859
-0.026668247
0.035913305
-0.004611845
-0.015528262
-0.012598592
-0.001586043
0.038915416
-0.004590674
-0.004611845
-0.029712897
0.000000000
0.011049836
0.004698521
-0.023716527
-0.016129382
0.000000000
0.006483005
0.028664383
-0.011049836
0.031252544
-0.004626068
-0.021875872
0.023420274
-0.032944156
0.006359322
0.014162314
0.009331327
-0.010895049
-0.033415997
0.017642799
-0.006379607
-0.008032172
-0.014622519
-0.006568168
0.014718172
-0.003252035
0.000000000
-0.023065273
0.000000000
-0.032178898
0.000000000
0.008569033
-0.024180798
-0.003502631
0.031090587
-0.017153079
0.020548668
-0.025752496
-0.003484324
-0.010526413
0.000000000
-0.008857454
-0.001780944
0.029852963
-0.028072019
-0.012533736
0.014311514
-0.005342844
-0.007168489
-0.021819047
-0.007380107
-0.003710579
0.007407441
-0.003696862
0.012879663
0.001826485
0.041113923
-0.010563479
-0.025090922
0.003623192
-0.021938723
0.027349015
0.021353124
-0.021353124
-0.021819047
0.018215440
0.003603608
-0.001800181
0.008968670
0.000000000
-0.019838342
-0.007312647
-0.020389956
-0.001874415
-0.011320876
0.000000000
-0.003802286
-0.007648221
-0.017425417
0.015504187
-0.005785937
0.000000000
-0.005819609
-0.003898640
-0.003913899
0.001958864
0.003906255
0.017391743
0.011428696
-0.021053409
-0.019531871
-0.007920833
-0.014014243
0.000000000
0.008032172
0.023716527
-0.003913899
0.030890487
-0.013397330
0.000000000
-0.005797118
0.005797118
-0.015534293
0.007797310
0.007736983
0.001924928
0.003838776
0.026466573
0.000000000
0.007434978
0.011049836
0.030660652
0.005314450
0.003527341
0.053140179
0.011618388
-0.021685587
0.005046268
-0.025489910
0.000000000
0.018755878
0.010084119
0.003338901
-0.042559614
-0.019315789
0.000000000
0.008826183
-0.010600806
-0.045421068
0.001857011
0.041786279
0.005323881
-0.010676258
-0.060848260
0.094272656
0.027305451
-0.030771659
0.015504187
0.051635116
0.003241494
-0.014670190
0.004914015
0.038466281
0.017147731
0.006163348
-0.024884643
0.024884643
-0.023311079
0.007830894
-0.038160433
0.065854511
-0.021473218
0.000000000
-0.003105593
-0.010946161
-0.006309169
0.000000000
0.004735605
-0.006319136
-0.007955491
0.003189795
0.003179653
0.000000000
-0.006369448
0.015848192
0.018692133
0.016832838
0.003030305
-0.032285663
0.009331327
0.021440331
-0.003034904
-0.038734509
-0.043590436
0.016366977
-0.004882028
0.000000000
0.009740337
0.014434894
-0.006389798
-0.012903405
0.004858309
-0.008110345
0.009724550
0.012820688
0.049699669
0.003025721
-0.033797380
0.009331327
0.019924031
0.010566136
0.014903406
-0.001480385
0.016164937
-0.016164937
0.019076147
0.045462374
0.024692613
-0.005434796
0.001361471
-0.017845360
-0.030944804
-0.011494379
-0.008708328
-0.074107972
-0.041672696
0.022654691
0.006379607
-0.007980888
-0.021053409
-0.003278691
-0.003289477
-0.011599136
0.019802627
-0.004914015
-0.014888612
-0.033901552
-0.001725626
-0.012163486
-0.021202208
-0.043802623
0.011131840
0.023702112
0.050932869
0.010221554
0.018472398
-0.015088300
-0.003384098
-0.022280270
-0.010453057
-0.001752849
0.012205906
-0.012205906
-0.003514942
-0.001762115
-0.001765226
-0.014235116
0.028270434
-0.012270093
0.029541679
0.038627808
-0.011599136
0.058268908
0.007830894
0.063465403
0.008746411
-0.001452433
0.048236301
0.021918686
-0.012270093
-0.020790770
0.037117663
-0.021828970
0.033901552
0.051959739
-0.036086390
0.009144414
-0.043860851
-0.026154278
-0.041287003
-0.056816475
-0.003081667
0.013793322
-0.007639457
-0.040694191
0.004780886
0.006339165
0.000000000
-0.003164560
-0.001586043
-0.009569451
0.000000000
0.022187915
0.038436707
-0.010614201
-0.018462063
-0.009360443
0.007806441
0.004654780
0.027482646
0.000000000
-0.001507159
0.003012050
0.000000000
0.007490672
0.000000000
-0.005988042
0.000000000
-0.004514680
0.009009070
0.004474280
0.005934736
0.005899722
0.010241494
0.001454546
-0.011696040
0.000000000
0.000000000
-0.002945510
0.002945510
0.010241494
-0.017621601
-0.007434978
0.000000000
-0.008995563
-0.006042314
-0.021440331
0.013835732
-0.010744539
-0.006191970
-0.001554002
0.003105593
-0.004662013
0.007757991
0.003086422
0.009202519
0.000000000
0.054950720
-0.008708328
-0.004382768
-0.025205189
0.032499167
0.030066689
0.007027436
0.005586607
-0.008391658
-0.004222385
0.012614043
-0.011204599
0.000000000
0.008415197
-0.012649501
0.018220546
0.016529302
-0.010989122
-0.015309972
0.006988149
0.011080446
-0.005524876
0.002766253
0.000000000
0.001380262
0.000000000
-0.008310297
-0.001391789
-0.011204599
0.009810871
-0.009810871
-0.018479559
-0.007199455
-0.014556298
-0.010316967
-0.011922645
-0.001500375
-0.010566136
-0.030819080
0.012441840
-0.007757991
0.038201742
0.007468295
-0.013483350
0.010502722
-0.047373258
0.007794272
0.029076264
0.000000000
-0.003021150
-0.007593051
-0.009188426
0.003072199
-0.023274906
0.003134799
-0.006279455
0.017174505
0.015361285
-0.027822506
0.026296952
-0.046883586
0.028393075
-0.020424905
0.000000000
-0.024097552
-0.008163311
-0.018197359
0.104525443
0.001502630
-0.009049836
0.034255025
-0.017725723
0.000000000
0.020649701
0.000000000
0.000000000
0.034436688
-0.004240289
-0.014265577
0.012848142
-0.022956532
0.015839064
-0.005730675
-0.015930822
0.004370000
0.037094124
-0.034191365
0.007220248
-0.014493007
-0.016188727
0.005917177
0.031933047
-0.023122417
0.002919710
-0.016164937
-0.002967361
0.000000000
0.013284328
0.000000000
0.010211613
0.000000000
0.027202823
0.004228336
0.029108084
0.000000000
-0.002735980
-0.011019395
0.000000000
0.008275909
-0.018018506
-0.012667305
-0.001417435
0.001417435
-0.025826400
-0.005830920
-0.019188781
0.020649701
-0.023634778
0.001493652
-0.015037877
-0.030771659
0.070866116
0.000000000
-0.016141216
0.004428052
0.008797711
-0.005856532
-0.001469508
-0.023810649
-0.015174798
0.024170361
-0.030305349
-0.012384059
0.000000000
-0.023641763
-0.009615459
-0.019512814
0.014670190
-0.019608471
0.022839492
-0.016260521
-0.003284075
0.006557401
-0.013158085
-0.011657085
0.021541844
0.035430437
-0.009539023
-0.044088773
-0.035687729
-0.003466208
0.039153937
0.013267193
0.004930166
-0.014864023
-0.061769203
0.000000000
-0.012466769
-0.009000961
0.021467730
0.008810630
0.000000000
0.034486176
-0.046842909
0.034907558
0.018692133
-0.018692133
0.020374219
0.018318581
0.030871664
-0.004811557
0.172357828
0.163195291
-0.059188871
0.014528101
-0.002406740
-0.012121361
-0.008573231
-0.006169051
-0.013707380
0.023559676
0.002447982
-0.012300278
-0.026333810
0.016383479
-0.002503130
-0.007547206
-0.015267472
-0.027292142
0.047597408
-0.029320137
-0.009096879
0.064456925
-0.012315427
-0.022557347
-0.003809528
0.008866429
0.017500447
-0.030190972
0.006365394
-0.027011288
0.029546144
0.073203404
-0.017804625
-0.012048339
-0.022059718
0.002475249
-0.022500949
0.008810630
0.014925650
-0.012422520
0.012422520
-0.007434978
0.036634133
-0.018149319
0.031252544
0.005899722
-0.010644690
-0.021635459
-0.003651860
-0.007343974
-0.017348638
-0.025317808
0.022814678
0.013690320
-0.017456802
0.007518832
0.012407107
0.003692312
0.003678729
0.004884015
0.051049659
-0.006968669
-0.029570457
0.001199760
-0.014493007
-0.004878058
-0.016020059
-0.017544310
0.040872562
-0.023328252
-0.004981330
0.013639393
-0.019901154
0.005012542
0.019802627
-0.026072240
-0.006309169
0.029927421
0.007343974
-0.008573231
-0.001230769
0.013455861
-0.015921953
-0.037740328
-0.043228735
-0.040989345
0.000000000
0.042327137
-0.043722811
-0.066402455
0.026511126
-0.097638470
0.034649135
-0.003100778
0.003100778
-0.017174505
-0.007905180
-0.017614547
-0.041225953
0.010050336
-0.032178898
-0.015611765
-0.021202208
0.022948933
-0.015831465
0.010582109
-0.005277057
-0.030441026
-0.018349139
-0.053244515
-0.001955035
0.021297998
0.003824096
-0.017324784
-0.009756175
0.030890487
-0.021134312
0.005808342
0.007692346
0.032047983
-0.016838564
-0.019048195
0.015267472
-0.009514820
-0.009606222
-0.001932368
0.043526265
0.073181617
-0.020870323
-0.021315194
0.010714388
0.041745192
0.046597448
-0.019705071
0.001657001
0.022914260
0.011263192
-0.006420568
-0.003225809
0.020784121
-0.019169916
0.027050178
0.006259801
0.013942906
0.012232568
0.012084739
-0.024317308
-0.021773800
-0.009478744
0.001586043
-0.020817405
0.012861914
0.011120051
-0.015923903
-0.001606426
0.025398191
-0.017391743
-0.030771659
0.008190054
0.011354542
0.000000000
0.000000000
0.025479085
-0.017446914
0.012718772
0.001578532
-0.012698583
-0.055843736
-0.005080451
-0.015398080
0.001722653
-0.008643096
-0.033542421
-0.021779445
-0.016651634
-0.011257155
0.007518832
0.040372455
-0.019982500
0.001833181
