-0.018143817
0.026408760
0.021711183
0.012008226
-0.048923303
-0.025389409
0.022600366
-0.011236337
-0.028655057
0.011561092
-0.015930724
0.031611444
0.011252139
0.013889012
-0.032239230
-0.011460162
0.007178050
-0.014409373
0.018691485
-0.018691485
0.021537612
-0.009993201
-0.007200480
0.046586785
-0.039386305
0.046258486
-0.032013332
-0.022891385
0.011511193
0.037899711
0.002750679
0.019047591
-0.012202338
-0.044638866
0.001425334
-0.014347554
0.027086673
-0.050478527
0.042004990
0.004245743
-0.055166559
-0.015037776
0.034254261
-0.025203958
0.036849402
0.010079738
-0.010079738
0.002889805
0.015749627
0.033522151
0.037740397
-0.007968584
0.048155373
-0.003818908
0.026433087
-0.012500245
-0.012658309
-0.014111587
0.021725031
0.011314012
0.007472404
0.032950280
0.024897390
0.007000454
0.011560906
0.003443144
-0.016167368
-0.007008472
-0.012979453
0.021151243
-0.011696125
0.024406892
-0.041013941
0.013071688
0.040492101
-0.007968529
-0.009185127
-0.031637467
-0.036367746
0.012270182
0.003411179
0.000000000
0.025317824
-0.057893294
0.018372635
0.002597156
0.014166255
-0.023285881
0.011711382
0.068733195
-0.009708977
0.000000000
-0.004889360
-0.022306163
-0.012610270
-0.012771487
0.015305938
0.000000000
-0.025642283
-0.005207845
0.034641419
-0.001261789
0.012547292
-0.021425331
-0.006390415
-0.011605679
0.017996094
0.006348537
-0.025642283
-0.003903423
0.007792831
-0.007792831
0.010376397
-0.010376397
0.005201074
-0.007811791
0.001306294
0.016828507
0.027849513
-0.039470174
0.012903330
-0.016806753
0.016806753
-0.005140907
0.003858238
-0.014221194
0.028242815
-0.003804251
0.003804251
0.011328129
0.013673033
0.008605365
-0.033606527
-0.011457927
0.002558778
0.018974970
-0.044849625
-0.014522939
-0.006670586
-0.006716420
0.018692742
-0.018692742
0.039635088
-0.006497044
-0.014445302
-0.022743937
-0.010884468
-0.024932506
-0.004215777
-0.004233988
-0.022891403
-0.014577622
0.002932274
0.028862063
-0.040642913
-0.005944509
0.004462167
-0.036258520
-0.024924226
0.004721966
0.043017572
0.019359815
-0.037571096
-0.024806291
-0.040038153
-0.011502612
0.035717550
-0.001595913
0.011118882
0.003156095
-0.036894002
0.028987860
0.011050293
0.038494877
0.045764343
-0.010151118
-0.032596919
-0.032137214
-0.003114770
-0.015723703
0.021945561
-0.036311287
-0.004834460
0.016025680
-0.032312583
0.049649560
0.030771671
0.016528974
0.000000000
0.039450591
-0.007189984
0.035440274
-0.012614182
-0.004239791
0.023792873
0.004141902
0.037842350
-0.025521736
0.009477747
-0.005404901
-0.016393461
0.004123233
-0.008265134
0.028633006
-0.023114862
0.020422120
0.048662128
0.019072949
0.021183602
-0.021183602
0.014999962
-0.004974496
0.037924750
-0.003608907
0.026161827
0.020905723
0.033901507
-0.044298993
0.026362003
-0.005672713
0.001136828
-0.024152671
0.025289519
-0.026454305
-0.038008880
0.040336798
-0.028303034
0.053563815
-0.007968645
0.024831910
-0.030563140
0.019352039
-0.019352039
0.006873251
-0.008023154
-0.006927769
-0.021078291
0.057487030
-0.022599838
-0.012650861
-0.010471412
0.005830137
0.027525424
-0.010233288
-0.008032506
-0.041157365
0.019024786
-0.023839202
-0.004835995
0.001211348
0.017996010
0.021177656
-0.022367387
0.000000000
-0.011976125
-0.017010653
0.000000000
-0.007380822
0.021979158
0.037918959
0.003483234
0.028556292
0.000000000
0.029952799
0.000000000
-0.005478868
0.004385549
0.001093319
0.000000000
-0.019868280
0.014389412
-0.023348330
0.015625967
0.002212036
0.021858939
0.019272480
0.034396016
0.031268227
-0.021074388
0.032921292
0.006845147
0.003891681
0.028710289
0.013120310
-0.031207580
0.014305819
0.022473582
-0.014926252
0.030544595
0.007268126
0.009905535
0.000000000
-0.030018403
0.004606624
0.064942833
0.020462321
0.021697833
-0.010794675
0.011620815
0.001650340
-0.025019279
0.000000000
0.012583334
0.000000000
-0.018518722
0.019353234
-0.015110033
-0.007641451
0.024418315
-0.009193255
0.014168431
-0.009975013
-0.010930521
-0.001693837
0.010110354
-0.002520233
0.024083019
0.013035075
-0.064375834
0.018819786
0.009278773
0.025693504
0.009772920
-0.004055167
-0.022218002
-0.006675030
-0.016047522
0.024386823
-0.016748948
-0.003387351
-0.027492029
0.068987229
-0.008162455
0.025899202
-0.030825317
-0.009102067
-0.019161975
-0.037468754
0.018909855
-0.045625347
-0.034191776
-0.004841853
-0.035577415
-0.004031671
-0.009132715
0.005083590
0.023059198
0.019627870
0.022105090
0.000950038
-0.005714765
0.017984640
0.000937567
-0.010362849
-0.029795325
-0.021696858
0.007944497
0.007882123
-0.012840310
0.042808452
0.009478880
-0.017127164
0.020893210
-0.026668477
-0.020478376
0.017578667
0.035191781
0.010227830
0.017421610
0.013547789
0.016010792
0.005286828
-0.015042968
0.018542493
0.027610809
-0.016299655
0.010327853
0.016133525
0.030698087
0.010566331
0.018423229
0.003163897
0.018033313
0.017713770
-0.000764347
0.004577719
0.005305991
0.023916486
0.000738953
-0.007406551
0.002230117
0.008863303
-0.018555330
0.000000000
-0.042070798
0.005450688
-0.012505002
0.003145227
-0.009465713
-0.025661924
0.001624958
0.002432346
-0.013845166
-0.003289955
-0.003300917
0.007402766
0.007357361
-0.008169254
0.000811893
0.006542522
-0.002448508
0.004068334
-0.008162348
0.005727019
-0.009005414
-0.000823453
-0.008263486
-0.050204834
0.016440603
0.000000000
0.004287091
0.005961615
-0.002554647
0.000852310
-0.002549574
0.019434992
0.002500563
-0.016833613
-0.018852023
0.015447345
0.023574766
-0.002501338
-0.004173733
0.000838033
-0.005880823
0.016693107
-0.000819859
0.009072038
0.000000000
0.006544166
-0.023108066
0.004169039
0.019755197
0.026539153
0.000794154
-0.007161066
-0.003203201
0.019836170
-0.014246216
0.007935800
0.007881793
-0.017414043
-0.013656290
-0.012213190
-0.029920426
0.000000000
0.035642865
0.020945635
-0.007201224
-0.015376083
-0.053611793
0.001711963
0.005146506
-0.013773665
-0.016598618
0.019197370
-0.009552781
-0.005244773
0.005244773
-0.000873667
-0.007008868
-0.013283795
0.029853647
-0.049656088
-0.007297331
-0.013831912
0.014746939
-0.005505048
-0.003685985
-0.009276641
0.001862156
0.022987822
-0.009130356
0.001833025
0.019947041
-0.019032014
-0.025012956
0.009337044
-0.000929606
-0.000930702
0.007421478
-0.000924563
0.012867306
-0.000913469
0.010007386
0.022374762
0.000000000
0.004409808
0.000881360
0.008763229
0.006954029
-0.002596135
0.005194887
0.000864824
-0.008672232
0.028339942
0.004219690
0.009241243
0.002496386
0.000000000
-0.001669681
0.027173186
0.012917659
-0.017799615
0.040785645
0.009361323
0.032094679
0.020830063
-0.017082232
-0.006008251
0.018658122
0.022676356
0.012213382
-0.020198753
0.000000000
0.007985372
0.005045756
0.005736641
0.010675199
0.014053523
-0.002097702
-0.004904372
0.003511079
-0.003511079
-0.016295663
0.016295663
0.036426141
-0.011200139
-0.000704745
0.044764346
0.000000000
0.010045536
0.006643745
0.030652912
-0.022736737
0.001971055
0.013675820
-0.042276608
-0.012224709
0.014915402
-0.002015506
-0.003380585
-0.022580259
0.031338774
-0.015546586
-0.022038692
0.009013601
0.019813163
-0.027433463
0.022688875
0.016184859
0.005334874
-0.004665476
-0.006713578
-0.006751499
0.050859444
-0.008407264
-0.027657077
0.029597975
-0.005196152
0.028261033
-0.009540529
-0.003847480
0.022845203
-0.000628079
0.007505238
-0.031008126
-0.016846031
-0.017141846
0.007287118
0.018958155
-0.024915088
-0.006661419
0.015909183
-0.014243618
-0.008219891
-0.086134801
0.022970654
-0.037313490
0.011345106
0.001495814
0.002251941
0.017082294
0.000000000
-0.018582994
-0.028916493
0.003078720
0.012245613
-0.015324333
0.019872746
0.009794424
-0.002997730
-0.025896748
0.003076346
-0.007721293
0.015383243
0.000000000
0.000000000
-0.016936427
-0.010137296
-0.021407499
0.001602825
0.011922925
0.014914267
-0.010177730
0.012505102
0.022288123
0.026981871
-0.013399980
0.008955907
-0.006707342
-0.023457395
0.007626939
0.003787467
-0.003027190
0.015818608
0.001495091
0.032307819
0.026377556
-0.004935337
0.000707688
-0.004253491
0.006373471
-0.003535857
-0.016411813
-0.007219452
0.015816005
0.020470765
0.001398001
-0.034064601
0.021426972
-0.007804244
-0.010023447
0.019947670
-0.002827668
-0.000708189
-0.021457574
0.012213466
-0.015838972
-0.024238840
-0.022554851
-0.004577781
0.027132632
-0.007461990
-0.000750025
-0.017392421
-0.000763761
0.000000000
0.000000000
0.014405521
0.008242746
0.006692274
-0.005953815
0.014074952
0.015322119
0.033468815
0.000000000
0.009063634
0.022642072
-0.021947723
-0.010459225
-0.004217728
0.022957340
-0.005515006
0.008264918
-0.014507037
0.000000000
-0.013307884
-0.041764296
0.016046712
-0.014575787
-0.014054030
0.024274625
-0.004366298
0.025227577
0.014835160
-0.022694993
0.002860304
0.002859910
0.012754085
0.007716680
0.000000000
0.011813860
-0.019530541
-0.007066322
0.014783003
-0.043558723
0.028065603
-0.009980023
0.012817637
-0.002837614
-0.027335196
-0.002924752
-0.060306388
-0.017241639
0.034955472
0.000000000
-0.003819512
-0.019344921
-0.003909289
0.019411772
-0.007721293
-0.012475902
0.015574960
-0.014013355
0.000000000
0.054895845
-0.007445129
0.000000000
0.019973660
0.015274684
-0.007976079
0.009411414
-0.002880768
-0.000723544
-0.008715236
-0.026611100
-0.007518001
-0.006813915
-0.001522560
0.023316466
-0.005215021
-0.009009765
0.014224786
0.052857777
-0.020668178
-0.001442318
0.019990515
0.014033679
-0.031141551
0.014274194
0.016169534
0.006255150
0.000000000
0.002078976
0.013734897
0.025593686
0.000000000
0.005964795
0.014435770
-0.006535250
0.014323056
-0.020240772
0.005917716
0.001967293
0.015585763
-0.001936763
0.003218752
-0.002572722
0.015995100
-0.015995100
0.000000000
-0.016262323
-0.013865315
0.015177274
0.000000000
0.009770553
-0.003895340
-0.007187171
-0.006578162
0.006578162
-0.003287291
-0.013243715
0.003995876
-0.013374989
0.008043598
-0.004010064
0.032959096
-0.003243844
0.005189476
0.009022460
-0.007080759
-0.002589825
-0.009103422
0.002606305
0.010379420
-0.012985725
-0.007874496
0.006565191
0.000000000
0.000000000
-0.009867814
-0.013305441
0.000670254
0.032267184
0.022430777
0.027501355
0.026164405
-0.015123917
0.009100383
-0.022605601
-0.012443440
-0.021499582
0.017741082
-0.015829978
0.020840545
-0.000625838
-0.006903110
0.023034734
-0.013006493
-0.021425296
-0.005106545
-0.013534692
0.019915616
-0.016032825
-0.008440153
-0.043295593
0.030834528
-0.020672650
-0.009480676
-0.004770498
-0.002054786
0.002731262
0.020289804
-0.023021066
0.006825284
-0.017154921
0.015110005
0.022245399
0.000000000
-0.008032899
-0.032089723
-0.028870238
0.039908158
0.008884220
0.013512067
0.017961793
-0.013270088
-0.031901083
-0.030102754
0.028029606
-0.039469806
0.014274194
-0.004257840
0.031526600
-0.004150521
0.004150521
-0.003457611
-0.061358192
0.018380143
0.001487379
0.006657696
0.004419368
-0.058194576
0.003878781
-0.034703434
-0.016179704
0.000000000
0.013766715
0.001609337
-0.036814400
-0.018503343
-0.013670096
0.037165894
0.029407014
-0.032732610
0.002495281
0.012365293
-0.014028185
-0.016762885
0.010093240
0.007501437
-0.008339398
0.041822759
0.011979277
0.003164019
0.000791579
-0.001583784
-0.004758045
0.022035259
0.021551664
0.014364620
0.000751268
-0.017405605
0.012898082
0.028961956
-0.032740721
0.017248869
0.021337067
-0.014669408
0.005896785
-0.008850264
-0.021720483
0.037885329
-0.017648829
0.021282022
0.007235145
-0.010139052
-0.002189540
-0.008798375
-0.017832360
0.010442159
0.023460449
-0.014597100
-0.014813422
-0.019596547
-0.000762046
-0.006109086
0.007632773
-0.015324253
-0.006202907
0.020765519
-0.003051763
0.007603873
-0.027645069
0.012379237
0.000000000
-0.027293419
-0.011922965
0.018233317
-0.010265950
-0.030626591
0.021056427
-0.027622047
0.000824164
0.002468518
0.016285167
0.021569959
-0.041972651
0.013108122
-0.015586837
-0.025103289
0.017639158
0.038389737
-0.015338768
-0.015586837
0.069432141
0.044487863
-0.011126486
-0.009734685
0.078881727
-0.041926687
-0.076120401
-0.043205428
0.038499770
0.038580812
-0.021419877
-0.042659151
-0.029488259
0.031093978
-0.021167595
-0.003300833
-0.009959366
0.023089016
0.016166611
0.030791705
-0.017255069
0.003162652
-0.002371074
-0.003161511
-0.017600256
-0.037834529
0.003350541
0.005827522
-0.016748927
0.005891327
0.040321698
-0.009725163
0.000000000
-0.002448393
-0.017290543
-0.005000778
0.020655690
0.001635630
-0.010670483
0.000825524
-0.005784168
-0.022646457
0.014320864
0.003333137
-0.001669738
-0.023645196
0.024480366
-0.027050490
0.024551921
-0.014320864
-0.009373516
0.043554951
0.008162446
0.032008007
0.039435307
-0.027005981
0.036948047
0.018783732
