-0.001356598
0.048578951
0.033899463
-0.010681731
0.006504358
-0.014750624
0.018302817
0.001874445
0.047540866
0.008493798
-0.039523956
0.048729869
0.022739535
-0.005347734
0.008201821
-0.030476875
-0.000981934
-0.005704417
-0.017907384
-0.034933757
0.020581016
0.017359513
-0.019402383
0.028571847
-0.028571847
0.033711161
-0.019522351
0.003013480
0.024961506
0.017259774
0.009571358
0.007588353
-0.012359795
0.015191394
0.017378539
0.000372297
-0.001851582
0.011983485
-0.028069353
0.007511244
-0.002619354
-0.024500211
-0.004046034
-0.052309749
0.022924832
0.034773754
-0.011004969
-0.027754904
0.044119897
0.015915503
0.031456733
-0.004199835
0.008017713
0.003439945
0.012582351
-0.012582351
-0.030476001
0.005577394
0.021458662
0.016911268
-0.001071154
0.003209826
0.032060224
-0.015985760
0.007153721
-0.018608317
0.029166309
-0.012124541
-0.009098855
0.006136055
-0.016383781
-0.004094978
-0.005725360
0.018658801
0.017108032
-0.022934827
-0.029834984
-0.019527165
-0.007096918
-0.000447080
0.008819987
-0.001868942
-0.025029919
0.021839270
0.018427704
-0.022946515
-0.031241836
0.027651676
0.024875477
-0.004254525
-0.034161113
0.009554868
-0.019585843
0.015011780
-0.016368118
-0.000781027
-0.028777777
0.027225806
-0.020450912
-0.006774894
-0.015320771
0.003448673
-0.018587034
-0.005582481
0.001448231
0.018461904
0.010113347
-0.035431140
-0.020215527
-0.004265338
0.031752815
-0.027697849
0.038197094
-0.027619205
0.008389964
0.022700596
-0.024581327
0.010610727
0.000620659
-0.015633460
0.008366193
0.061042051
-0.034735617
-0.004402044
-0.014602051
0.016698524
-0.026557046
0.030743089
-0.007966878
-0.006758798
0.000425796
0.005701534
0.000208513
-0.017842452
0.013411520
-0.034857258
-0.019005993
0.000890215
-0.005816278
0.009155265
0.012145809
-0.010593941
0.041935278
-0.011775420
-0.032825833
-0.008263200
-0.013550448
-0.014428176
0.021903704
0.022315054
-0.013551987
-0.026984976
0.015733990
0.010357943
-0.021730118
0.006841692
-0.011658583
-0.021616286
-0.008494517
-0.007134389
0.020312487
0.056599826
-0.045201177
0.023987597
-0.089440615
0.004927373
0.018978653
-0.037821267
0.014411337
0.012263427
-0.020438922
0.039988292
0.026881986
-0.010292349
0.019325427
-0.022383829
-0.008289291
-0.019686096
0.026318799
-0.014272423
-0.014231124
0.004604319
-0.018552867
0.028898100
0.014969996
-0.008048704
0.036645481
-0.000226845
0.001374474
-0.007355085
0.047954903
-0.001319752
-0.011957531
-0.018889792
-0.009807216
0.013661193
0.003386559
-0.026723167
0.006920538
0.021153967
0.000452335
-0.010857487
0.018696134
-0.005593691
-0.063718309
0.006438636
0.037331100
0.006163582
0.035981233
-0.030085955
-0.013667612
0.011405018
0.011948618
0.000221792
0.009810534
-0.008467364
0.024967645
0.003045792
-0.009395909
-0.002856480
-0.007293685
-0.013850983
0.003368147
-0.004941563
-0.041162216
0.020216794
0.009615443
0.048256281
-0.043482847
-0.034373142
-0.031468807
0.056959044
-0.010119856
-0.007886234
-0.027395005
0.020853687
0.011650437
-0.006038999
-0.045066447
-0.022696952
0.053300745
0.015878271
-0.012882814
-0.034739043
-0.019544576
-0.010850687
0.016094932
0.000000000
-0.026524270
0.006695473
0.026091756
-0.006262959
0.008344579
0.006211076
0.002319353
-0.003868378
0.004894976
-0.002054076
-0.000773256
0.010771985
-0.001792471
-0.003325047
0.010962642
0.048756415
0.024572509
-0.011849460
0.017257874
0.012113420
0.007847696
-0.000461886
-0.021611221
0.000472054
0.016299889
-0.008350849
0.000468017
0.000230517
0.001395765
0.037858621
0.002682118
-0.011449229
0.012566880
0.014391017
0.032645694
0.017290770
0.008332265
0.043013346
0.012829072
-0.001571834
-0.002359578
0.007647959
0.009141385
-0.007969889
-0.012760191
-0.025216423
-0.004674322
0.047520956
0.013113531
-0.002682683
0.022983197
-0.031086577
0.013083178
0.021754133
0.020367231
0.001648738
0.001832033
0.001456752
-0.022132996
-0.007672012
-0.015534466
0.011579909
0.054877578
-0.021665445
0.000366604
0.003644299
0.023179489
0.002304732
0.011102357
0.015820492
-0.044259994
-0.005609109
0.003079692
0.013643009
0.038823006
0.001203372
0.009885881
0.003555954
-0.016190359
0.013483894
-0.030113347
-0.017619765
0.008851390
0.038881722
0.000843634
0.019121649
-0.001660971
-0.009868802
-0.025533327
-0.019323778
0.001933731
0.000000000
-0.003337200
-0.007420397
-0.020244306
-0.013846963
0.005850845
-0.003102096
-0.004219376
0.046319493
0.000000000
0.019116157
-0.021397576
0.023630867
0.005482098
-0.027531739
0.004204480
-0.001574646
0.016669999
0.016564216
-0.007482252
0.011032795
-0.006262575
-0.017651507
0.021039073
-0.015691174
0.000685985
0.017034409
0.025022180
-0.007271808
0.021792867
0.012251350
0.006557934
-0.015815868
0.004805807
0.012480080
0.011198644
-0.022355856
0.010344152
0.009267524
0.007415342
0.013879190
0.000475094
0.010397034
-0.006447612
-0.000946771
-0.012870614
0.001917246
-0.001917246
0.000163070
0.010023075
0.013364501
-0.020834069
0.000320358
0.020199806
0.035308324
-0.032654320
0.007452513
-0.018419108
0.012988998
-0.010944422
-0.001571998
-0.015876589
-0.006259543
-0.013450138
-0.005399805
-0.019382560
0.003671578
0.001164247
0.006307752
-0.013489971
-0.014016213
0.001192869
-0.009727726
0.048371646
0.041292592
0.002503772
0.021050012
-0.024179679
-0.020768004
0.001282317
-0.019711472
0.004721990
0.021209129
-0.002550137
-0.003991157
-0.006260485
0.014864759
0.000475772
-0.018887891
0.002740141
0.021050226
0.012079144
-0.006885103
-0.007877081
0.022682134
-0.003407201
0.002478746
-0.009178062
0.015968604
0.000765698
-0.022059519
-0.002514794
0.006901914
0.002343184
0.028913503
-0.009595778
-0.006296261
-0.004937296
-0.002482663
-0.028163328
0.001750766
0.006830355
-0.009538969
0.024455472
-0.034735109
-0.012178454
0.008948505
0.014467434
0.001435372
-0.006879240
-0.035274886
-0.045047220
0.008482432
-0.001376942
-0.008499373
0.004347176
0.011716987
-0.022352298
0.011846472
-0.017465908
0.011040124
0.003132186
-0.030878291
0.040732202
-0.037330156
-0.018928037
0.008513292
0.012197149
0.007989314
0.026179605
0.011474025
-0.011991099
-0.007265281
-0.016806913
-0.002476696
0.014061772
-0.012114907
-0.000885360
-0.014241729
0.022166279
0.008906081
-0.000172107
0.002433133
0.015490784
0.014073051
-0.003035937
0.033065570
0.015084300
0.004173359
-0.006271676
0.004668907
-0.022244626
0.000167407
0.062515255
-0.003243420
-0.002169786
-0.007783606
-0.006423876
-0.015211778
0.013795641
0.000944488
0.000627510
0.006895880
-0.008467878
-0.027784160
0.011110252
0.000797318
0.007969776
0.037387336
0.019532867
-0.005263469
0.014367248
-0.003572556
0.002979406
-0.000146985
-0.008215327
0.007170605
-0.017869133
-0.001669898
0.011319965
0.010003921
-0.010602787
-0.021862114
-0.013289808
-0.001400812
-0.000621799
0.008997850
0.008306526
-0.001227975
-0.013120901
0.005115186
0.009385263
0.021365910
-0.011458091
0.015650343
-0.007192021
-0.013475318
0.008953833
-0.007583206
-0.008865587
-0.006781125
0.008622283
0.004889836
0.010469769
0.004369341
0.001950340
-0.005563769
0.008560677
0.006408157
0.010350528
-0.016310327
0.001344315
-0.001644754
0.001049008
0.000743598
-0.016096100
0.018332337
0.007273643
-0.021972364
0.012166906
0.001937537
0.013908223
-0.014950372
-0.003586426
0.013383151
0.007355416
0.000879479
0.002782455
0.003788153
0.004791530
-0.003626345
0.014719000
0.016904017
0.001966996
-0.001688244
0.024481107
-0.017745164
-0.132929047
0.021021662
-0.055143737
0.045240340
0.029572559
-0.013899832
0.009288176
0.000000000
-0.002156425
-0.010243868
-0.003126510
0.002967305
-0.003592024
0.015846276
0.014533201
-0.007162211
0.011255384
-0.017549499
0.011787008
0.004854410
0.000000000
0.007395247
0.008531195
-0.011995749
-0.017496067
0.005968365
-0.001374278
0.006091424
0.018615117
-0.001528690
-0.008614093
0.008917381
0.003973993
0.006079295
0.000304775
-0.021441801
-0.001547739
0.022989540
0.001212782
0.022148582
0.026726633
0.004313898
-0.007201779
0.000866749
-0.012787435
0.005107527
0.007827237
0.017743695
-0.006831788
-0.008316305
0.009459591
0.044909187
-0.019835434
0.003196089
0.025734657
-0.013470709
-0.016574907
0.015205564
-0.006606129
-0.001658362
-0.007914976
0.017137747
-0.002605670
0.003016733
-0.020061445
-0.007998366
0.009117127
0.006816003
-0.000278639
-0.008356633
-0.000839463
0.033180754
-0.004751889
0.004886054
-0.004886054
-0.005595141
-0.011144223
0.000414986
0.003177207
0.030814588
0.000000000
0.006794314
0.000000000
0.002386931
0.000659206
0.007650319
0.038649738
-0.023918171
0.000908078
-0.023687022
-0.004243667
-0.003332604
-0.018176280
-0.003675222
0.006301123
-0.009800639
0.016915714
-0.003278163
0.006953448
0.014836384
0.005606810
-0.018268937
0.002437394
0.012899841
-0.000536804
0.000000000
0.002401671
-0.005343531
-0.005372066
0.026186956
-0.013338823
-0.005199800
-0.016443631
-0.001223774
0.004207461
-0.011034925
0.008866256
-0.019608593
-0.010019586
0.003493265
0.000000000
-0.000836608
-0.009671327
-0.015473862
0.032371099
-0.017603214
-0.010768028
-0.021895020
0.004794166
0.000000000
0.029558786
0.012863282
0.000000000
0.008159531
-0.015688730
0.009747904
-0.001802013
-0.001250422
-0.013296657
-0.013617194
-0.006878793
-0.003024358
0.008187792
0.004141725
0.001708138
-0.014180478
0.000000000
-0.006225470
-0.001307229
-0.005097307
-0.006595688
0.008784634
0.005669039
0.001447133
-0.000143597
0.021056603
-0.002128515
0.000000000
-0.005983703
0.004132676
0.022951005
0.000000000
0.018861724
0.004007377
-0.001104879
0.007289183
-0.012544545
0.002909239
-0.005271943
0.012438089
-0.004542711
0.013974747
-0.030387618
0.000000000
0.029570993
-0.006146251
-0.002057231
-0.018426492
0.015126128
0.000000000
0.022202174
-0.016709099
-0.005356651
-0.000963133
0.018845255
-0.002438015
-0.024575381
-0.023199775
-0.004276514
-0.021368118
-0.011448795
0.028379912
-0.010676551
-0.008740044
0.001609521
0.009737691
0.003323130
0.004173680
0.027612347
0.001394162
-0.012068368
-0.009074091
-0.013626622
0.012771683
0.002276977
-0.023021127
-0.000143960
-0.000729701
0.011009942
-0.001440447
-0.003903818
-0.007708907
-0.017820611
-0.014970980
0.010650504
-0.005234708
-0.004664938
0.026040328
-0.006041142
-0.009947294
0.010687388
-0.003403143
0.017328917
-0.005255405
-0.013554766
-0.012392425
0.005841479
-0.008399856
-0.024542807
0.024090821
-0.019627767
-0.009415814
-0.001084803
-0.014073738
0.014073738
0.016933403
-0.004590772
-0.005689316
0.006149410
-0.005224477
-0.002161340
0.035653441
-0.001494413
-0.007189996
-0.033943203
-0.017252117
-0.009538947
-0.008663534
-0.013956207
0.008138485
0.036127028
-0.026131834
-0.021408516
-0.000162495
0.001312580
-0.033131633
-0.003560847
0.002377121
0.031363495
-0.027304811
0.018396836
-0.003984709
-0.039535097
-0.004856058
0.020143486
0.007975707
0.016770901
-0.044890093
-0.033605255
-0.027903809
0.025202263
-0.022061220
0.002761609
-0.011650581
-0.021433504
-0.002666117
-0.012077076
0.029834074
0.007084546
-0.016110566
0.015368642
0.011098997
0.047775123
-0.006503132
0.004538726
0.031181133
-0.030095727
0.006126449
0.022742277
-0.004754022
-0.011716834
-0.008970403
0.000540269
0.020676286
0.042138712
-0.023267012
0.017502166
-0.012322540
-0.000516736
0.024674031
-0.004042492
0.018063819
-0.000994997
-0.009502486
0.005012503
0.003493842
0.000498220
0.010896437
-0.009403519
0.008417890
-0.005934720
-0.027660744
-0.019568108
0.001039472
-0.037580470
0.016051749
0.021528722
-0.017291492
0.002111874
-0.015949233
0.006410262
-0.025345119
0.021610672
-0.021610672
0.009782689
0.032981763
-0.009463849
0.011554694
-0.011554694
-0.015974767
-0.003764406
-0.007028923
0.009181716
-0.002152793
-0.003238014
-0.016898765
-0.005512763
-0.007212204
-0.001671672
0.028589008
0.007021331
-0.002155113
-0.003241623
0.023001989
-0.023001989
-0.010334425
-0.000546992
0.027964546
0.002675878
-0.017794992
0.048842063
0.023048283
0.000506301
0.002022133
0.066903219
0.020571080
-0.033407040
-0.012033830
-0.015125855
0.051735710
0.018960059
-0.001375287
-0.004597640
0.019621936
-0.005891809
-0.022989453
-0.004662038
0.027651491
-0.011428640
0.063244587
-0.007364130
0.011670792
-0.013847060
-0.021582016
-0.007597674
-0.010825721
0.018423395
-0.016158353
0.003162445
0.016995005
0.023664619
-0.022778009
0.013641509
0.007402655
0.000433743
-0.004781599
0.012126595
0.000860581
0.010695323
-0.012417314
-0.014757052
-0.005700580
0.014407514
0.007341912
-0.001722645
-0.012142327
0.006089593
0.028640460
0.002525412
-0.012264971
-0.021506230
0.000434730
0.018941628
-0.002562031
-0.018990595
-0.003054799
0.028013074
0.032611512
