-0.010907393
-0.004663555
0.041849846
-0.007391997
-0.018558265
-0.004611255
-0.006624776
-0.006000067
0.016907459
0.018886902
-0.032789773
0.000000000
0.062974892
0.044982245
-0.032231398
-0.014317175
-0.006604698
0.024623291
-0.014888629
-0.020521596
0.012048213
-0.002208458
-0.024945496
0.015105741
-0.028471736
-0.015878545
0.000333349
-0.033901651
-0.071458898
0.027398933
0.030870084
0.015006569
0.010657225
0.005637929
0.003157364
0.001749627
0.001397650
-0.018323122
-0.029594443
-0.042655239
-0.025553089
-0.009852225
0.005922916
0.001573761
-0.013455011
0.008726826
0.003154424
-0.030377953
0.010094905
0.037844507
0.003090138
-0.001930248
0.033811400
-0.016572866
-0.012612463
-0.005012593
-0.009320586
0.023140392
0.028933241
-0.003710607
0.014394035
0.050376756
0.004866057
-0.030988250
0.000357482
-0.012230324
0.018289866
-0.017566148
-0.028243218
-0.001116874
0.013318740
-0.004050742
-0.023899528
-0.007968153
0.001902863
0.027378403
0.002955436
-0.016738456
-0.021995494
0.099206669
0.028411873
0.084730649
0.027524786
-0.059023357
-0.006420582
-0.008084197
-0.000324561
-0.004557487
-0.017443087
0.005958207
-0.009950194
-0.023609972
0.000000000
0.006463644
-0.008513599
-0.003082596
-0.029239789
0.025803297
0.010614659
-0.023781845
0.005911881
0.030056950
-0.000673115
0.010050483
0.024692501
0.008097220
-0.031124589
-0.005673298
-0.034732715
-0.016067516
-0.026040334
0.026040334
-0.010619499
0.005323752
0.019282096
-0.024605847
-0.009295796
-0.034719338
0.004822792
0.013965741
0.005096534
0.016207722
-0.002145810
-0.001791788
-0.020290729
0.018495763
-0.022897749
0.035395489
-0.006407962
-0.004653639
0.028997791
-0.039095121
-0.017919792
-0.003696772
-0.016054321
-0.004904634
-0.011028783
-0.013474781
-0.011303834
0.002740147
0.018206976
-0.006602192
0.002359464
-0.019033077
-0.013298561
0.008080822
-0.024853522
-0.033133738
0.010604592
-0.019169878
-0.018667792
-0.023050747
-0.003593900
0.008068234
0.020765149
-0.024342975
0.001343115
0.005354867
0.021572448
-0.016689084
0.018429777
0.034191282
-0.035061409
0.030428994
-0.066313232
0.028897482
-0.014122103
-0.045462445
-0.009815349
-0.012763108
-0.012928063
0.000000000
0.011976084
-0.028987428
0.018937203
0.021884726
-0.024775158
-0.037350529
-0.017172164
-0.007157559
-0.016554927
-0.007855539
-0.012166179
0.005837034
0.031252430
0.002560905
0.022757049
0.032951073
0.018217065
0.052290530
0.020968879
0.034710651
-0.054327849
0.017407272
0.016674255
-0.016231897
0.014925719
-0.006557525
0.006557525
-0.033225674
-0.007233221
0.031705906
0.011363960
0.011665669
-0.036303902
0.019846164
0.096500355
0.017685713
-0.027247471
-0.040855420
-0.004597607
-0.020313936
0.015274018
-0.004642367
-0.012343160
0.010649766
0.028818094
0.014712051
-0.026723220
0.012422584
-0.017435090
-0.034941741
0.011640612
-0.038004127
-0.058678603
0.015460700
0.016597867
0.050378385
0.008657985
0.015397970
-0.015397970
0.052886845
0.021036365
0.031523622
-0.004276151
0.063759176
0.005103729
0.012647114
-0.028406945
-0.079550265
-0.025933338
0.019915319
-0.029816319
-0.029878157
0.003411478
0.009322160
0.010488780
0.012030885
-0.039963254
-0.024767693
-0.002202232
0.005715544
-0.000438478
-0.002195463
0.000000000
-0.003963781
-0.029558802
-0.027651624
-0.004683808
0.013986361
-0.004640484
0.032039452
-0.018641000
0.028056083
0.036797806
0.010269548
0.048202176
0.053319615
0.023190523
-0.021269390
0.009551286
0.007953152
-0.006053913
0.005676566
-0.036507493
0.044026258
-0.015855357
0.063396300
-0.013302335
-0.019737513
0.008402489
-0.027378446
0.010590185
0.037656716
0.033140326
0.046902298
0.023141632
-0.017804746
0.004646657
-0.070294693
0.003900090
-0.013896596
-0.055703052
-0.021860936
0.042139457
0.022059747
0.013723548
0.019535417
-0.006705588
-0.033852701
0.019227913
0.033218592
-0.030348186
-0.030189521
-0.020142480
0.058539049
-0.048044168
0.017006044
-0.011799774
0.002593217
0.029526358
0.015681091
0.039179870
0.016858102
-0.022313121
-0.005485188
-0.035693155
0.023936414
0.000000000
-0.017544290
-0.039348181
0.012076942
0.014804414
-0.062867201
-0.027080919
-0.016209120
-0.020536255
-0.017648713
0.010298762
-0.012371329
-0.007496934
0.010810949
-0.011647465
-0.035345385
-0.033946337
-0.006749273
0.005852053
-0.000449051
0.015151852
-0.005321444
-0.018398576
-0.009556297
0.008650040
0.009474426
-0.007662732
0.018826158
0.056121750
0.015826945
0.000000000
0.002064097
-0.023363539
-0.005502786
-0.028413401
-0.026998683
-0.009013250
-0.017812645
0.009174309
0.011350777
0.025408198
0.032051168
0.013548133
-0.013974328
0.095503843
-0.002328176
-0.016451736
0.008651402
-0.001567403
0.000000000
0.039220593
0.014227165
-0.016114144
0.021674784
-0.005188864
0.001114113
0.000742002
-0.009316191
0.014864796
0.009910053
0.031988319
-0.002479183
0.024519655
-0.027360428
-0.020841673
0.019418144
-0.009662070
-0.013758255
-0.006950826
0.096510831
0.104360164
-0.052400335
-0.000949870
-0.013714128
-0.005474273
0.004188988
-0.003220658
0.018220070
-0.034480607
0.040480975
0.038602819
0.019796748
-0.009249668
0.003292118
-0.009908704
0.017053615
-0.041798936
0.012907408
0.013947927
-0.020995704
-0.026485456
0.025870291
-0.009273568
-0.032831296
0.002884180
0.031498598
-0.001551483
0.015102669
-0.001224305
-0.028267209
0.003773731
-0.027364214
0.017586322
-0.007955466
-0.031151049
0.018289163
-0.021590698
0.026433221
-0.008408738
-0.006843731
-0.000327015
-0.007552201
0.014073206
-0.008157990
0.022996884
0.039860990
-0.015504298
0.027736934
-0.019954722
-0.018464029
-0.006654977
-0.004461494
0.009219629
0.025926796
0.018937733
0.013523711
-0.018072648
-0.007627840
0.010662627
0.017125224
-0.004179092
-0.043717853
-0.041798914
0.000325804
-0.001303717
-0.038229815
-0.055027869
-0.013698737
-0.000363062
-0.008020445
-0.025580732
-0.026637764
-0.040131187
0.024584974
0.015931814
0.008063095
0.003816770
0.021481856
-0.000746031
0.000000000
0.000000000
0.000000000
0.000000000
-0.043468543
0.020826115
-0.125061409
0.005176948
0.008995612
0.039302703
-0.006169048
-0.024641142
0.008421041
-0.034118376
0.001300743
-0.025451209
0.020673612
0.007805788
-0.028035030
0.005956718
0.000000000
-0.020202705
0.001812421
-0.001359031
0.028158445
0.013569893
0.000869145
-0.024182327
0.033693709
-0.005609415
0.001297324
-0.003463218
0.047426439
-0.015840315
-0.025533296
0.052477869
-0.004098338
-0.018235041
0.014119838
0.040013362
-0.029348874
0.027762826
0.022367043
-0.001942192
0.016962722
-0.010374747
-0.001159364
-0.023079506
0.024625027
0.007692449
0.006872823
-0.023874912
0.023874912
-0.018046218
0.015760535
0.012883771
0.014205930
-0.009698019
0.018199128
-0.012965570
-0.005608423
-0.008283090
0.003773485
0.007878417
-0.063642013
0.020107168
0.014883234
-0.000773525
0.027848432
0.004879045
0.013018520
-0.004073233
-0.004835529
0.031562341
0.023564083
0.002818858
0.012935064
-0.008371256
-0.003508683
0.003508683
-0.025542336
-0.013748462
0.023403421
0.008151676
0.000705835
-0.003887602
0.010917467
0.006284886
0.009698797
-0.009002786
-0.005930610
0.007320968
0.024362163
0.017473475
0.004652785
0.007925878
-0.004285380
-0.008626420
0.029225483
-0.008123575
-0.005233878
0.000000000
0.032271385
0.004435937
-0.014008419
-0.035240270
0.004638842
0.034121850
0.014904472
-0.005998560
0.007885348
0.015277024
0.033468219
0.058968675
-0.018505759
0.012564393
-0.002557308
0.003691580
-0.036073594
-0.101352559
0.039533354
-0.039533354
0.032632540
0.028852545
-0.006135048
0.036257940
0.000000000
-0.004461100
-0.029645278
0.010081062
-0.000912377
0.005763821
-0.006981339
-0.014728707
0.003086404
-0.080505066
-0.019562222
-0.019257783
-0.021408001
0.000000000
-0.007477446
0.000714588
-0.014026469
-0.014961086
-0.018928023
-0.005259178
-0.016328411
-0.010390738
0.013067131
-0.018108867
-0.000777839
-0.021235549
-0.003184804
0.016607819
-0.004323120
-0.024722066
0.022750856
-0.020734414
0.004422183
0.000000000
-0.012106739
-0.039334301
0.001687746
0.007559824
-0.002513654
0.000419510
-0.023330894
-0.030945946
0.000000000
0.059295530
0.030404999
0.013665721
-0.018127322
0.018925460
0.022871713
0.005830847
-0.002328205
-0.013690847
0.001574207
-0.013460214
0.010309399
0.042477496
0.018727106
-0.015330379
0.004136183
0.042606541
-0.002159934
0.024912468
0.016039274
0.038675187
-0.030407779
0.013628822
0.015780074
0.000333061
-0.017806536
0.007429892
-0.007091066
0.004058198
0.002359753
0.000000000
0.021649414
0.038460098
0.029983373
0.030006867
0.011873000
0.022466303
0.007473528
-0.046601804
-0.009950385
-0.023299578
-0.007159701
-0.022430200
0.003189908
-0.010565226
-0.003869748
0.008045148
-0.018438246
0.028007610
0.041050665
-0.033145466
-0.019399486
0.004805331
0.014594155
-0.030378025
0.000000000
-0.022325246
0.032982499
-0.027024203
0.021548352
-0.004856708
0.005179658
-0.014636769
0.024916287
0.031149293
-0.008711909
0.000000000
-0.045062685
0.012345784
-0.014964448
0.000000000
-0.040467028
-0.018254324
-0.028916042
0.054650890
0.002368432
-0.034029755
0.024863136
-0.002732212
0.000000000
0.096118092
0.021816883
0.000000000
-0.009160379
-0.018888927
-0.003758120
-0.027677971
-0.010050351
0.000000000
-0.027752065
-0.023386965
0.009216686
0.043550203
-0.004564729
0.028987469
-0.022148132
-0.003576711
-0.021067311
0.027560836
-0.015655894
-0.033765517
0.006439599
0.016750919
0.018107318
0.027354892
0.012618489
0.000626804
0.000000000
-0.008165580
0.039245248
0.009726408
0.000000000
-0.023256888
-0.008081993
0.029522349
0.000000000
-0.011888465
-0.009551892
0.007402936
-0.002769643
0.017715757
0.016514541
-0.017120245
0.023946115
-0.019713811
0.034102436
0.016768502
-0.005174029
0.066877262
0.000000000
-0.014935790
-0.020733225
-0.008415312
-0.016472988
0.002288428
-0.014388749
-0.008733681
0.020547704
0.002574726
-0.026050710
-0.011502872
-0.006846280
-0.005390972
0.009563956
0.029887781
-0.002601431
-0.009305228
0.020529998
0.024315629
-0.029768485
0.007454174
-0.019614023
0.015894115
-0.006904750
-0.023070004
-0.017583554
0.004499799
-0.004800388
0.005099660
-0.003296897
-0.000300352
-0.020631722
-0.001533973
0.002759578
-0.001838924
-0.015767535
0.010018779
0.000622881
0.000622462
-0.012208591
-0.026489500
0.021437434
0.012895265
-0.012895265
0.029629427
-0.001230056
0.005523282
-0.025411983
-0.027364099
0.015682801
0.007592550
0.036513963
-0.032111348
-0.018366609
0.025868905
-0.000623075
0.005903408
0.025085396
-0.026635536
0.007110867
0.001846756
-0.001230844
0.026433268
-0.034780802
0.026652040
-0.028205551
-0.002490560
-0.022062143
-0.010571956
0.006740592
0.004468564
0.136711053
-0.002224829
0.050750444
-0.034732281
-0.035130399
-0.001704208
-0.001707002
0.007941245
-0.031566619
0.020202806
-0.019037234
-0.024765454
-0.015037921
0.021583665
0.034395727
0.063014937
-0.059011562
0.007109392
-0.043138921
0.025990631
-0.031627661
-0.012273804
-0.014869067
-0.009213776
-0.018686403
-0.025793445
-0.004850494
0.002266488
-0.016960653
-0.003624911
0.014096250
-0.007187247
-0.029952268
0.041686482
-0.019303742
0.010842902
-0.011834509
-0.001654799
-0.014009591
0.010026838
0.008609394
-0.018636231
0.009361545
0.000997840
-0.015073161
0.028611399
0.024940591
-0.011259575
-0.000323616
-0.029225493
-0.017140354
0.020799126
-0.003992027
-0.014775365
-0.006448235
-0.009235585
-0.003442361
0.009950334
0.012553138
-0.001349473
-0.027727337
-0.012574302
-0.014872889
-0.073257562
0.039516019
0.011374101
-0.020642034
-0.011989696
-0.008707191
0.008707191
-0.003019926
0.056948277
0.004276599
0.016925641
0.042443030
-0.004029596
-0.010825517
-0.011976163
-0.001722644
-0.004839272
-0.002081204
0.016187796
0.001024348
-0.010291667
-0.012142393
-0.008764323
-0.018120972
0.007501386
-0.005352349
0.015619783
-0.035859055
-0.007328687
0.023624565
-0.017757273
0.016319480
0.026620885
-0.007029870
0.001057608
-0.030045080
0.008316772
0.030848051
-0.025461103
-0.008633124
0.040359449
-0.036033589
0.012866530
0.017250914
0.002788352
0.039916703
0.038705983
-0.025416820
0.015392523
0.008736519
0.041646489
-0.031071147
0.025182220
-0.003737101
-0.024318295
0.029298030
0.011728599
-0.003073127
0.015575113
0.011449425
0.012207901
-0.026692215
0.084475326
-0.008978882
0.013716244
0.014626988
0.010357117
0.012127967
0.026174619
0.001303892
0.001302299
0.002858866
-0.007293461
0.027080947
0.027110134
0.013039930
0.016004148
-0.013806634
0.021474971
0.014457019
0.003757651
-0.018214670
0.020322061
0.024721193
0.003872114
0.002497237
0.000000000
-0.003407003
-0.010291771
-0.011793332
0.005335774
0.015610985
0.005678623
0.019069486
