-0.008672147
0.025479320
0.016632304
0.006269007
-0.027629501
-0.019139483
0.003643392
-0.029855955
0.001651499
-0.025292311
-0.000677407
0.009216612
0.046667568
0.014207006
-0.013993505
-0.004493903
-0.014800715
-0.023121127
0.012397733
-0.025966730
0.016016540
-0.000111133
-0.002559057
0.019199366
-0.003064767
0.000767130
-0.004721401
-0.003859544
0.010878582
-0.007459283
0.007787247
0.005664968
-0.002719508
0.014169202
0.004500645
0.005119036
0.016666917
0.015982114
-0.001339235
0.000205955
0.001648015
-0.004434606
0.002477437
-0.003925540
-0.003525522
0.008069685
-0.002889324
-0.027979088
-0.001169704
0.017820901
0.015658433
-0.018484105
0.032481899
-0.006719006
0.000918979
-0.005013019
-0.039220784
0.013771468
0.024423200
-0.020223842
0.012907542
0.011414782
0.014314101
0.008830957
0.000998625
0.006070093
-0.002980801
0.005754541
-0.019177455
-0.000302724
-0.015349627
0.007856725
-0.015259684
0.010062821
-0.005943471
0.015197577
0.019375036
-0.008540635
0.013928618
0.012951996
-0.001966635
0.013685498
-0.009364069
-0.000588212
-0.043899266
-0.031642975
-0.027989513
0.000543701
-0.014782785
0.014782785
-0.016659894
-0.005773226
-0.012436498
0.019095069
-0.016842817
0.011186000
-0.030493752
0.002519764
-0.016376728
-0.006416040
-0.005280113
-0.007083776
-0.017570593
-0.001568871
0.009017350
0.002390740
0.023016739
-0.030567338
-0.025219098
0.015061696
-0.008666573
-0.006518560
-0.004700072
-0.020794971
-0.009922707
0.002681293
0.005974685
-0.015326001
-0.006455594
-0.016719446
-0.032394792
0.014318892
-0.023476415
-0.022354046
-0.000842694
-0.025764930
-0.039560847
0.042440616
0.062019444
-0.009504717
0.002452755
0.021940225
-0.003734626
-0.026130448
0.004789677
-0.026140643
-0.009433429
-0.009809067
0.020922705
0.002375413
0.020761765
0.027428663
-0.001734160
-0.032567265
-0.011374968
0.018247730
-0.029753123
-0.047690210
0.030179650
0.005299606
-0.048290266
-0.021825636
-0.017778851
-0.007358265
0.003137826
0.007801515
-0.011410869
-0.034221387
-0.011617642
0.004761581
0.031600117
0.012146380
0.002192573
-0.006592341
-0.034281676
0.039308331
0.009047122
-0.035241220
-0.014908675
-0.000326605
-0.003763446
-0.004929945
0.035602355
-0.003982480
0.004300300
-0.042863630
-0.072221011
-0.019809999
-0.041405587
-0.044580983
0.030068539
-0.047262075
-0.016878973
0.007559594
0.023734015
0.007129988
0.001774740
0.052946757
0.006147045
-0.001858840
0.043326729
0.046471439
-0.076491672
-0.036836823
0.006076664
-0.049083750
0.002185069
0.013793350
0.019380379
0.014292677
-0.039167652
-0.016867089
0.006184510
0.032191213
-0.039599424
0.019503136
0.066710510
-0.000369993
0.004061410
-0.043681717
0.005948435
-0.011932306
0.042269002
0.001483785
-0.005575254
0.005760525
0.002590629
-0.020915712
0.028464375
-0.000366931
-0.032636955
-0.016244996
-0.001928598
-0.040379620
-0.015190203
-0.013974905
-0.013333464
0.010847119
-0.028621461
-0.013325099
-0.010439301
0.056113331
-0.001241125
-0.017326205
-0.031877865
-0.010929076
0.004386078
-0.026609111
-0.031270408
-0.042630262
0.016081196
-0.019474231
0.037173584
-0.012948734
-0.008089534
-0.047453461
0.017629440
-0.039920111
-0.025685604
-0.008710711
-0.025508123
-0.050763845
-0.060445776
0.049513680
0.026546358
-0.025101363
0.010916632
0.006266308
-0.050068925
0.014815306
-0.021103938
0.063994389
0.003094498
0.071274845
0.017630835
-0.023665230
0.039726908
0.031369063
0.016529391
-0.033835240
-0.021679673
0.043631739
0.008744052
0.030720285
0.022723129
-0.023661432
-0.009433895
0.033095326
-0.028367437
-0.026527937
-0.031741010
0.024692703
0.014047259
0.007666739
0.005236714
0.043666843
0.043799543
0.017894088
-0.009661962
0.021345604
-0.001902781
0.005907217
0.009838027
-0.024031533
-0.000853673
0.012098172
0.038489980
0.011705664
0.021437755
-0.028889242
0.014648693
0.015418176
0.015956834
-0.007363108
-0.023613629
0.007538080
-0.025824611
0.000810756
-0.030239719
-0.009653832
-0.001055158
0.002740908
0.005249131
0.064080354
0.028083609
-0.008824181
-0.016905036
0.004106759
-0.008624044
-0.016273575
-0.021845402
0.025241077
-0.001996129
0.006277475
0.005150524
0.022468378
-0.005035801
-0.014867178
-0.018298054
-0.012319618
-0.028234797
0.033099946
-0.050814462
-0.038165811
-0.023483292
-0.038994469
0.004226370
-0.016537178
-0.006692198
-0.016928929
-0.002931100
0.020099989
-0.018389279
-0.004650503
-0.001227505
-0.006407143
0.011796744
0.012383372
0.018647413
-0.006654102
0.016083580
0.008876565
0.012250100
-0.004143577
-0.002540590
-0.011630822
0.006064888
-0.008641881
0.027988346
0.032318778
0.008357188
-0.023488766
0.028077515
-0.014271849
-0.030308822
-0.001596753
0.036098523
0.028225875
0.013608568
-0.010189003
-0.002991427
-0.001713344
0.021209475
0.008567664
0.031137369
0.034492998
0.008343841
0.055622130
0.010364600
0.025891968
0.009124505
-0.021005128
-0.014554161
-0.006537169
0.005631757
-0.010928976
-0.014760612
-0.109914294
0.017888748
-0.025176658
-0.001463930
-0.002304936
0.020555034
0.015093186
0.003031857
0.000201802
-0.004449005
0.034853623
0.037080543
0.016275656
-0.023848711
-0.002664086
0.005700167
-0.004747850
-0.013801277
0.016462772
0.007188971
0.000753703
-0.019207625
-0.006936456
-0.007958948
-0.018688442
0.012628526
0.029368326
-0.005154103
0.002866740
-0.006317738
-0.039566521
0.019783074
-0.001175880
-0.005309147
0.003149553
-0.013255705
0.009711680
0.015655782
0.019040994
0.028361373
0.036367554
-0.002145123
-0.016964798
-0.008591655
-0.028490889
0.003017678
0.005259302
-0.021779172
0.027942189
0.000000000
-0.012741551
0.031554374
-0.027601966
-0.000187910
0.029980042
0.007266128
0.025023671
0.000705806
0.020082743
0.017481238
0.005928657
-0.020647440
-0.016164440
0.014093488
0.034304509
0.018197245
-0.035542203
-0.016959550
0.033970433
0.032531289
-0.005836535
-0.001301746
-0.060400778
-0.068350591
-0.014174057
0.043732841
-0.041669013
0.000562298
-0.004317944
0.014383216
0.009230311
0.058525462
-0.021724731
0.003359493
-0.038691309
0.001833250
-0.075094611
-0.027015188
-0.005899716
0.027768172
0.008497347
-0.015267545
0.048932910
-0.030129613
0.029177840
-0.029177840
0.025744096
0.030302496
-0.015883647
-0.027304879
0.010781853
0.007250558
0.009084085
0.004511177
-0.006019631
0.021281456
0.011204184
-0.004209802
0.039559194
-0.010456504
-0.000890953
0.004447967
-0.009274221
-0.003050782
0.008233469
0.055979320
-0.016998497
-0.003090747
-0.008288821
-0.018021539
-0.001059986
0.011073247
0.028093105
0.010986480
0.018486550
-0.022866765
-0.020985156
-0.001035118
-0.012329647
0.004184861
0.022708772
-0.007683825
-0.012591879
0.011905901
-0.009132379
0.002420449
-0.006583604
-0.002436438
0.026140774
-0.007839119
-0.008591230
0.000862482
0.026541294
-0.006400632
-0.018418014
-0.011250665
0.003475356
-0.004346027
0.014699729
-0.015048286
-0.006995385
-0.031737457
-0.016438707
0.008253236
0.032524654
-0.023433771
0.022549247
0.003356598
0.006153890
0.025782288
-0.012375636
0.051734133
0.021929040
-0.015544414
0.007802377
0.000000000
-0.000161801
-0.005684162
-0.021400140
0.007294560
-0.001156944
-0.007302967
-0.010045271
0.001009248
0.001007884
-0.017618611
-0.004968613
-0.002752002
0.043972287
0.025387883
0.021776133
0.013741845
-0.015315290
0.009872267
0.003424819
0.018476353
0.090374449
0.017271634
-0.013793403
-0.010050354
0.009911466
-0.003757417
0.007639465
0.018235911
-0.005859601
0.009521328
0.008492303
0.026491660
-0.025418243
-0.114670690
0.021128533
-0.021278800
0.033861429
0.014004413
-0.016479130
0.031420753
0.000000000
-0.012221311
-0.013821013
-0.004067355
-0.000291261
-0.005401865
0.002777577
0.031611747
-0.006100570
-0.021722787
0.000000000
-0.010085750
-0.006780523
0.000000000
-0.023495122
-0.007142588
-0.027365055
-0.012777167
0.015125537
-0.005488193
0.008610809
-0.021906310
0.026571820
-0.001552678
0.012355342
-0.022821780
-0.000785327
0.006422748
-0.008468069
0.003615603
0.029224995
0.012117663
0.003607064
0.018725156
-0.000736391
-0.015441857
-0.017053220
-0.012405438
0.017415662
0.009195787
0.032625273
0.016565012
0.021062233
0.002793693
0.009993375
0.001242213
0.011655570
0.025174871
-0.009752382
0.000134338
0.002145366
-0.004564407
-0.006479334
-0.011578308
-0.008254377
0.007020395
0.006835457
-0.001499704
-0.006571032
0.005205606
-0.002736345
0.024495484
-0.002409217
0.009071499
-0.028694713
0.001638718
0.010586303
-0.022804216
-0.005679164
0.001110708
-0.020466120
0.016434298
0.029783157
0.000000000
0.009153425
0.014235514
0.004744459
-0.011504192
-0.008414152
0.008680089
0.040263270
0.014957989
-0.001511087
-0.018183423
0.002050944
-0.023188930
0.004576576
-0.013793362
-0.009569467
0.001601312
0.001199135
0.050380885
0.012208213
-0.008668971
-0.011293658
0.002421772
0.023278837
0.005581268
0.000000000
-0.040383945
-0.007886851
-0.002469298
0.038920461
0.003248757
-0.001998225
-0.018927920
0.014794559
0.000125513
-0.003520394
0.003520394
-0.034862922
-0.009794398
-0.013742135
0.000000000
-0.002798041
-0.002671906
-0.012113230
0.020903972
-0.023072782
-0.027376627
-0.023995395
-0.012650930
0.000000000
0.033853138
0.023497765
0.000000000
0.016932596
-0.000403020
-0.007011921
-0.003524428
0.011207963
-0.014472459
-0.033807395
-0.013621308
0.013621308
0.028479872
0.003964243
0.022927508
-0.002210745
0.005219849
0.005591032
0.001193969
-0.011065936
-0.015265477
-0.007240662
-0.002746416
-0.018736300
0.012114749
0.017425029
0.005290758
0.000000000
0.033134527
0.010416882
0.022161822
0.000000000
-0.013006985
0.001282602
0.004731840
-0.010517092
-0.031033344
-0.015953164
-0.009368344
0.017711777
0.003478183
0.021403960
-0.019802670
0.007041741
-0.012523417
0.014111033
-0.006099099
-0.019066487
0.029781345
0.000000000
0.038587952
-0.006095095
-0.026589204
-0.015156670
-0.008000293
-0.025352047
-0.023196921
0.008953467
0.001113559
-0.030797799
-0.027637774
0.054532644
0.022100152
-0.026018489
-0.000140185
-0.054168338
-0.025033324
-0.012986203
0.022353201
-0.003162708
0.029870647
0.002777883
0.002042044
0.005376723
-0.012688781
-0.004413019
-0.001918593
-0.007412878
0.011834595
0.005865187
-0.014431311
-0.006249065
-0.020355150
0.006377346
-0.008054183
-0.017702200
-0.007326124
0.019827084
-0.014210941
-0.002804081
0.031329378
-0.013241238
0.019420966
0.015797891
0.011238006
0.002789759
0.004389184
-0.002192244
-0.027740349
0.016706714
0.019048395
0.003910919
0.034388237
-0.008416499
0.007158448
0.010158135
0.003731050
0.000000000
0.028553858
-0.018262108
0.013559393
0.023295600
0.038714530
-0.003423552
-0.009315344
-0.013033434
-0.002596698
-0.021270470
-0.005892685
0.039375832
0.033397710
0.005107452
0.007304381
-0.029669883
0.042903774
-0.042903774
-0.006885103
0.015362543
0.023779441
-0.028452076
0.014451893
-0.018638026
-0.067840337
0.039477032
0.038858410
0.009389894
0.012753209
-0.029718805
-0.034950914
-0.003418405
-0.001186219
0.022812757
-0.007243531
-0.005467327
-0.007994277
0.007472058
-0.014072751
-0.007578233
0.029845053
0.001811790
0.008497595
0.012739134
-0.002534962
-0.025317757
-0.002867648
0.016569886
-0.001156051
0.018844391
0.009040738
-0.006772854
-0.008213819
-0.037623226
-0.017276189
0.018855949
0.029167902
-0.020262623
0.009989089
-0.008556072
0.002600646
0.005309753
-0.019433201
0.000921403
0.074032808
0.009848694
-0.001816484
0.011689026
-0.003841250
0.004200567
0.011904823
0.013517746
0.001982886
-0.000699421
-0.037664235
-0.029489633
-0.025384958
0.007772213
0.015240459
-0.007780076
0.018472850
-0.005580776
0.017138632
-0.010445617
0.005543739
-0.001844404
-0.003205276
0.024514932
0.011976197
0.006526431
-0.025879166
-0.008777226
-0.025798414
-0.044708644
-0.000262898
0.023509008
0.005121762
-0.001405832
-0.015725922
-0.001300160
0.005578354
0.014894839
0.020437382
0.011299359
0.044671978
0.015349587
-0.010050210
0.000352283
0.004568629
0.010001298
0.012533864
-0.032047388
0.021478666
0.006209751
-0.027841344
-0.006665178
0.003100134
-0.005970207
-0.030767996
-0.008309026
-0.027011503
0.029499118
-0.015019000
-0.001767024
0.011305099
-0.008025995
0.006901387
-0.009044291
0.006540067
-0.022695095
0.002433595
-0.002690047
0.003329481
0.064842083
0.002752033
-0.010691364
-0.012517688
-0.016150249
0.004216879
-0.013582009
-0.006292537
0.006543461
0.040194556
-0.027978151
0.000247903
0.008142077
0.021393801
0.022005082
0.005748165
0.011745014
-0.034938647
-0.001437614
0.030346571
-0.014055089
-0.013014044
0.021233198
-0.018957919
-0.026054186
0.012808968
0.005439731
-0.005439731
-0.024541040
0.005945042
0.008851753
-0.032847048
0.017553240
0.017250246
-0.051383233
0.009853511
0.030721531
