-0.084589893
-0.025721008
0.047252798
0.065278021
0.029493970
-0.057601647
0.006818126
-0.038088620
0.084557266
-0.002164550
-0.038657431
0.001125517
0.062145346
0.036329832
-0.030007444
0.002098788
0.010427530
-0.110676660
-0.018713926
-0.052101443
0.063838682
0.133093611
0.011173336
-0.024541121
-0.067441330
0.018651186
-0.041048571
0.002262493
0.057095757
0.042826254
0.017233233
-0.031651503
-0.010427530
-0.016913764
0.037661317
-0.046226647
-0.010811039
0.029980935
-0.021322796
0.024482317
-0.038589958
0.006535891
-0.013115004
-0.033560128
-0.054952457
0.017868277
-0.022687545
-0.015825136
0.012195167
0.054258808
0.042703014
-0.045002148
0.052673363
0.006529000
0.002166785
0.050643757
-0.051726618
-0.001083925
0.039345837
-0.001043319
0.050875736
0.050300742
-0.001888711
0.023354573
-0.025246666
0.088745972
0.024819432
0.048669282
0.002412599
0.075770458
-0.027171457
0.015186340
-0.002263347
0.005273119
0.054818250
0.044513581
-0.075574306
0.000000000
0.007309984
0.037173765
0.053956398
0.040396320
-0.055806934
-0.010862458
-0.010291630
0.011655917
0.002042946
0.014855147
-0.007399921
0.016075302
-0.027620532
-0.062718682
-0.003643070
0.051220327
-0.022441323
-0.019334634
-0.034574979
0.011905008
0.006634665
-0.026807239
0.000000000
0.044287663
-0.001445118
-0.022669971
0.002216375
0.036235896
0.007092237
0.000000000
0.002117871
0.001409403
0.033244144
-0.013027409
0.021168536
-0.019789126
0.002752916
-0.013841070
0.018640495
-0.044762765
0.046812621
-0.041817855
-0.001424605
-0.037027666
0.008836548
-0.051910838
-0.007751908
0.023837927
-0.013772124
0.022096150
0.000000000
0.017924236
-0.024729549
0.006805313
-0.050223057
-0.062111481
-0.000843544
-0.040470353
-0.007940043
-0.017873600
-0.062316596
0.052348107
0.072024314
-0.024014958
0.005194841
-0.053204197
0.011770239
-0.010859702
0.041876851
-0.077065863
0.037007141
-0.003639847
0.005454677
-0.041653463
-0.021978702
-0.014598916
-0.017804506
-0.025266660
-0.008222217
-0.051890883
-0.055880534
0.020478628
0.027764062
0.106892747
0.011741972
0.032538776
-0.065166484
0.024815100
0.003913885
-0.033766887
0.015037998
-0.037510717
-0.038972901
-0.055201609
0.002267394
-0.011389545
0.082419051
-0.021322796
-0.040687516
-0.033089065
-0.031823396
-0.010837063
0.004830909
-0.026863729
-0.052075096
0.023196894
0.084247319
-0.020106959
0.089100060
0.026955735
0.050814398
0.050281649
0.033100087
-0.003727950
-0.084722124
-0.028868084
0.010405935
0.004132117
-0.003097329
0.013354051
-0.032143942
0.030100892
-0.009245050
-0.008290067
-0.039262431
0.017167848
-0.010695194
0.008565330
0.118493423
-0.065549161
0.001010633
-0.032857146
-0.032894169
-0.006493560
0.005414205
-0.026259614
-0.026968167
0.066103555
0.004255202
0.010559774
-0.001050888
0.035127601
0.059130400
-0.078608315
0.004132117
-0.038890646
0.008537906
-0.018231135
0.024587118
0.034253479
-0.070816827
-0.055163049
-0.011641709
0.102311559
-0.027868957
-0.038786077
-0.009080619
0.036937723
-0.016621015
-0.014631636
-0.018307078
-0.041255167
0.027301268
0.039040696
-0.030877326
-0.004656450
0.000000000
0.011601073
-0.025702430
-0.047252798
-0.028951160
0.003824050
-0.036273405
-0.079602963
-0.028987575
0.061316448
-0.074640097
-0.063049275
-0.024097583
-0.036427986
0.058936972
-0.012800290
-0.041090305
0.092866740
-0.003062856
0.060985546
-0.051825287
-0.088947318
0.026230914
0.076301659
-0.042885585
-0.043172130
-0.034916344
0.065489769
0.018838951
-0.022013465
0.075016097
-0.026907426
-0.033901658
0.149662336
-0.045556394
-0.007087355
-0.007137799
-0.012977820
0.064629340
0.029492710
0.067671153
0.117508463
0.091210433
-0.007038792
-0.026586489
-0.009370180
0.025814581
0.028142457
-0.056051112
-0.068319510
0.074589046
0.083881372
-0.013500686
-0.004866196
0.022191062
-0.054915851
0.007031722
0.062095566
0.000000000
0.006563596
-0.006563596
-0.009451879
-0.092465109
0.022657990
-0.009207322
0.021353174
0.053855472
-0.006695239
0.085490586
0.041420865
-0.030903718
0.040996280
-0.015177343
0.048911496
-0.001619304
0.044381206
-0.042761901
0.033416074
0.047373197
0.012606814
-0.022355579
0.000000000
-0.034499599
0.010861396
-0.025001287
0.022683818
-0.068827182
0.062620903
0.004658258
-0.015613140
-0.047532069
0.034066631
-0.011227142
-0.031956862
-0.042523383
-0.015762133
-0.025929050
0.004518766
0.000901235
-0.056522592
0.008542900
-0.038540270
0.022341860
0.027476779
0.010227922
-0.000925517
0.030098034
0.079420544
-0.025211452
-0.063234437
-0.019222604
-0.031927523
0.015151844
0.012143985
0.055971303
0.029413905
0.017744399
-0.024587943
0.033758523
-0.052823109
-0.056695469
0.040822047
0.028047307
-0.005199255
0.046677944
-0.003322165
-0.058235758
0.030397518
0.023669826
0.027195661
0.046852521
0.030560020
-0.022831996
0.025086913
-0.007535917
0.032740974
0.012368338
-0.013100538
0.010929011
-0.003629773
0.000727024
-0.001454577
-0.010241418
-0.019302716
0.049004335
-0.060312577
-0.016819945
0.043747578
0.001474958
-0.023109535
0.036286873
-0.005103800
-0.038753142
0.038753142
0.016672939
0.042919145
0.009595616
0.016909386
0.017946694
-0.007936520
-0.039964719
0.031295057
-0.019615115
0.014242389
0.007380063
0.015257338
-0.000658492
-0.029413841
0.008780857
0.049846329
0.028384093
-0.004987460
0.024082626
-0.055831366
0.033621961
-0.079159267
0.008739399
0.023156872
-0.025837760
-0.000671381
0.010688172
0.019085882
0.012953434
-0.037369088
-0.018200755
-0.003407232
0.045371458
-0.017105716
0.004634268
0.029289407
0.001282079
0.030907501
0.042559549
0.008888900
0.031361546
-0.023721204
0.024292866
0.022599804
0.028093219
0.020430878
0.010587672
-0.001580902
0.018809208
0.003100740
-0.021382863
0.012572253
0.002080182
-0.006253412
-0.025947946
-0.038834418
-0.043311622
-0.001165467
0.065995066
-0.013186899
0.009358537
-0.051148904
-0.060012091
-0.003681003
0.040944761
-0.029334607
-0.002432897
0.049891394
0.024607891
0.006198969
-0.013574991
0.001138502
0.002839935
-0.054193027
0.100738933
-0.014176874
0.023875163
-0.034363638
0.032216679
-0.015705831
0.002181073
-0.009302372
0.008757660
-0.006561072
-0.035738066
-0.009137549
-0.012121504
-0.032460846
-0.001801239
-0.005423329
-0.012158097
0.013365914
0.009609647
-0.002393768
0.017226394
-0.002358423
-0.024500821
0.061585059
-0.012017455
0.022204233
-0.015319492
-0.009767364
0.016605087
0.024678669
0.016484022
-0.007109780
0.001645057
-0.004393126
-0.007734788
-0.005561700
-0.005592977
0.008377609
-0.014001814
-0.019362922
-0.017987177
-0.056607472
0.003093297
-0.004333061
-0.013741734
0.027296942
-0.022904058
-0.012602514
0.020709809
-0.008733679
0.024142386
0.012762218
0.014983576
0.002970310
0.006502907
-0.014841493
0.021302563
0.004672948
-0.033178275
-0.007255266
-0.032061876
0.029023341
-0.035939391
0.006289210
-0.004398214
0.000000000
-0.063699297
-0.006058510
-0.001351449
0.009421334
-0.038229906
0.026100320
-0.025404653
-0.037553140
0.023547291
-0.034436779
0.032318908
-0.000706979
0.002119367
0.018182357
0.017176672
0.032174304
-0.003965588
0.003305659
0.011158674
0.007154525
-0.006501916
-0.003266913
0.005872702
0.016774622
-0.024612648
-0.003942205
-0.045799215
0.009602198
-0.013053983
-0.028763872
0.015537013
0.008374129
0.019952514
-0.017869999
-0.015374146
0.011204558
0.000000000
0.006247986
-0.027360549
0.051968807
-0.006095577
0.010810875
0.031097445
-0.001956352
0.039045088
0.016189676
0.000000000
-0.005574616
-0.120659840
0.009762977
-0.006963826
0.007657492
0.026686656
-0.023916441
0.006204701
0.000000000
-0.026463947
-0.039587807
-0.005890937
0.014662964
0.017316386
0.000715140
-0.022407773
0.001460730
0.005822559
0.000000000
0.006509962
-0.024079968
0.000000000
-0.003699602
-0.011931643
-0.024298674
-0.017836913
0.020906743
-0.012336427
0.015396784
-0.007668759
-0.008503980
0.010042553
0.014498463
0.006042368
0.003007510
-0.019712504
-0.010003990
-0.019524189
0.001575999
0.028717524
0.038278583
-0.002211623
0.005152716
-0.012560092
0.011090701
0.017493092
-0.015289740
-0.025261393
0.010479213
0.025001246
-0.016843964
0.005156511
0.002201883
0.011661896
-0.008733573
0.025262796
-0.015081038
0.005772000
0.008596155
-0.008596155
0.005023369
-0.025372907
-0.008109100
0.006639709
0.001469391
-0.002941093
0.001471702
0.031840559
-0.017241815
0.036289992
0.000698583
0.005571095
0.005540159
-0.005540159
-0.006968678
-0.029810577
0.006463139
0.044109455
0.008185553
0.008792736
0.042840148
0.000000000
-0.020202747
0.021492266
-0.007762042
0.018018503
-0.001915139
-0.004482909
0.009581754
0.003173667
0.037317561
-0.012284997
0.001235420
0.007379955
-0.011090739
-0.016240051
0.001887363
-0.006305199
0.005676389
0.045490313
-0.020031021
0.015815509
-0.012143455
0.006697031
0.014458030
-0.004796094
0.000000000
-0.003612303
0.003612303
-0.001804429
0.000000000
-0.006644686
0.003025786
-0.003025786
0.020990486
0.010038324
0.004689382
0.017391649
-0.002877645
0.004026494
0.006865048
0.000000000
0.009645386
0.021782449
-0.046940797
0.026850967
-0.013621102
0.001712797
-0.002856274
-0.085348669
0.000000000
0.018519197
0.010343785
0.000000000
-0.009732524
0.008521049
0.008449115
-0.005423329
-0.013994746
-0.002453855
-0.022989572
0.002510850
0.009981520
-0.001242326
-0.010621757
0.005012586
-0.008788568
0.001889741
0.005022027
0.013681911
-0.015562240
-0.008188943
-0.015939153
0.017834865
-0.005063411
0.012610589
0.042324484
-0.003609946
0.000000000
0.006608757
0.003586210
0.008910139
0.000000000
0.024533877
0.012614712
0.008510759
0.007878487
0.015573228
0.000000000
-0.018942084
0.024445683
0.007654492
0.005431741
0.017718696
0.035549927
-0.001542002
-0.006709796
0.010304229
-0.008751644
0.064570808
0.000000000
0.051026656
0.000000000
-0.024715609
0.005649616
0.038227161
-0.027022462
-0.046077999
0.048859608
-0.029123673
-0.030488760
-0.012858609
0.014331707
0.017027873
-0.000482568
0.027607723
0.017683203
-0.011131845
0.029413822
0.025487638
0.023130043
-0.002591850
0.001296808
-0.016550859
0.017845901
0.028074921
-0.006734050
-0.013605515
0.001283320
0.025745293
-0.004175377
-0.009669945
-0.002538127
-0.020972369
0.010755162
-0.033945755
0.013192687
0.037303384
-0.005486479
0.003379754
0.008400021
-0.024985444
-0.012513568
0.014227444
-0.026899811
0.002635149
-0.003514929
0.026923084
0.010230143
-0.029261963
0.038548678
0.022846382
0.001641232
-0.027433145
-0.036039933
0.018182361
0.032083806
0.012386590
0.002458988
-0.003279899
-0.003290942
-0.032240573
0.039629804
0.002858915
0.004476033
-0.002439078
-0.010638380
-0.017427783
0.034961410
0.000000000
0.095530661
0.057811226
0.003806974
0.040614636
0.024894841
0.023026293
-0.045932985
-0.001988149
-0.034073142
-0.023301308
-0.045715997
-0.157224758
-0.007354576
-0.151620905
0.116715626
-0.002250653
-0.161538664
0.056628540
-0.030490171
-0.005692059
-0.018330014
-0.049847645
0.021435157
-0.008189986
-0.013800895
-0.000556146
-0.010061488
-0.033707893
0.036512958
0.040082240
-0.051349908
0.006212769
0.018410747
0.023491916
0.026639801
-0.005800268
0.026612675
0.013299455
0.003550638
0.047463085
-0.030394423
0.006449947
-0.001484669
-0.008455721
0.028559229
-0.000971272
-0.009765802
0.032821483
-0.019660251
0.011555404
0.025054597
0.004657599
0.017503878
0.012704300
-0.025572078
0.021958704
-0.001811641
-0.005454467
0.005907685
0.016626009
0.034168698
0.003439472
-0.003870239
-0.020457724
0.000879232
-0.026715794
0.010772143
-0.004034939
-0.040335479
-0.004218437
-0.016098861
0.002383728
-0.016807106
0.029112114
-0.013734524
0.005706131
0.016925692
-0.009838441
0.042853760
-0.022349830
0.018282063
-0.015058485
-0.010630980
0.009710958
0.008705833
0.012692770
-0.028325392
0.026521895
-0.014087811
0.006841395
0.021138649
0.035413578
-0.005599875
-0.006935361
0.012105628
-0.005170267
0.005170267
0.003860147
0.047647934
-0.011081610
-0.002065634
0.065236129
0.025627758
0.010518496
-0.003743934
0.090661980
0.018330358
-0.037701547
-0.018685441
0.022868146
0.035870597
-0.006733988
-0.032620945
0.010071240
0.026595517
-0.019022297
-0.029229578
0.020619180
0.037009851
-0.036664005
0.053848830
-0.006574602
-0.018306365
0.029131383
-0.026112759
-0.022351113
-0.033429258
-0.003902915
-0.004989243
-0.047183677
0.018185640
0.031139322
-0.000713241
-0.023462610
0.001831170
-0.023695933
0.015244669
0.033384852
-0.012569804
0.006484234
0.010003579
0.028042612
-0.017786017
0.005963914
-0.042514030
0.016289942
-0.050821010
-0.006443111
0.003416301
0.005291072
-0.007567245
-0.010691199
-0.034364950
-0.016423420
-0.024531074
0.000827540
0.018526235
-0.005711933
0.038527971
