-0.089345100
-0.033257348
0.046026070
0.062589910
0.029885055
-0.073057000
0.027888032
-0.020000784
0.043914967
0.013866889
-0.029018694
0.015151805
0.061445666
0.032789618
-0.024741285
-0.015144156
0.031049064
-0.107115287
-0.049503800
-0.043613397
0.057359078
0.125965991
0.005002512
-0.019144161
-0.074969130
0.030239774
-0.053535454
0.018900069
0.039940549
0.059565756
0.000996617
-0.033420832
-0.007235174
-0.014629531
0.041243179
-0.051825179
-0.018250756
0.034082333
-0.013706066
0.015798007
-0.031849603
-0.003241607
0.001081666
-0.036327605
-0.045879606
0.025493849
-0.031379805
-0.015467169
0.005977304
0.054506244
0.037656606
-0.030907424
0.033079205
0.011859864
0.009600074
0.039547404
-0.049147478
0.003210276
0.036710992
-0.005162634
0.060259089
0.041055889
0.001869160
0.019418280
-0.032576266
0.091259672
0.019667247
0.038210625
0.015366169
0.068243527
-0.027357491
-0.002313924
0.009223821
-0.005370090
-0.010050417
0.026831974
-0.054403632
0.019771388
0.003907781
0.018547672
0.054389644
0.045365605
-0.045365605
-0.009471990
-0.011041625
0.019062237
-0.002909169
0.018044442
-0.005738897
0.010021634
-0.024514489
-0.060944092
-0.003886519
0.048641729
-0.030887580
-0.018533269
-0.034896314
0.012033587
0.008733681
-0.025621730
0.002430050
0.041210269
-0.007012023
-0.017350675
0.000000000
0.033636335
0.006134989
0.001527884
-0.006125513
-0.000768425
0.028042762
-0.018100042
0.023318015
-0.022557270
0.001519757
-0.015302517
0.019091915
-0.048034100
0.047277225
-0.027630228
-0.012529612
-0.042662323
0.015504187
-0.048952121
-0.021487629
0.022337697
-0.026691299
0.030084008
-0.001695093
0.016821431
-0.017670056
0.017670056
-0.049582893
-0.055870385
-0.005576320
-0.035091424
-0.023438371
-0.008933166
-0.054288920
0.053291518
0.065660548
-0.026516507
0.006695385
-0.044842025
0.012878048
-0.014873847
0.032435171
-0.064925335
0.030490164
-0.001001607
-0.016162075
-0.033129438
-0.021277178
-0.016260521
-0.017641147
-0.028202542
-0.005737250
-0.045917424
-0.050659380
-0.005082603
0.035047392
0.092735023
0.011148387
0.018671602
-0.067517200
0.026423134
-0.006825845
-0.028954082
0.015160762
-0.029362184
-0.051356028
-0.039672646
0.007802517
-0.009108716
0.062084532
-0.035003574
-0.033638359
-0.040273899
-0.046259123
-0.021755753
0.020320002
-0.020320002
-0.057330932
0.023024808
0.094067858
-0.030857988
0.101506946
0.006414390
0.046229343
0.033616487
0.032523315
0.005698021
-0.079190798
-0.021131924
0.005012542
-0.006269613
0.000000000
0.012500293
-0.037979378
0.034245579
-0.003747793
-0.017677097
-0.032365285
0.045023681
-0.043708757
0.013055016
0.095192139
-0.048318583
0.003705996
-0.036413184
0.011443095
-0.038664477
0.014351192
-0.018301164
-0.041756908
0.057464037
0.007762005
0.007702220
0.002554280
0.030152908
0.050674297
-0.073203281
0.002528446
-0.041242959
0.009168368
-0.023747818
0.003997340
0.059372273
-0.059372273
-0.044874966
-0.008379937
0.070394413
-0.026491615
-0.027212564
-0.005532518
0.028710106
-0.017675511
-0.012422666
-0.025317662
-0.055651255
0.022338978
0.020408720
-0.033752136
-0.001493652
0.001493652
0.025056580
-0.028046119
-0.042819997
-0.022117973
0.001596170
-0.029128106
-0.096460266
-0.048157652
0.076680084
-0.095837560
-0.074256771
-0.029600695
-0.050615639
0.015677813
-0.020202707
-0.048790164
0.084428680
0.006543099
0.050858417
-0.025105921
-0.093193777
0.043237446
0.052072734
-0.040998190
-0.051989108
-0.018736159
0.050702115
0.026609344
-0.028858828
0.052643733
-0.019417858
-0.028731486
0.122257316
-0.024097552
-0.010214593
0.004098366
-0.004098366
0.053959142
0.032538756
0.062063710
0.150858287
0.094341120
0.020562753
0.013477293
0.017253248
0.045023681
0.017456673
-0.089148601
-0.112896346
0.089655382
0.113625026
0.002465963
-0.007416339
0.006184052
-0.041541401
0.003848626
0.077577345
0.005906568
-0.005906568
-0.015522700
0.005998693
-0.103236120
0.033901686
-0.028610668
0.015707129
0.070204259
0.015615933
0.074618770
0.048579212
-0.035392438
0.056248470
-0.047552648
0.039262228
-0.013619798
0.028082969
-0.044032270
0.035793295
0.058249294
-0.001953228
0.000000000
-0.005881959
-0.039102932
0.014213332
-0.011150542
0.027151093
-0.061369050
0.074183316
0.003909971
-0.045916147
-0.034289073
0.030194902
-0.025975707
-0.019129174
-0.039392060
-0.006719303
-0.045985001
0.003523321
0.016279550
-0.052082897
0.018061900
-0.041418831
0.017263067
0.016969978
0.029605481
-0.012918561
0.018736035
0.085560209
-0.022617974
-0.044550911
-0.018391323
-0.037829570
0.024986428
-0.001175902
0.051587492
0.025373786
0.037417289
-0.020138468
0.034722169
-0.044404758
-0.052147144
0.046726963
0.032088208
-0.008456489
0.041585927
0.005078838
-0.060561301
0.022353025
0.006296149
0.028867984
0.051496323
0.027607759
-0.001879601
0.027831302
0.008200405
0.046973629
0.019717473
0.003389834
0.002535033
0.007566153
0.007509510
-0.012547128
-0.031640088
-0.006100328
0.036898223
-0.053646080
0.009730285
0.046439987
0.009201236
-0.030433456
0.022072115
-0.002521893
-0.027305448
0.045654412
-0.008298716
0.025505376
0.014516383
0.021386870
0.009360443
-0.007012023
-0.035007634
0.025580931
-0.021540522
0.010429129
0.001594980
0.025178358
0.016949640
-0.018504769
0.011605546
0.042912039
0.018978749
0.010787516
0.017021836
-0.051219346
0.032049356
-0.069761216
0.007657085
0.030054774
-0.026248226
-0.008393872
0.033901632
0.011782092
0.024585477
-0.022391692
-0.021410778
-0.021117002
0.054147525
-0.030794220
0.010370308
0.029050777
0.003572708
0.039165773
0.035044089
0.010540282
0.030334625
-0.021851703
0.023757137
0.031232955
0.038605458
0.030305534
0.011415589
0.006787297
0.011768139
0.013831595
-0.011049836
0.005540064
-0.000552523
0.000000000
-0.022359849
-0.048055618
-0.044262998
-0.008717365
0.073527266
-0.009927271
-0.023153431
-0.071570067
-0.101068738
-0.000714031
0.051507632
-0.031004821
0.015966944
0.070461031
0.022216083
-0.005034624
-0.017181460
-0.018135212
0.010403147
-0.053133207
0.087465954
-0.035627246
0.024945265
-0.010796984
0.030810162
-0.018119770
-0.010139371
-0.007672739
0.001282941
-0.009661910
-0.047044184
0.007434908
-0.006078976
-0.027474329
-0.000696548
-0.000697180
-0.023281477
0.016283694
0.012561080
-0.000693649
0.025352435
0.006070845
-0.014222922
0.055717256
0.000000000
0.016000341
-0.005730608
-0.021298133
0.009737244
0.011560889
0.015209286
-0.013933028
0.004454350
0.004434531
-0.001898001
-0.001267427
0.014479255
-0.000625195
0.003122141
-0.015075728
-0.011457796
-0.051225907
0.012056478
0.000000000
-0.008692869
0.029774018
-0.025083892
-0.017532550
0.026847321
-0.003316753
0.034610049
0.002564104
0.012722752
0.001263490
0.001261764
-0.015888348
0.019664379
0.010621846
-0.024537247
-0.008957328
-0.024724610
0.022150741
-0.026772875
0.013802389
-0.014464352
0.005284097
-0.042387847
-0.003442272
-0.013190055
0.004183960
-0.055808399
0.043907736
-0.035116471
-0.040943568
0.032887790
-0.045120358
0.049522420
-0.006610381
-0.006654369
0.021285361
0.012987119
0.035214906
0.000000000
0.002764269
0.012345980
0.012195131
-0.019035103
-0.002749215
0.011631945
0.016194687
-0.017555944
-0.002045830
-0.039685059
0.014104681
-0.012685160
-0.036105082
0.020379315
0.010748864
0.021854868
-0.023995507
-0.019474035
0.017328953
0.001430541
0.012078374
-0.040351373
0.043876300
-0.009190740
0.004252384
0.040878499
0.006091390
0.041631522
0.014776944
0.001274764
-0.005748977
-0.171490043
0.035117542
-0.016284516
0.006693885
0.040673726
-0.022311109
-0.004376375
0.000000000
-0.023669744
-0.030397558
-0.010861159
0.017781602
0.009912555
0.000000000
-0.023801668
-0.002333642
0.000778513
0.003883581
0.003095815
-0.025040517
0.000000000
-0.027310768
0.000814001
-0.035614530
-0.018723951
0.033786998
-0.009178204
0.028101108
-0.004902056
-0.010704096
0.008244070
0.015478924
-0.000808734
0.005647453
-0.017857617
-0.003281381
-0.019917671
0.004182444
0.028796722
0.048287806
-0.005424268
0.013889113
-0.012336237
0.003871391
0.022163612
-0.009874590
-0.031798031
0.014861522
0.026055193
-0.012176790
-0.004604766
0.009950251
0.012112264
-0.012874089
0.029292368
-0.014914441
0.006739074
0.011131762
-0.004437877
0.002221555
-0.024711179
-0.018363420
0.009988720
0.005337413
-0.001522150
-0.006111555
0.041281662
-0.019302675
0.033176727
-0.002177935
0.002902836
0.005780362
-0.000720872
-0.001442850
-0.029306280
0.014760417
0.026745437
0.010642098
0.016795430
0.041460306
0.000000000
-0.020855181
0.018855778
-0.008037622
0.010702444
0.000665254
0.000000000
0.000000000
0.006626860
0.047090287
-0.012682478
0.001275510
0.009514820
-0.017834935
-0.016197310
0.001957723
-0.002611036
0.006514681
0.036970365
-0.020228117
0.015209286
-0.013295477
0.012666348
0.018703788
-0.006817439
0.000000000
0.000000000
0.002484603
0.000620025
0.001858096
-0.000619068
0.004325064
-0.001233677
0.018954951
0.012639224
0.000597970
0.017773104
-0.014788918
-0.000596063
0.007721922
0.000000000
0.002364068
0.028515414
-0.054832535
0.026907389
-0.013662352
0.000000000
-0.004796110
-0.080693898
0.000000000
0.029527177
0.013195421
0.000000000
-0.007519029
0.013121284
0.004953376
-0.005574366
-0.014388803
-0.001892148
-0.032726762
0.003256340
0.014843838
-0.008362933
-0.011042727
0.013623441
-0.016894556
0.005880448
0.001952490
0.007126623
-0.020215746
-0.011262126
-0.004005416
0.017899053
-0.005270104
0.006583165
0.039876737
-0.006959785
0.000000000
0.013871597
0.004996887
0.003110488
0.000000000
0.027566701
0.009022806
0.001794607
0.005959431
0.011813673
0.000000000
-0.013597795
0.026433443
0.002894297
0.002886065
0.017143098
0.039438835
-0.007654608
0.002192983
0.011434692
-0.012530640
0.058558509
0.000000000
0.030050698
-0.004022180
-0.018302495
0.010717123
0.040781285
-0.027168720
-0.047689228
0.048690177
-0.027899189
-0.020265805
-0.014807195
0.025251154
0.007762005
0.001030343
0.031925745
0.019264714
-0.009339074
0.023909359
0.018156406
0.018762129
-0.000929849
-0.001862149
-0.020240649
0.022567904
0.027964233
-0.009995540
-0.010557773
0.001383445
0.031302122
-0.002683365
-0.009901166
0.012137756
-0.048991259
0.005615413
-0.023608373
0.010929220
0.041199850
-0.015079012
0.001380262
0.012791356
-0.027146875
-0.011257007
0.009856774
-0.024108946
-0.009132434
-0.016062546
0.037085826
0.006127808
-0.035880432
0.041503542
0.018519194
-0.005519841
-0.022388945
-0.027739651
0.019688459
0.035959978
0.018182318
0.007181312
0.005352330
-0.003565020
-0.030367116
0.040582571
0.003528897
0.011383615
-0.016238973
-0.006659292
-0.008050227
0.016919418
0.011413599
0.078463595
0.038397419
-0.012111685
0.030962224
0.020743680
0.022149300
-0.054006333
-0.011627997
-0.023669868
-0.011667827
-0.060042939
-0.147440758
-0.014042336
-0.157776786
0.132199852
-0.016719263
-0.160846736
0.081374723
-0.055113715
-0.015796184
-0.035528766
-0.032895556
0.010437053
0.003239433
-0.018936217
-0.004625008
-0.008646537
-0.031899473
0.061516516
0.049963051
-0.070933556
0.000661957
0.038304000
0.021424830
0.031300477
0.003016630
0.034925243
0.016157100
0.001715861
0.006266164
0.014096643
0.004469357
-0.010647537
-0.019340767
0.030545267
0.008874194
-0.012781388
0.022671719
-0.013208831
0.019204866
0.047236458
-0.001556678
0.020555793
0.015144178
-0.027941888
0.018377182
0.006051559
-0.008583878
0.014598775
0.019792962
0.033721784
-0.003321395
-0.015808822
-0.027908692
0.009881569
-0.037570239
0.022711052
-0.000500375
-0.047664821
-0.005262894
-0.026198086
-0.005431503
-0.035480543
0.034935619
-0.022039569
0.019311056
0.022157018
-0.019428505
0.050475453
-0.026248165
0.024173530
-0.013591478
-0.018592885
0.005347717
0.012718769
0.014117878
-0.040259720
0.024033414
-0.012746009
0.004266672
0.031948246
0.042881770
-0.013422965
-0.005520715
0.013496827
-0.006975768
0.003992125
0.005463136
0.061003241
-0.017391690
-0.004276407
0.083114829
0.041627967
0.009621489
-0.002501043
0.104525452
0.008236659
-0.029130141
-0.029608575
0.018801835
0.036575534
-0.010530329
-0.028765197
0.008523796
0.023261409
-0.012516793
-0.020046925
0.024616540
0.047486769
-0.043694577
0.058083235
-0.013664321
-0.010921148
0.030283415
-0.035053151
-0.033280428
-0.036790078
0.004329780
-0.005119087
-0.043985290
0.034863675
0.027506678
0.007722003
-0.032443678
0.003185988
-0.031505040
-0.004936298
0.051437627
-0.005892826
-0.008308528
0.011455663
0.018677687
-0.023402069
0.008644444
-0.038688722
0.007293416
-0.055189370
-0.006419854
0.000429311
0.002571822
-0.013359459
-0.007839702
-0.038783560
0.011299602
-0.034754285
0.002787988
0.039830942
-0.000461349
0.045554678
