0.008932004
0.014711568
-0.014340932
-0.017184022
0.009002362
0.008181660
-0.025127958
0.025498031
-0.012292909
0.012663165
-0.005194757
0.000743793
0.012927111
-0.022264443
-0.004889886
-0.004914133
0.026548692
-0.008151133
-0.003353958
-0.017319572
0.017692813
0.007064508
-0.018321726
-0.040428998
-0.090410446
-0.043963091
0.045681908
0.020400190
-0.030758564
0.020185488
0.053395790
-0.041141286
0.011691201
0.018915064
0.010131661
0.023511893
0.014079141
-0.001943665
-0.007812546
0.011696105
-0.000775573
-0.027129563
-0.015261271
-0.041311272
0.003788520
0.002098911
-0.000839133
-0.025070278
0.023810500
0.034279731
0.008892630
-0.012960752
0.011752831
0.032893935
-0.026068144
-0.012482482
-0.017576485
-0.028017556
-0.024904858
-0.010050160
0.023009439
0.010672314
0.016007131
-0.017707139
-0.018892670
-0.003473711
-0.010494315
0.002633843
0.007860473
0.036724857
-0.003360036
0.000420592
-0.006750916
0.025910154
-0.001238457
0.009864620
0.027830026
-0.015230685
-0.013827154
0.015441174
0.004257832
-0.001635157
-0.026955999
-0.010139494
0.048891267
-0.025390399
0.024176669
0.006859047
0.024624021
-0.014622003
-0.045193979
-0.000833278
0.014894612
-0.009075957
-0.022632920
-0.003822371
-0.025863451
0.000436402
0.029673180
-0.197005240
0.095404259
0.013047581
-0.013516737
0.016752319
-0.013472910
-0.003748984
-0.009433744
-0.009523995
0.007151234
0.003320050
-0.009992927
-0.051016498
-0.018796539
0.012739016
0.010576618
-0.022803087
0.000512647
-0.016529308
0.012422361
-0.007227592
0.021020982
0.037345403
0.035057922
0.009394196
0.051035991
-0.036647382
0.000000000
0.013730131
-0.010968956
0.032107566
-0.015698924
0.008104606
-0.044472103
0.022253895
0.010944205
-0.013698911
-0.056752757
-0.029631730
-0.019231527
0.001531648
0.026681736
-0.004980115
0.018303912
0.011211137
-0.003885061
-0.025130646
-0.042819986
-0.026386808
0.008519870
0.016824576
-0.026414617
0.054686934
-0.011725839
0.020305150
-0.033208618
-0.031128869
0.031128869
-0.039740375
-0.047601603
0.011274211
0.006146859
0.004446944
-0.017907593
-0.036806849
-0.010601025
-0.036784124
0.020067402
0.025558639
-0.037063344
0.031767797
0.009395050
-0.023057427
0.062030951
-0.069233813
0.038409385
0.021222581
-0.048846992
0.007125788
-0.045393630
-0.043017151
-0.004535269
-0.009132436
-0.037387527
-0.006825902
0.016304692
-0.002699166
0.044921723
0.034289063
0.041570979
-0.006608647
0.017329131
0.026886697
-0.046630014
0.011415020
-0.004790452
0.005387648
0.017751782
0.010785803
0.010735694
-0.039723301
0.032157189
0.000000000
0.001264960
0.008183789
-0.001254725
0.016807177
-0.018692180
0.009389845
0.051604741
-0.030032283
-0.001220196
-0.052000384
0.045262163
0.012824603
0.013261320
-0.002998666
0.011940470
0.013557550
0.010483433
0.010374892
-0.022616375
-0.063561403
0.000000000
-0.015748313
-0.064242322
-0.018449421
0.015737601
0.024808418
-0.006644559
0.001332466
-0.004671289
0.024447940
-0.012479615
-0.026793361
0.020827103
-0.002663245
-0.055512816
-0.006362655
-0.014285901
0.007882595
-0.000713995
0.002140367
-0.002140367
0.003565167
0.005677521
-0.027261143
0.026553305
-0.004969683
-0.021583622
-0.005835358
0.034511041
0.002822728
-0.009914790
-0.004279673
-0.007173649
-0.066219903
-0.032046344
-0.007974646
0.015885996
0.004716859
-0.018203828
-0.014481362
0.018467029
0.070635546
0.037108808
-0.047540965
-0.026567093
0.000000000
-0.015504225
-0.014162329
-0.028940748
0.003257276
0.022508816
0.007918025
0.024923185
-0.003853579
0.003853579
-0.008497522
0.000775557
-0.000775557
-0.018004322
0.004728214
0.012500051
0.017699600
0.006083664
0.016541693
0.074693661
0.027978659
-0.025904610
0.008937754
-0.086451514
0.032308361
-0.058008850
-0.033479249
0.051689049
0.031090589
0.007262308
-0.019730243
0.004418052
0.000734543
-0.019274047
0.036020002
0.008626888
0.042738803
0.000000000
0.058605181
-0.026878085
0.036533800
0.005111911
-0.003191756
0.033943965
-0.001855931
-0.029533880
0.000000000
-0.001915169
-0.009630917
-0.032789820
0.029558875
-0.003241502
-0.032335322
-0.010789212
0.015472917
0.006653487
-0.009996689
-0.002011473
-0.007400640
-0.021661471
0.014492960
-0.021819112
0.003669785
0.043017336
0.087303901
-0.036010581
0.055119496
-0.019108915
-0.024740883
0.006570344
0.040428955
0.052676074
-0.021104137
-0.033460525
0.015630285
0.011104371
-0.073164585
0.038839862
-0.032260872
0.069036569
0.004883998
0.004254037
0.021002821
0.032138304
0.029463861
-0.011794521
-0.040351340
0.014598806
-0.045057931
0.051414565
0.042847655
-0.016694856
0.020550417
-0.030136283
0.041614968
0.023631528
-0.026352526
0.013532011
-0.025593621
-0.003315011
0.029446169
-0.041135644
0.015004485
-0.023438599
0.016242236
0.020347394
0.051973187
0.020967255
0.015068319
0.027048538
-0.010731925
0.012186422
0.033820822
0.025434942
-0.026371945
0.013966575
-0.009756186
0.014368696
0.007792859
-0.027779702
-0.014184503
0.023530336
0.009259523
-0.016729074
-0.008943326
-0.015245659
0.000959660
-0.033653440
0.032213604
0.026074166
0.005133969
0.005108086
0.009679623
0.031605376
0.042633733
-0.029388468
0.004376494
0.000872898
-0.031917551
0.020067483
-0.031392580
-0.000911770
0.031420933
0.000000000
0.002206999
-0.014209784
0.008904749
0.003981453
-0.010652474
-0.009415008
-0.016807216
0.007757299
-0.051293268
-0.025685827
-0.009371381
-0.027633056
0.012655261
0.019921034
-0.026481645
-0.001013385
-0.052547728
0.010098460
-0.024084689
0.047086023
-0.037382311
0.028558132
0.040863572
-0.015636920
0.041817682
-0.003908091
0.027518103
-0.023122401
-0.006846060
-0.002948426
0.018528226
-0.041929843
-0.002522046
0.010050426
0.042101304
0.006688819
-0.014871912
-0.019522273
0.000985128
0.003440596
0.007333433
0.000486957
-0.044297069
-0.021085808
0.023119481
0.053398630
-0.028322204
-0.030168164
-0.084647543
0.003881351
0.005057790
0.052480342
0.004388506
-0.003838616
-0.003302405
0.015317586
-0.063308697
0.024565546
-0.018223740
0.036675449
-0.037250226
0.053734181
-0.006012686
-0.010471269
-0.031516399
0.005701337
0.000000000
0.048275830
-0.023014712
-0.000554574
-0.005004018
-0.053231611
0.048201970
-0.022663662
0.014789604
-0.007367593
0.023609933
0.024150651
0.003788751
0.019792004
-0.015479329
0.003758487
0.031128712
-0.022590960
0.042648115
0.008618706
-0.006076027
-0.010209320
0.011224608
-0.025174870
0.032756496
0.011016520
-0.039619262
0.009283203
0.019822790
-0.007577679
-0.011731806
0.013252096
0.054200173
-0.002400710
-0.002406656
-0.004831096
-0.027991054
0.026052073
-0.036565341
-0.004034062
0.019019590
-0.010466109
-0.021778434
0.023780378
-0.000500096
-0.004512563
0.032141126
-0.018168784
-0.003972200
-0.007490643
-0.005025195
-0.007077886
0.004050815
0.015542908
-0.012012098
-0.007581626
0.049007665
-0.016070441
-0.015834017
0.001992909
-0.010508007
-0.037411455
-0.030755465
0.004298709
0.013315932
-0.017076126
0.019718228
0.023984343
-0.034594584
0.000000000
-0.008032328
0.034349514
0.001557259
0.006204837
0.010256441
0.005089247
0.025063966
0.007889472
0.014143100
-0.012180390
0.003425470
-0.013277651
0.011811103
0.008282488
-0.028545190
0.001496546
-0.011027565
-0.004546522
0.000000000
0.052280033
0.025149524
0.000936932
0.034057540
-0.015044814
0.005953895
0.005918550
0.025544718
0.013140514
0.010657214
-0.006202729
0.007085909
0.023550992
0.047146630
-0.004946293
0.024490974
0.079422283
-0.008227458
0.053375155
0.004971631
-0.101706737
0.048603312
-0.015813462
0.034685464
0.019601370
0.001077813
0.026573671
0.000000000
-0.005961734
-0.014526382
0.004273397
0.017263072
0.006267462
0.015157054
0.016949648
-0.006745439
0.002028344
-0.017030203
0.020065237
0.034742872
0.000000000
0.008097235
0.015682760
-0.001270910
-0.027399071
0.000000000
0.001632666
-0.017775373
-0.016745214
-0.018061417
-0.014897268
0.001743693
0.037946771
-0.003360206
0.023945320
-0.013898350
0.002994528
0.020063099
-0.001955583
0.030524470
-0.018524943
0.017575168
0.003793842
0.023699278
-0.017721596
0.000000000
0.000000000
-0.002512712
-0.033901565
0.028541401
0.013815003
0.022507414
0.000000000
0.002436129
0.011190261
0.003302808
-0.004807779
0.026747308
0.018594547
0.000000000
-0.006932516
0.019802578
0.015788510
-0.034721808
-0.036271075
0.026668114
0.017104437
-0.004898358
0.024537476
0.014549905
0.026317234
-0.006787039
-0.006285193
-0.004946262
-0.045078078
0.004313385
-0.024986573
0.018653897
0.021991383
0.013189490
0.000000000
0.013568012
0.013537474
-0.006321296
-0.011647362
0.001393786
0.024760519
0.007580001
0.017112658
0.012906820
-0.016093323
-0.002129870
0.020575737
-0.022977397
-0.020786159
0.000000000
0.033264811
-0.020256686
0.012841414
0.003449591
0.006600749
-0.010316184
-0.002395875
0.028637203
-0.018560211
0.000000000
-0.009544009
-0.019637482
-0.022528420
0.014070986
-0.004118104
-0.002478903
-0.033939682
-0.000570665
-0.014955696
-0.000289936
0.014388815
0.000000000
0.000000000
0.016997450
0.000000000
-0.025605858
-0.020379253
-0.008269208
0.031526150
-0.030636922
-0.023989101
-0.002126703
-0.028692400
0.000000000
0.004060601
0.008381193
0.000000000
0.019893570
-0.007604536
0.009421122
-0.001816586
-0.004251371
-0.024959037
-0.039782490
-0.004229637
-0.002611862
-0.001635852
-0.017839896
0.023065334
-0.019737557
-0.011360040
-0.015577706
-0.002391913
-0.032333789
0.008795139
-0.015531502
0.051649063
-0.037870364
0.015666176
0.010309292
0.004701601
0.000000000
-0.002081169
0.025708389
0.047903542
0.000000000
-0.007772105
0.007772105
0.013139030
0.007611879
-0.011120112
-0.027203748
0.001967934
0.006206015
-0.002934803
0.006185810
0.021513126
0.019503642
0.010844403
0.009507715
0.015147312
-0.016674608
0.023864581
0.000000000
0.011869644
-0.036957900
-0.040286459
-0.025497573
0.019424325
-0.027300939
-0.025022112
0.042981787
0.001939796
-0.038858984
-0.014544448
0.009832129
0.002358992
-0.007093397
0.003721896
-0.019093732
0.018755963
-0.025664360
0.018204135
-0.007173357
-0.021483963
0.006980891
-0.001740582
-0.003140974
-0.000349461
0.002793314
0.000697121
-0.049278146
-0.018844188
-0.005235552
0.005608629
-0.032591039
-0.041287525
-0.124226779
0.035717845
0.047118092
-0.009670203
-0.030890335
-0.007435003
-0.006164777
-0.022784178
0.016136683
-0.009381214
-0.007207280
0.013024994
-0.018464623
-0.005012665
-0.013799735
-0.008839265
0.001867348
0.026238643
0.038329125
-0.009666102
-0.008424044
-0.003121457
-0.008972621
0.005393178
-0.004942642
-0.004967394
0.050319592
0.052820386
-0.010673455
0.003296227
0.016597609
-0.022426318
-0.014382626
0.008485432
-0.009337921
-0.020246214
0.013828995
0.030017147
-0.005010432
-0.065292287
-0.062693329
0.047384687
-0.047384687
-0.009560270
-0.022833194
0.051710831
-0.083158467
-0.011218819
-0.020202654
-0.049889661
0.023914220
0.022830652
0.021807788
-0.015006629
-0.057956046
-0.028013153
0.016856470
0.003985179
-0.015459835
0.008618206
0.014200691
-0.010204135
-0.021890240
-0.015258501
0.046224292
0.022334822
-0.022899561
-0.011363820
0.000000000
0.029836182
-0.003333503
0.029067176
-0.002164573
-0.018038171
0.028814196
0.018056740
-0.003162824
0.043900620
0.005542908
0.002509573
-0.014134587
-0.009193142
-0.011352010
-0.001038344
-0.006776175
0.038476150
0.014985190
-0.028156704
-0.011282150
0.005657041
0.023315635
0.016890735
-0.010896518
-0.001495216
0.031904550
-0.001450296
0.008670596
-0.020839105
-0.038437562
-0.024209138
-0.028022060
-0.050024163
0.033807590
0.032174474
-0.051987931
-0.007252557
-0.008998804
-0.022858262
-0.046740133
0.029835086
-0.064342636
-0.003139720
0.027908792
-0.007366490
0.029145926
-0.045921623
-0.012610508
-0.005089097
-0.022574393
-0.002612617
0.004567611
0.040196899
-0.000625640
-0.003761747
-0.039069891
0.010396372
0.044255079
0.001853595
-0.003091325
0.018405560
0.021053346
-0.018018571
0.001816622
-0.014011896
0.010982444
0.000000000
-0.347700052
0.103554737
-0.024305376
-0.016000343
0.047252889
0.056089471
-0.014652278
-0.022388997
0.008267600
0.010424613
0.015435715
0.034411956
-0.006362634
0.002125430
0.005645701
0.040681257
-0.000675890
-0.001353151
-0.035841236
-0.002810980
0.030494338
-0.017212057
0.010362861
0.003430535
-0.000685298
-0.027094341
-0.019915265
-0.009382994
0.027888846
-0.018505852
-0.010834420
0.037767258
0.000000000
-0.019061690
-0.009309009
-0.026240638
-0.026947645
0.010566072
0.047645590
0.016329747
-0.024235065
0.011478027
-0.013644829
0.052810661
0.012270122
-0.031661342
-0.021202209
0.001427598
-0.005722507
0.000717088
0.007142888
-0.029615652
-0.002936954
-0.025317826
-0.008330211
-0.019194449
-0.016413098
-0.007117401
0.022755021
