-0.006825887
0.028596010
0.017081166
0.002690610
-0.015474002
0.044604075
-0.021481827
-0.009184770
-0.000384480
0.032913912
-0.028692177
0.015957871
-0.010610356
-0.005730402
-0.006920630
0.008834361
-0.017358141
0.008523780
-0.000771942
-0.001932303
0.001932303
0.019121003
-0.039402385
0.004716980
0.010532407
0.020358134
-0.011472416
-0.006947259
0.025995175
-0.011385180
0.035617699
0.017163237
0.000361895
0.004333616
-0.005420151
0.015816446
0.006753073
0.012639238
-0.021277468
0.005005448
-0.001427771
0.000357218
-0.016922157
-0.008752683
-0.018485038
0.007435146
-0.003710585
-0.013473247
-0.017101017
-0.010402605
0.003093531
0.017225313
0.009442936
-0.017444583
0.026079367
0.030579047
0.003260152
-0.003623052
0.017986072
0.020815634
-0.001397439
0.057080642
0.003955067
0.007537270
0.016513284
-0.007413435
-0.011387774
0.012357971
0.048882560
-0.018953474
-0.002512624
-0.020331120
0.008945825
0.004759644
0.004422062
0.025821912
0.007343893
-0.024067766
0.024067766
0.039161997
0.004096492
0.007562234
0.028001687
0.014268004
0.016529320
0.018945055
-0.028553783
0.008241798
0.011966474
0.031401867
0.010684516
-0.045878517
0.009453127
0.018642403
-0.015689944
0.017271706
-0.008200035
-0.023922763
-0.009017573
-0.022766162
0.015603686
-0.004988752
0.008851724
0.006861481
-0.001642240
0.004646760
-0.016220398
0.001938429
0.019721242
0.013469956
0.003472535
-0.001067317
0.005855892
-0.005855892
0.039262004
0.005086030
-0.001280916
-0.001283253
0.012755436
-0.034819779
0.059605050
0.015215336
0.021205450
0.022631918
-0.006548299
0.037305671
-0.050056782
-0.015325885
0.011039001
-0.000477244
0.026391620
-0.005129264
-0.018639187
-0.008130309
0.041158269
0.008032085
-0.049190354
0.004790573
-0.016868066
-0.004627789
0.024835591
0.010895315
0.020056774
-0.030714138
-0.008368260
0.010509081
-0.020401783
-0.005348929
0.030727365
-0.013087666
-0.030397327
0.000740341
-0.003212618
0.007643908
-0.000245569
-0.049613866
0.004380231
-0.006965398
-0.019869609
-0.032745974
0.079937685
-0.022673393
0.027698680
-0.005025288
-0.015484627
-0.022246094
0.019684739
-0.017594048
0.014768759
0.000771284
0.025125274
0.000000000
0.011214833
0.022786672
0.027006129
-0.019764962
-0.025576749
-0.020691211
0.018266700
-0.025120452
0.009116160
-0.017033427
-0.011605615
-0.005984154
0.020150236
0.014472960
0.023911451
-0.032010527
0.022116886
0.035648242
0.013106576
-0.021779212
-0.014132819
-0.019576849
0.009712590
0.007407493
0.000737656
0.024764526
-0.005048628
0.047308443
-0.024669908
-0.010421368
-0.004773362
0.000478328
-0.057073858
0.012328450
0.029809069
0.021609634
0.003556184
-0.009751306
-0.020524667
-0.018963738
0.031328840
0.000722628
0.015292963
0.000237426
0.020880454
-0.001859162
-0.003728872
0.001866174
0.010201652
-0.007873960
-0.005829712
-0.054794889
-0.020716774
0.023430573
-0.027220967
-0.005076373
-0.007662715
0.013497976
-0.014267421
0.056858703
-0.040064603
-0.004298682
-0.013556432
-0.028760056
-0.018742247
0.038960794
-0.066360018
-0.014831463
-0.013339265
0.032052238
0.015376351
-0.012612876
-0.021194560
-0.009059975
0.045588692
0.009196578
0.012841294
-0.008006430
-0.001340549
0.015442257
-0.000792997
0.007376094
0.001311771
-0.029257500
0.016330243
-0.029643986
0.033619125
0.027391759
-0.005677661
0.007990746
0.019072661
0.043860167
0.020756915
-0.002364013
0.026855169
0.005743756
-0.019431565
0.025142613
-0.023042440
-0.007017847
0.001173188
0.027063235
-0.001370432
0.016769157
0.025514314
0.004371627
-0.012509759
-0.001768412
-0.018984383
0.010095639
0.026650427
0.010808422
0.009842133
-0.010702264
0.001720034
0.003645282
0.013394473
-0.004656937
0.025556208
-0.006640220
-0.008362808
-0.018648711
-0.002141479
0.043416837
0.036477574
0.024823033
-0.002038094
0.013487797
-0.005758198
0.018121600
-0.016775297
0.007850757
-0.004779471
0.012758225
-0.029182217
-0.022858192
0.001792264
0.046836580
0.025308384
-0.013042966
0.004304424
-0.013347506
0.010916899
0.047880447
-0.027681565
0.018359146
-0.026278717
-0.011156899
-0.004122221
0.000750932
0.031033064
0.000363753
0.000726978
-0.003640279
-0.015435763
0.001850109
-0.007421273
0.004644710
0.008674052
0.010601467
0.010849951
0.034471135
0.003469157
0.006042233
-0.014039380
-0.020990642
-0.035562362
0.034670897
0.020134907
-0.005259520
-0.015410739
-0.002502158
0.014743859
0.017999589
0.035222650
0.001336791
0.012610003
0.004770179
-0.008238604
0.009222763
0.000983006
-0.009875007
0.005607810
-0.032597960
0.019352984
0.006644485
-0.012830470
0.025988356
0.017974828
-0.021248032
-0.006579033
-0.014962782
0.020691813
0.003611977
0.018992471
0.015160202
-0.011628879
-0.002406467
0.003847565
-0.012882694
-0.017164310
0.021853386
0.015208794
0.008070443
-0.001419620
-0.004428811
-0.006042432
0.008733801
0.012100287
-0.003285600
0.001409567
0.003124870
-0.001873818
-0.026288190
-0.002570663
0.032291372
0.031885071
-0.000301646
-0.012911560
0.002138132
-0.001526387
0.007761718
-0.005167743
-0.018456505
-0.020069681
0.003320391
-0.010313416
-0.011065770
-0.037963604
0.027426143
-0.005556418
0.007510167
-0.024700786
-0.012751875
-0.010695236
0.027108378
-0.009010714
-0.001845364
-0.006063718
0.008244352
-0.002180634
0.032220743
0.009708821
0.017083619
-0.000316613
-0.014354346
0.028349318
-0.015897070
0.010730747
0.013872808
0.009398335
0.021091723
0.027398949
0.010897405
-0.023688748
0.006489628
-0.018098549
-0.000609479
-0.000150360
-0.005118058
0.000301668
0.005867084
0.011928034
0.018793652
-0.016277251
0.010442117
-0.012513988
-0.005943635
0.022982846
0.004214818
0.015113699
-0.001429781
-0.016588825
0.003629673
-0.000434865
0.014823798
-0.002861389
-0.011962410
-0.003340503
0.018164301
0.012210537
-0.020963240
-0.035050051
0.000596707
0.019205880
-0.019802588
0.001193288
-0.024446686
-0.023181390
0.012275849
0.006772333
-0.019204420
0.019051131
0.010985792
0.001516142
-0.016190987
-0.001232509
-0.008671492
0.013439630
-0.015307699
0.004818536
-0.029744870
-0.016428154
-0.007661607
0.016231444
0.011048091
-0.012820733
-0.008910434
-0.012280218
-0.019127370
-0.009278732
-0.013480339
0.000031308
0.000860762
-0.001205395
0.024171439
-0.009292957
-0.008695004
0.015967748
0.003028809
0.008365420
0.019305899
-0.009193901
0.037550884
-0.014239050
-0.015098872
0.002124249
-0.001633818
-0.018482245
0.015042894
0.028626533
0.000796965
-0.007515935
0.026921684
-0.010208186
0.007391564
-0.003610306
0.006583116
0.019033269
0.016419087
-0.001056080
-0.011385437
0.000000000
-0.034954973
0.005675561
0.009232333
-0.020456956
0.000794604
0.021374325
-0.020739044
0.015907123
-0.011946011
0.005204668
0.037361294
-0.020514967
-0.021102770
0.001578433
-0.003159491
-0.041514444
0.002799919
-0.023295565
-0.022128461
0.032179005
-0.008368357
0.000000000
-0.005899774
-0.001692080
-0.035684204
0.014461558
0.014084645
-0.037005958
0.020323123
-0.020323123
0.003533640
0.025251818
-0.008635601
-0.006089729
0.007649621
-0.004165444
-0.002187682
0.044102128
-0.006711343
-0.001516363
-0.010849387
0.002553354
0.002377302
0.020813294
0.000830128
0.013354379
0.003433287
-0.000163184
0.012168508
-0.003230422
0.004680891
0.017558196
-0.012738967
-0.003531844
0.028849774
0.029255125
0.011316802
-0.009800653
0.021731906
0.027058573
-0.002166785
-0.016770402
0.004694882
-0.008378276
0.018427009
0.014957790
-0.012497426
0.007488601
0.007147932
-0.004855051
-0.009492496
-0.029922752
0.002082332
-0.025584847
0.009860119
0.009763495
0.008928524
0.047731266
0.000000000
0.019442588
-0.002635439
0.004572934
-0.000553147
0.003452354
0.028270440
0.008540313
-0.022439764
0.009601800
-0.018336771
0.002874826
-0.025051540
0.000000000
0.009068556
0.006506667
-0.028837144
0.008344253
0.020906933
-0.008449636
0.008449636
-0.013376964
-0.013964364
-0.007843307
0.003715220
0.001282967
0.004264376
0.001559056
-0.013545444
-0.007348316
0.012217526
-0.011061259
0.008199843
0.008843183
-0.010276901
0.000000000
0.007005528
-0.005428942
0.001288696
0.002429086
0.011070149
-0.021398869
-0.001298467
0.000577375
-0.016000251
0.011661754
0.015816203
0.004980407
-0.010129054
-0.007050775
0.010486194
-0.006163326
0.002441192
-0.014010528
0.007968184
-0.002456109
0.013220339
-0.005870241
-0.013880943
-0.005109088
0.009032794
0.030846302
-0.003663093
-0.008931826
0.002844210
0.009610023
-0.008616514
-0.018036534
0.001731773
0.016162940
-0.003980652
0.030858044
0.013445110
0.000000000
0.015147429
0.013333738
0.008572568
-0.008572568
0.007915688
0.006940276
-0.001697890
0.003392916
-0.019203479
0.004901607
-0.013571161
-0.005642157
0.000942635
-0.011097833
0.001018039
0.021564200
0.008497039
0.032261043
0.010061690
0.010337941
-0.012113732
0.001015155
0.000380345
-0.006741755
0.000000000
0.000637963
0.005977220
-0.022308877
0.018370491
-0.009978381
-0.017770798
-0.003277221
0.008759054
0.007778884
-0.031886063
0.037937740
-0.009415110
0.013386693
0.009037151
0.000000000
0.013466853
0.010199260
0.002348291
0.012270218
-0.008942430
-0.004439353
-0.010935926
-0.009163567
0.000000000
0.018119921
0.044209636
0.000000000
0.026309536
-0.002310924
0.006341969
0.017207418
0.015025989
-0.001002114
-0.013120472
-0.006682170
-0.003643086
-0.008015526
0.003672351
0.003430301
0.004555961
0.000000000
-0.003643086
-0.015864076
0.002314666
0.002194247
0.012722910
-0.002785517
-0.002864591
0.019881287
0.010072943
0.002002472
0.000000000
-0.004343893
0.011652084
0.012716732
0.000000000
-0.014815207
-0.025076814
0.007679315
0.017397499
-0.012795731
-0.014096593
-0.031027272
0.013844699
-0.000577922
0.001617115
-0.016407890
0.015253196
-0.008587737
-0.005844622
0.000468829
-0.029370166
0.019360096
0.000000000
0.014336302
-0.014217986
0.005899876
-0.006728596
-0.020945050
-0.013884006
-0.001718445
-0.005790609
0.005176212
-0.006165409
-0.012445761
0.030464508
0.000364234
-0.004869210
-0.000487943
0.004141973
-0.004264302
0.001220271
-0.014247326
-0.016211844
-0.027790303
0.004900029
0.018732699
-0.001389554
-0.010165277
-0.014277807
0.031748808
-0.011105634
0.012610645
-0.014388896
0.012130580
-0.007690919
-0.014148488
-0.018396589
0.011957444
-0.000258539
-0.010131184
0.001304541
-0.018421475
0.013192854
-0.024665023
-0.019848331
0.026689988
-0.004958885
-0.003094970
-0.027878248
-0.030390790
-0.030458995
-0.013343607
0.029414018
0.010093820
0.019886904
-0.019169971
-0.003590575
0.014853183
-0.017013832
-0.001587383
-0.014840888
-0.010610038
0.008849404
0.004687894
0.022973233
-0.007311572
-0.010413728
-0.041258308
-0.009438449
-0.037081541
-0.026376480
0.015524133
0.014021959
0.064340777
0.032119549
0.009153239
-0.004852318
0.018146378
-0.027488842
-0.044136617
-0.017661947
0.022930254
-0.042318191
-0.013401896
-0.017291399
-0.003073229
-0.003732968
0.012442627
0.040288715
0.051115920
-0.018191836
-0.030305381
-0.011761058
0.016366134
-0.009694902
0.006627208
0.018717733
0.022656951
0.019267969
0.024703109
0.005766075
-0.009298309
-0.034853694
-0.005290215
0.005876018
-0.002346060
-0.031490824
-0.013146112
0.021463744
0.020275003
0.032380201
-0.002861445
-0.021581151
-0.013709796
0.008572200
0.028150543
0.017164717
0.050061953
0.006001959
0.040396441
-0.033769599
0.003955168
0.026616369
-0.018752551
0.001304601
-0.005228622
-0.017184957
0.000000000
-0.011937508
0.003367595
0.019971324
0.015435202
0.002463341
-0.010936272
-0.015035890
0.008337221
0.008137565
0.000000000
-0.002748795
-0.009085532
-0.005704109
0.003320280
0.004101876
0.006187015
-0.005131213
0.033593784
0.017699559
0.017391638
-0.010647508
-0.041034685
0.025227018
-0.006088323
-0.020566200
-0.009788041
-0.014664474
-0.031774511
0.019859282
0.018944180
-0.029913120
0.003533957
0.003386393
0.039896730
0.006604869
0.003093295
-0.009178561
0.000389525
0.008660151
-0.044206075
-0.012180285
-0.010127499
0.022596982
-0.024143419
-0.015724323
0.016828127
0.020340677
0.002159861
-0.019196071
0.020408845
-0.013150109
-0.020821150
-0.061635229
0.000148199
-0.007137656
-0.029070999
0.018419167
0.000000000
0.007513057
0.000000000
-0.040323126
0.015772677
0.011895912
-0.042744276
0.028083009
-0.034113787
0.005239356
0.051689095
0.003752400
0.003738252
-0.015037976
0.000000000
-0.006994021
0.020538417
-0.004494411
-0.005269090
-0.042395571
-0.006319193
0.001583518
-0.007783353
-0.008648349
0.010082529
-0.006389807
-0.003531882
-0.000804458
0.021180814
0.008473354
-0.020681154
0.001753134
-0.022056764
-0.008665113
0.033107503
0.017323356
-0.014309616
-0.008269721
-0.025132510
-0.032373963
0.009285093
-0.029847847
0.022934425
-0.022242165
-0.011134375
-0.000174984
