-0.042461557
0.020003211
0.010430001
-0.017148849
0.003512472
0.003499953
0.002609938
0.021266279
0.006230252
0.016809334
-0.039378875
0.025386567
0.044352819
0.013917040
-0.042336902
0.022750703
-0.013640008
-0.025318793
0.017037369
-0.030368382
0.004836223
-0.005700128
-0.006014007
0.012573570
-0.000572948
0.002842203
-0.043423340
-0.029728601
0.005772416
0.039509807
-0.007311697
0.012254651
-0.004071443
-0.000871510
0.000871510
-0.001165034
0.031832527
-0.012210089
-0.009186229
-0.008684446
-0.015828922
0.004708607
0.001767783
-0.012404896
-0.022547527
0.026398222
-0.013116758
-0.004508758
0.008705534
0.018647987
0.032597873
-0.006548469
0.000000000
0.006271549
0.019116368
-0.009795983
-0.016447499
-0.008621003
0.048702265
0.008204563
0.014396694
0.011588282
0.033727038
-0.031046642
0.025588758
0.010106795
0.000519631
-0.019519152
0.009671716
-0.000516502
0.001303248
-0.045221427
-0.006009693
0.010619119
0.025140389
-0.027849040
-0.020859377
-0.019039873
-0.015948004
0.008575585
0.023929501
-0.012262277
-0.008933935
-0.012822285
0.024617051
-0.026383079
0.006153529
0.014490067
0.007171931
-0.025172326
0.000295518
-0.024915709
0.000898125
-0.000898125
-0.025852920
0.016195905
-0.032974162
0.016156685
-0.011468674
-0.006891885
0.012799013
0.005872207
0.001853161
-0.003086882
-0.010860190
0.010860190
0.016230088
0.011470010
-0.008442409
-0.004243290
-0.006408422
-0.008605977
0.009829247
-0.011376385
-0.008684349
-0.001563178
-0.015425527
-0.005722900
-0.006078918
-0.004825813
-0.011023977
0.037232541
-0.024478241
-0.010488563
0.005912824
-0.016845264
0.002328675
-0.004663280
-0.015139236
0.017806048
0.000333947
0.011583191
-0.012916313
-0.019862269
0.002715962
0.029075531
-0.077712452
0.003908115
-0.004620794
-0.015075270
0.005410399
-0.009034021
0.012623918
-0.024307401
0.017113470
0.000000000
-0.048446672
-0.002276418
0.018439300
0.002977437
-0.011966380
-0.034057182
-0.031234660
0.015937152
-0.022383428
-0.009748080
-0.030249262
-0.000841945
-0.010156496
-0.023237092
0.016836100
0.030356425
0.002075121
-0.073948348
-0.043783747
-0.015976930
0.031703967
-0.013397781
0.006489948
0.000923829
-0.026194508
0.018780731
0.016147845
0.004565238
0.043243374
0.046044403
-0.069886840
0.022533107
0.063882392
0.001638075
0.024652599
-0.018127602
0.006484045
-0.030759795
0.017750753
-0.012298656
0.035236901
0.035218338
-0.021062662
0.015937256
0.029212763
0.021269844
-0.023190717
-0.023347844
-0.019881302
0.015937256
0.007873881
-0.019802693
-0.024293043
0.004090268
0.043918499
0.005065358
-0.029982337
0.021003948
-0.029045781
0.048463790
0.029558987
0.045976719
0.040194148
-0.006530466
-0.030459251
-0.040630071
0.009579784
0.000367555
0.022114268
-0.026890861
-0.003690429
0.013221173
0.029476285
0.020685308
-0.012570382
-0.018440406
0.002145591
-0.018018435
-0.034403476
-0.045033886
0.008624065
0.014723780
-0.049271513
0.029853504
-0.052326055
0.052326055
-0.019802693
-0.020611303
0.012579456
-0.004445316
0.004847858
0.023502163
-0.029566514
-0.006509119
0.014586386
0.033231450
-0.019647066
-0.029396555
0.014203102
-0.040605371
0.024536038
0.009151563
-0.006230661
0.000000000
0.001665349
-0.062655509
0.005740727
0.017460962
-0.032098129
-0.021223665
-0.005034701
-0.031689202
-0.014786253
-0.015497160
0.003897080
0.028278898
-0.021978465
0.057720786
0.023435248
-0.020247411
0.013992497
0.008480496
-0.022472993
-0.020666848
-0.024426018
0.000950780
-0.000474684
0.030886492
0.000000000
0.005056204
-0.018509764
0.080293367
-0.039564901
0.006257707
0.037178856
-0.024778138
0.011813151
0.037982040
0.033357828
0.022823482
0.079494356
0.027052392
-0.003564454
-0.003578483
-0.007915996
-0.017860451
0.005135433
-0.017347278
0.017713386
0.043305501
0.035442152
0.003711746
-0.013222842
-0.019646101
-0.043755427
0.024781567
0.038619962
0.027269413
-0.013710400
0.038214995
-0.009284088
0.036628775
0.007359299
0.004135670
0.026622340
-0.008379983
0.037324466
-0.019707620
0.003976413
0.011522576
-0.020412024
-0.000310374
0.017401525
-0.057927271
-0.014858024
0.069749833
0.034012589
0.000295615
-0.032789056
0.030621409
-0.000296565
0.014312996
-0.016956847
0.023601958
0.000861730
0.039502144
-0.000828146
0.017291490
-0.007381361
-0.034864016
-0.052743358
-0.003597593
0.017859817
0.000000000
-0.018162601
0.015212739
-0.005935332
-0.027458036
-0.005216976
0.022204598
-0.001811003
-0.004222908
0.024506590
-0.010987894
-0.035235767
0.027750983
0.008086152
-0.003294464
-0.003892094
-0.026801422
0.011666197
0.026186060
0.013288367
0.024049206
0.051059734
-0.057664541
0.017145302
-0.024955405
0.000283614
0.020693065
-0.008285399
-0.010662129
0.024909895
-0.003454673
-0.045119139
0.007516290
0.009237716
0.028946404
-0.002017190
0.013479931
-0.004001299
0.015325405
0.019533284
0.019150450
0.005669316
-0.006215923
-0.002985240
0.053742608
-0.011669391
-0.003917251
-0.001311905
0.022032449
0.032790230
0.004709947
-0.016187581
0.019387312
0.014183682
0.021608253
-0.004048650
0.019366344
-0.003979303
0.021371576
-0.030340947
0.016457206
-0.021208495
0.004519894
-0.016493806
-0.001686388
-0.023696257
-0.003962787
0.002973370
-0.016707078
-0.002523105
0.020717770
0.005176756
-0.009387863
0.008156291
0.034105172
0.003559322
0.021569492
0.004860658
-0.055766057
0.005358634
-0.024323745
-0.014535116
-0.001511084
0.008307915
0.009475966
0.026462428
0.009618213
-0.024967461
-0.011363384
-0.004476468
-0.006511399
0.004009453
-0.007527047
-0.000754155
0.044203139
-0.000738950
0.008520184
-0.006074035
0.011876033
-0.008953193
-0.000490352
0.012097186
-0.019420305
-0.009853523
0.014744154
0.017403080
0.020876314
-0.043170026
-0.044609447
0.039942921
-0.015138664
-0.022755833
0.025256780
-0.011797252
-0.048598828
-0.003443770
0.013985479
0.044348611
-0.028741791
-0.024822699
-0.045738483
-0.026088822
-0.006566710
0.004567992
-0.042174171
-0.001779446
0.038817633
0.047523137
0.002447840
-0.014255856
-0.011112497
-0.001118053
-0.070974316
0.039731359
-0.064344620
0.008877300
-0.024388297
0.075803175
0.033611593
-0.008150736
-0.011650158
-0.032229579
0.023334427
-0.019799552
-0.023503187
-0.006640593
0.005141156
0.003006132
0.020522701
-0.003530957
0.040137236
-0.014600314
-0.003834703
-0.022703949
0.033280975
0.020824710
0.041205354
0.015810479
-0.015256849
-0.000276777
0.011736664
-0.008171027
-0.004387738
0.069261793
-0.020456703
-0.006044535
-0.006072918
-0.026842207
0.006774263
-0.004060927
-0.009542283
0.029691336
0.022359325
-0.011775838
-0.033180277
0.002447737
0.027303101
0.029916629
-0.019671834
-0.040261233
0.026842207
0.039223511
-0.016699056
0.007485960
0.000000000
0.040304923
0.005669413
-0.024108245
-0.023154457
0.010501462
0.006095271
-0.007877861
0.007877861
-0.024868757
-0.004679116
-0.016296708
0.027706101
0.005393855
-0.000508944
-0.007210167
-0.012737591
0.051760439
0.000743559
0.014791344
0.025131245
0.051050127
-0.019980681
0.021819710
-0.027944816
0.000000000
-0.008298244
0.000000000
0.002382348
-0.002382348
-0.000472416
-0.005492767
-0.001918152
0.007883335
0.015361691
0.017657446
-0.010650874
0.010193654
-0.009028196
0.006025342
0.010351639
-0.002518234
0.029380716
-0.021844885
-0.002735839
0.002054356
0.011550011
-0.009270734
-0.000458319
0.040770688
0.032006722
0.006743406
0.013958726
-0.021761512
0.015433459
0.016924069
0.002578390
0.038933881
-0.015601047
0.004186122
-0.003978453
0.001470269
-0.022862933
-0.073284588
-0.009494142
-0.042531768
0.028243158
0.033639621
-0.010548177
0.011006689
0.000000000
-0.009859308
0.001380985
0.010979118
0.004996485
-0.018047724
0.004828312
0.021779333
-0.015373387
0.005903227
-0.013686427
-0.003907303
-0.009033161
0.000000000
0.005103299
0.022658045
-0.014820879
-0.025117591
0.015194719
0.018614939
0.017153928
-0.022173427
0.006841648
0.005663598
0.020134875
0.012105605
-0.006143400
0.006143400
-0.006361541
0.016484089
0.005462951
0.020072002
0.017159484
0.039129861
-0.006687656
-0.008779635
0.009188227
-0.004075436
0.006310761
0.043454906
0.008699646
-0.008699646
0.003291618
0.006175914
-0.002698223
0.000965694
0.004613700
0.012578799
-0.023961062
-0.008568060
0.003708677
0.000584560
0.032205122
-0.023285396
0.004046673
-0.001535831
0.006335697
0.024949368
-0.000375024
0.029439090
0.000907824
0.032088336
0.000000000
0.025118586
0.008010846
0.011476549
0.005521691
-0.010907003
0.004544331
0.010189713
0.016979525
0.010728069
0.002098189
0.000000000
0.020281801
0.008501451
-0.001096541
-0.033025291
-0.004716696
0.005528942
-0.010592198
0.018983092
-0.018329728
0.010099243
-0.011735883
-0.000010630
-0.013660757
-0.013513208
-0.013868977
-0.005009034
0.010857596
0.028054919
0.007471937
-0.023769094
-0.003737346
0.006442445
0.000673855
-0.020985277
0.000000000
-0.003279434
0.007408925
-0.023273577
0.027385877
0.013588999
-0.004732602
0.000000000
0.006754891
-0.002528489
-0.023566631
0.019340229
-0.017098188
-0.002242041
-0.003286648
0.000000000
-0.003125740
-0.005934095
0.052150326
0.014672617
-0.004428035
0.003445620
-0.024035948
-0.007751432
0.000000000
0.032931669
0.026480389
0.000000000
0.003816931
-0.006847207
-0.000800986
0.001438499
-0.003359820
0.010045540
-0.014864809
-0.032902581
0.025143114
0.006792771
-0.008742082
0.032160275
-0.008062714
0.007117393
0.000000000
-0.005689944
-0.009555700
0.004789264
0.012135290
0.009425123
-0.011795289
0.009917444
0.014925697
-0.009302659
0.000000000
0.008376160
0.034164101
-0.012164977
0.000000000
0.031238559
0.013528308
0.014202933
-0.014636425
-0.004781483
-0.008313332
-0.002199327
0.021347014
-0.018269290
0.031117474
0.018967898
0.026371449
-0.009808080
-0.014894611
-0.019786082
-0.035045772
0.062306995
0.000000000
0.035761581
0.003586367
-0.013616758
0.038755553
-0.012097807
-0.002751984
-0.015873440
-0.012477459
0.003638564
-0.012997788
-0.023579182
0.045015764
-0.013698807
0.004048561
0.007246391
0.017889563
-0.005135263
0.020772889
0.015778653
-0.003442336
-0.004608318
-0.001540916
-0.009295218
0.006593164
0.006165586
0.016006492
-0.007590271
0.051959872
0.061368948
0.010152370
-0.030771724
-0.015395665
-0.009566038
-0.013981255
-0.007610154
-0.012445222
0.027608018
0.010337054
-0.014286112
0.021353122
-0.014184537
0.003920797
0.023731891
-0.014731942
0.017513547
0.020619335
-0.011976169
-0.001377814
-0.007265352
0.027061146
-0.005421864
0.003392009
-0.001355368
-0.016755418
0.001034008
0.022480537
0.001009785
-0.014915411
-0.009608918
-0.008658027
0.032509302
-0.006417875
-0.048959673
-0.007501339
-0.033172417
-0.014936782
-0.001882740
-0.024419502
0.017232009
0.019177017
0.003346356
-0.035900273
-0.031661754
0.022384424
0.015032250
-0.052220062
0.013213402
-0.000795719
0.054988606
-0.020171898
-0.015888680
-0.032555579
-0.038252627
0.023208600
0.013024143
0.049694895
0.017922166
-0.062373928
-0.035206321
-0.029600547
0.029600547
-0.037788332
0.014178535
0.019434494
-0.026283828
-0.027876517
-0.007092086
0.062506862
-0.030980555
-0.044060119
0.027544960
0.012628254
0.046500316
-0.043475873
0.021763187
0.004432665
-0.026042068
0.014172508
0.004255167
-0.014973307
-0.016515152
0.025098705
-0.040554945
0.018082141
0.036476951
-0.014431638
0.043912671
0.010582207
-0.006091552
0.030092575
-0.026027516
0.037033903
0.002732851
-0.008613947
-0.024279918
0.006025242
-0.050092492
0.008385820
-0.009649750
0.046136587
0.021900188
0.000000000
-0.031202417
-0.024682614
-0.033456364
0.013687177
0.002545601
-0.035363652
-0.007048625
-0.012455707
0.009356351
-0.047682163
0.047238690
-0.048169415
0.019820914
0.038939955
0.006126793
-0.016274774
-0.050943379
0.004655611
0.012462636
-0.041682487
0.022695976
0.022649475
-0.006879135
0.005049331
-0.004129355
-0.037475181
0.009501289
0.053843247
0.030011074
-0.009611119
-0.003518080
0.038033818
-0.034076980
-0.013695776
0.006650299
0.018823040
-0.010608231
-0.039906624
0.046478450
0.069574909
-0.024743426
0.008316021
0.047310198
-0.022365144
-0.024531096
-0.002486489
-0.004157993
0.051168203
0.011415184
-0.023362788
0.022187951
0.020555248
-0.007707018
-0.023484504
0.029270416
0.023566267
-0.012474221
0.054407617
0.035041547
0.004165153
-0.012898761
-0.003515034
-0.026763376
-0.037962926
0.012691375
0.009965106
-0.015544341
0.000745649
0.033354839
0.022456868
-0.004592909
-0.014624927
0.002512081
-0.011173262
0.014751285
0.000713970
-0.007163324
-0.033257310
-0.013091623
-0.007179210
0.004917658
0.022389050
-0.001107754
-0.009651081
0.015544341
0.024665732
0.001432211
0.012444517
-0.020707710
-0.003613939
0.007574367
0.010199518
0.032283355
-0.005540128
0.006920464
0.025533326
