0.000000000
-0.002980706
0.020680344
0.003502551
-0.023586015
-0.013818082
-0.057906043
-0.012254337
0.016731437
0.015828108
-0.051557773
-0.001323497
0.025499733
-0.013649816
-0.123855040
-0.018692198
0.038494745
-0.034728164
0.014184633
-0.014184633
-0.002258263
0.014959194
0.045709784
-0.003552494
-0.004994693
0.002857268
0.016271986
0.013245226
0.031359157
0.029754214
0.022545315
0.002544496
-0.008934388
0.030927040
0.014193355
0.017613730
0.030242389
-0.010569771
-0.025105751
0.004228160
-0.025024184
0.004317026
0.001844514
-0.006161540
0.007389167
-0.012967095
0.055015344
0.009950445
-0.009950445
0.016914910
0.022305862
0.010129540
0.067124770
0.015584610
-0.032480541
-0.016103586
-0.037490546
-0.054847669
-0.007147248
0.056926059
0.027292260
0.000000000
0.032435023
-0.007125713
-0.016529295
-0.005571104
-0.019746724
0.003980650
-0.022963112
0.034249848
0.015590682
0.000000000
-0.012788745
0.001677402
0.002789432
0.011080441
-0.018349212
-0.001122977
0.002805081
-0.002805081
0.040192589
-0.000539757
0.029789403
0.029436702
-0.018490482
0.007231456
0.004621310
-0.022798987
0.024334595
0.003574262
-0.002041008
-0.009235444
-0.047502138
0.030869732
-0.041193275
0.018398804
-0.025524151
0.036721166
-0.004250732
-0.012322698
0.004303323
-0.014598657
0.006514571
-0.031888270
-0.003357684
0.000000000
0.022173973
-0.023856897
-0.022141111
-0.049421828
-0.004836754
-0.012195404
0.000613383
-0.015446737
0.017896176
-0.020389901
-0.009407369
-0.008225309
0.039245154
-0.023486842
0.031396848
-0.015883081
0.020116509
-0.022582628
0.017742949
0.021596486
0.014727834
-0.017699702
0.028749591
0.029631735
0.013385546
0.049713036
-0.023467701
0.003770581
0.000000000
0.020750931
-0.015388931
-0.021622455
-0.035598937
0.023504042
-0.026907308
-0.020086911
0.012673054
0.006845571
0.005668884
-0.025187509
-0.023461350
-0.011940370
0.000000000
-0.009049865
-0.026406211
-0.038051500
0.017937609
-0.027028606
0.004555721
0.007762160
-0.036749570
-0.014136966
-0.017094466
0.000000000
0.045830167
0.048225301
-0.001884965
-0.010749367
-0.042863806
0.042227939
0.000635867
-0.050189703
0.006662247
0.038428601
-0.026547365
0.009794502
0.043858291
0.004343695
0.039458792
0.028749591
-0.046767958
-0.025784120
-0.004987595
-0.022117833
-0.029175516
0.013072078
-0.026317227
0.013245149
0.041242975
0.010050374
0.062387836
0.009932930
-0.012873340
0.021556427
0.021101411
-0.012493072
0.000000000
-0.014388892
-0.012248366
-0.002350332
0.025553218
0.034379134
-0.052898186
0.021953424
0.000571208
-0.029558799
-0.005899720
-0.028813428
0.001825325
0.017475641
0.052934577
0.027934891
0.013680189
-0.007637931
-0.011567193
-0.017887571
0.014557960
-0.002783221
0.018774727
0.002731525
0.014084651
0.004294202
0.029033350
0.054176994
-0.018404043
-0.047811728
0.013598566
-0.028452992
0.011161601
-0.017058105
0.010695226
0.027283962
-0.040132006
-0.016843647
0.008185672
0.031034927
-0.034846631
-0.017611908
-0.023028255
0.016342921
-0.003920456
0.023295628
-0.035718094
0.022472909
0.001665297
0.068067897
-0.015665996
-0.007395840
0.003704786
-0.042077377
0.010958949
-0.033244110
-0.065778594
0.011961860
0.025243306
0.022923697
0.026280675
0.006052170
-0.029503771
0.067183194
0.008940465
-0.005249412
-0.013245310
0.038707771
0.014769914
0.042559575
0.010602462
0.021812277
0.000937553
-0.030449448
0.003857113
0.034062001
0.016605623
0.004108650
-0.020714273
-0.009345911
0.023202941
0.012762187
0.005870480
-0.004964983
0.005415084
0.039705343
-0.006944595
-0.056441122
0.020525102
0.005402993
0.015151917
0.013181108
-0.009208574
0.022649006
-0.016062791
-0.002190653
0.003939689
-0.004378241
0.006995975
0.000000000
-0.017582914
-0.008461262
0.010676126
0.022748236
0.001296751
0.004310397
-0.009073345
-0.010471412
0.013072078
0.027749975
0.004620936
0.014149229
-0.009132535
-0.001251793
-0.027515071
0.009397910
-0.023039566
0.006129566
0.038111980
0.008368385
0.040821936
0.001998002
-0.023425943
0.020227177
0.015498108
0.016425905
-0.006225699
-0.004694842
0.007033939
0.005436863
0.020318926
0.006053744
-0.004157926
-0.008368247
0.002670228
0.002663075
0.000379950
0.006435674
-0.019048231
0.031796806
0.004460972
0.028160565
-0.030760461
-0.005219873
0.001867332
-0.008619125
-0.001129607
0.008255162
-0.010140970
-0.014448874
-0.002300740
0.011830063
-0.002278853
-0.027367238
0.023176126
-0.008050770
0.031447971
-0.016168840
0.011308029
0.041841032
0.015338227
-0.012466765
0.026875763
-0.035515084
0.010072024
0.016329786
-0.019915263
-0.000718688
0.011436822
0.001420454
0.013044387
-0.020166883
0.001428532
0.022583913
0.011793328
0.002754897
-0.001376425
0.000688355
-0.007946144
0.008978071
-0.024357609
0.035637810
0.022518241
-0.009684567
0.009019637
0.005968149
-0.031908658
0.009848947
0.008413343
0.004680679
0.004326885
0.044812642
-0.001907114
-0.018950401
-0.002922482
0.003246755
-0.001622060
-0.033006321
-0.033438754
0.008292951
0.015366601
0.017134632
-0.029065947
-0.003779423
0.004465096
0.026045809
-0.016496019
0.030092606
-0.013930532
0.003334410
-0.005340502
-0.019260600
-0.004102531
-0.003431674
-0.003788685
-0.002764227
0.000345961
0.020202738
-0.013652084
0.009916228
-0.007513657
0.064709929
0.000963510
0.001283320
-0.003854876
-0.053548723
-0.015398188
-0.019850783
0.027408395
0.014608715
-0.015293412
0.010221625
0.005408997
0.032180575
0.012007386
-0.011680962
-0.019776476
-0.006344985
0.032951935
-0.011082248
-0.010543787
0.020003975
-0.009788075
0.013029497
-0.004866117
-0.003257438
0.010709241
-0.002909327
0.005166300
-0.017872155
0.031625731
0.005069787
0.011001207
0.003744153
0.001244942
-0.007806473
0.012151639
0.009247837
0.004897468
0.003657491
0.024937506
-0.028594997
-0.016005261
0.003407157
0.027449239
0.000300665
-0.024970805
-0.069587748
-0.109593524
0.014283337
0.061351649
-0.027389465
-0.001054999
0.038313596
0.016790106
-0.011723460
0.001010234
-0.002358851
0.028601838
-0.029952314
0.012088794
-0.060541085
0.020358678
-0.012587536
-0.004584736
-0.014957577
-0.006840748
0.000722243
-0.000360957
0.022143598
-0.021782641
-0.001445007
0.006486546
-0.033975979
-0.012338825
0.000752121
0.027805304
0.002920815
0.019495156
-0.014767136
0.017979741
0.025683021
-0.014695812
0.011564870
0.028509599
0.002705408
-0.014628631
0.004445173
-0.002049143
0.005795140
0.056818468
-0.009032387
-0.001621498
0.028477394
-0.013337726
0.014913769
0.008155592
-0.000312451
0.018883115
-0.004302368
-0.012395636
-0.026541834
0.003835130
0.003502595
0.011378156
0.016518959
0.002778174
0.008288677
-0.000917538
-0.004293200
0.009786041
0.033810239
-0.020508992
0.031917625
-0.018198389
0.001184100
0.005605656
0.001763733
-0.014197379
-0.012891696
-0.007876406
0.019277632
-0.011401227
0.013784920
0.001487119
-0.006260397
-0.018409886
-0.046447580
0.017083646
0.020491241
-0.030896606
0.022874351
0.002166143
-0.015262677
-0.031566490
-0.021942907
0.026145342
0.003542035
0.012458231
0.003169643
0.014452021
0.015168115
-0.004001817
0.005229975
0.027539970
0.007434976
0.011489296
-0.027618706
0.014646928
-0.026764546
0.021745535
0.007710100
-0.022053948
0.015581448
0.006165263
0.001842168
-0.057447136
-0.014068581
-0.025698045
0.015431381
-0.028361156
0.002394446
0.019621746
0.018257663
-0.019934264
0.009019673
-0.017105891
0.031304616
-0.004271437
-0.013925956
0.033812459
-0.023845593
0.065880627
-0.028887465
-0.086113980
-0.003478181
-0.040531723
0.027908775
0.027494291
-0.013478611
0.018956243
0.000000000
-0.006851632
-0.003098703
0.015398126
-0.011955755
0.003772899
0.020668173
-0.003359080
0.000000000
0.016021757
-0.004646611
0.017804657
0.004239365
0.000000000
0.040496535
-0.023716576
-0.013531068
0.005498937
0.000000000
-0.001937306
0.006443269
-0.021750604
0.003930630
0.007166141
0.027214748
0.006611091
-0.000627784
0.001568640
-0.006289277
-0.006329150
0.025079645
0.001546737
0.013204525
0.016939434
0.013406938
0.020794460
0.025187377
-0.006522031
-0.005706163
0.002286326
-0.012351251
-0.019259356
0.009384305
0.027067614
-0.032042090
-0.015967221
0.008902142
0.010579050
-0.010283639
-0.000590909
-0.003552273
-0.027662767
0.008198075
-0.015849184
0.015244219
-0.024813580
-0.068018491
0.012537237
-0.012205389
0.016784982
0.005208351
0.008084146
-0.002579834
-0.000969088
0.001937306
-0.001291200
0.020461162
0.012578746
0.004676617
0.019711160
-0.006425037
-0.004614751
0.018635139
0.000000000
0.012332773
0.006852424
0.008573596
-0.013037291
-0.017145797
0.015952145
-0.005989786
-0.022479759
0.031153425
-0.002086860
0.021258497
-0.011163415
-0.011588299
-0.021447675
-0.003670912
0.019724529
0.011056525
0.010641344
-0.008563282
0.005028735
-0.002067565
0.020486555
-0.016944705
-0.013048765
0.000000000
-0.033078386
-0.016488224
-0.015489502
0.000318491
-0.025807845
0.004889988
-0.008163270
0.006535986
-0.009820121
0.014694220
-0.014694220
-0.013245189
-0.006689075
0.017958718
0.000000000
-0.028076749
0.001693422
-0.037584187
0.031814641
-0.018550892
0.005532560
0.024524363
-0.008786841
0.000000000
0.050953837
0.000000000
0.000000000
0.042626779
0.046801160
-0.019360427
0.001502642
0.013423092
0.000000000
-0.017937648
-0.013667679
-0.007982877
0.021650556
-0.003021237
0.012627982
-0.015961914
0.001213698
0.006648610
0.006305239
0.002690298
-0.007189957
0.008383252
-0.011695971
0.007213666
0.012795925
0.013218000
-0.012626898
0.000000000
0.014084725
0.005231120
-0.004939755
0.000000000
0.007834013
-0.018081521
-0.019614294
0.011340045
0.020267988
-0.013761089
-0.020250714
0.013150225
0.005920694
0.000590211
0.005002131
0.052041391
-0.017142398
0.003678093
0.001128847
-0.013346737
0.025682195
0.000000000
0.008600451
0.009622083
0.009259339
-0.013921388
-0.000549850
-0.026192662
-0.027767606
0.010970170
-0.009230140
-0.015771230
-0.018719891
0.059953969
-0.000565195
0.009003951
0.001679186
0.018013651
0.005204645
0.008705122
0.017452585
-0.003199174
0.022443110
-0.017116768
0.014764143
-0.013171858
0.005553409
-0.012472035
0.007978771
-0.003183812
0.012412633
-0.006055003
0.012855996
-0.006013839
-0.005786489
0.012060902
0.001302263
-0.007839084
0.016391749
-0.004915269
-0.014366214
0.018765190
-0.090185241
-0.036838618
0.025757389
-0.017291418
0.009259396
-0.013629399
0.003206557
-0.007302526
-0.018045140
-0.004187862
0.018414461
0.003525326
0.001465182
-0.025805949
0.011056525
0.010347360
0.011405295
-0.002912050
0.013325847
-0.000575740
0.012020813
0.012159037
0.003366944
0.014028561
-0.018949670
-0.014598861
-0.004421574
-0.042854989
0.010734573
-0.001831932
-0.062747185
-0.062090119
-0.030944784
-0.010050334
0.009335820
-0.013674173
-0.045588727
-0.020690496
0.016510324
-0.012646275
0.006534671
0.003824152
-0.020436454
0.008919964
0.009606223
-0.025170685
0.009367685
-0.033178394
0.004008079
-0.004811585
-0.031852428
-0.009589389
0.005431319
-0.029171389
0.007266582
-0.019785525
-0.005663374
0.027151095
0.024360682
-0.042812206
-0.012639159
0.017822698
-0.017384214
-0.012795124
-0.000888552
0.034508848
-0.001718977
0.003434916
0.015312936
0.000422101
0.025001194
-0.023736304
-0.003376918
0.007162488
0.004607383
0.012871211
0.035660238
-0.029081298
0.020284674
0.000000000
-0.003218029
0.043750867
0.005000907
-0.005000907
-0.015938152
0.005470900
-0.026057506
0.006776939
0.003965170
0.037285814
0.009485900
0.000377636
-0.012153607
0.020049887
-0.065787738
0.023325778
0.013970042
-0.000385496
-0.012803245
-0.018522783
0.001192644
-0.013197559
0.031308270
-0.049180404
0.015857256
0.012427495
-0.003991997
0.003991997
-0.031980043
0.003695292
-0.020704633
0.008333374
-0.006243500
0.022704804
-0.010256543
-0.012865869
0.020670436
-0.022342701
-0.012631757
0.023451657
0.016420715
-0.026822308
-0.005451818
0.033494918
-0.024286103
0.008711961
-0.016240165
0.019950735
-0.029653394
-0.011082837
0.074720079
0.018522783
0.011260012
0.016845775
0.065392337
0.013422997
-0.041187549
-0.006235079
0.010248915
0.004360498
0.017966709
-0.030371093
0.024298602
0.013876721
-0.003539805
-0.016807160
-0.001443469
0.003964649
0.017825786
-0.021068440
0.008623892
0.002501322
0.020488183
0.000699031
-0.016558461
-0.034330342
-0.005160350
0.023014729
-0.007612887
0.005805541
0.011510864
-0.007539021
-0.003610127
-0.004712653
0.005435766
-0.000723113
0.026763421
0.012944023
-0.002087678
-0.016860280
0.008114342
0.001755390
0.005945073
-0.004192867
0.009409385
-0.012565613
0.021543562
0.061008762
0.009655666
-0.018752610
-0.013140748
-0.006302897
-0.008689849
0.026827206
-0.002617807
0.006857185
-0.001302493
0.026050674
