0.001448900
-0.009142036
-0.010490850
0.009237794
-0.017923335
0.016878087
-0.004193162
0.008368036
0.004158293
-0.004158293
0.000000000
0.000000000
0.007472332
-0.007472332
-0.004174874
-0.021997789
0.002989355
-0.027890542
-0.021496705
-0.054789383
0.032362440
0.005938536
0.002047800
0.008374115
-0.031363707
0.015232327
-0.000229071
-0.031416084
0.020358663
0.007844902
0.014602053
0.004970917
0.016318367
0.021930806
0.011431186
0.008329141
-0.007043198
0.007680814
0.007411500
-0.008474530
0.003822114
0.000424036
0.013677184
-0.028618857
0.041905467
0.018592788
-0.015093094
0.006554399
-0.001429692
0.004487548
-0.019110639
-0.004158293
0.016529475
-0.031431271
-0.005513156
-0.001063942
0.014580320
0.018498068
0.021190524
0.017982545
0.012789344
0.033451583
0.013707720
-0.002427196
0.023830554
-0.004207837
-0.033933086
0.045778504
0.015281225
-0.036704689
0.017793736
-0.004738688
0.000096871
-0.001136861
0.015052117
0.008368375
0.008666163
-0.003310159
-0.013351022
-0.050929667
0.032656611
0.000950332
0.019374177
-0.040488473
0.016545258
-0.013446182
0.003667469
-0.000385132
0.001733130
-0.004628639
0.000966093
0.001736474
-0.016914886
0.000000000
-0.000196163
0.006061244
-0.012948772
0.007083692
0.002546006
-0.008248403
0.005898413
0.011112466
0.010990149
-0.016433551
-0.003906184
-0.002547503
0.000980491
0.009364207
0.003102080
-0.011094946
0.011288350
-0.007576566
0.010282401
-0.007555935
-0.014101077
0.011179734
-0.009209559
0.005888322
0.014763518
-0.010077947
0.027264352
-0.002279643
0.002089704
-0.000759351
0.012457961
0.018400240
-0.014842837
0.022182169
0.014519393
-0.014519393
0.020447722
0.038131520
-0.029570521
-0.001244026
-0.001601620
-0.045545473
-0.022811675
0.017204063
0.024441183
-0.014926864
-0.010639213
0.008409006
0.021537554
-0.013937301
0.042482563
-0.038795998
0.029907084
-0.025317946
0.004386111
0.013583386
0.003412121
0.013002251
-0.028722271
-0.004746196
0.000548849
-0.031206185
0.000000000
-0.042395472
-0.058989894
-0.027091438
0.024792014
-0.006509092
0.046912266
-0.039148087
-0.090971806
0.007071908
0.039666701
-0.010321840
0.035776209
-0.058098604
-0.100606405
-0.056219250
0.024519037
-0.002321904
-0.000516437
-0.018253537
-0.038084673
-0.073435226
-0.100176395
0.011318065
0.000000000
-0.036010564
-0.061875381
0.045068279
0.018472324
0.014864018
0.095310172
-0.063049426
-0.027681177
0.000978817
-0.033148463
0.024634933
-0.006929505
0.006929505
-0.027335080
0.038453483
-0.025693094
0.004328502
0.008271291
-0.011599198
0.011928649
-0.005284057
-0.015012973
0.035010294
-0.038377139
0.015063133
0.012545349
0.064169377
0.063191498
-0.090641673
0.039986627
-0.064315559
0.036899726
0.047570033
-0.017423194
-0.046520106
0.045610683
-0.009753002
0.069502953
0.005697906
0.003120359
-0.001700764
0.057867240
-0.042664319
0.000000000
-0.006446924
0.036719058
0.021984576
-0.023340867
0.004333500
-0.027399028
0.062974833
-0.032136660
0.008616251
0.008010608
0.010582139
-0.021739393
-0.004045895
-0.055569847
-0.005443391
-0.011847984
-0.029201500
0.019561983
-0.005002071
0.026202210
0.012564485
-0.096445883
-0.005640905
-0.001887439
-0.032968332
-0.045605959
0.028208479
-0.039167605
-0.011776961
-0.035464704
0.000000000
0.040330836
-0.072988436
-0.008615774
0.019374641
-0.034920092
0.038970876
0.005497640
0.040119861
0.053660637
-0.001665279
0.009950330
0.000329942
0.006249074
-0.003284211
-0.047491437
0.065421828
-0.030842284
0.076627751
-0.040950469
-0.036010523
-0.028742561
0.032070351
-0.054972125
0.005600256
-0.008764250
-0.035116451
0.060152643
0.068992669
0.007981021
0.055355184
0.065778447
-0.012186656
0.079976995
0.000263018
-0.005806240
0.034342693
-0.011058204
-0.049838013
-0.030075483
0.067161074
0.007566927
0.031472421
-0.020356937
-0.033458449
0.043688752
-0.027080958
0.026826500
-0.014097482
-0.019549619
0.043020238
-0.040391316
0.012523155
-0.000778202
-0.001038522
0.009564410
-0.014772899
0.041928495
0.009221297
0.010856323
-0.004920229
0.022193534
0.039953169
-0.035380948
-0.095406385
0.011554744
-0.000522344
0.030106706
0.026267718
-0.014925409
0.019475522
-0.003435181
0.046291307
-0.040485128
0.045023724
0.014237953
0.035091363
-0.004319732
0.017876881
-0.017395947
-0.014771764
-0.028959148
0.050677912
-0.012491288
0.012730127
-0.039927663
0.010869735
-0.023366732
-0.005042839
0.000505582
0.019515092
-0.009209689
-0.004511360
0.054503443
0.013232359
0.014912215
0.053580104
0.028737060
-0.053593999
0.006942128
0.006450604
-0.007790769
-0.001565343
-0.016928504
0.042996109
0.049765327
-0.016525623
0.032986917
-0.045937039
-0.021599041
0.022453684
0.009349858
0.014905048
0.017761599
-0.027182731
-0.015474522
-0.008366646
0.016451528
-0.013439873
-0.009929229
0.023792793
0.027782619
-0.046166934
0.009661849
0.018628738
0.027716633
0.074850742
-0.004743511
0.016410894
0.010237402
-0.020769766
-0.015625272
-0.043369773
0.041255004
-0.002119325
0.023821953
-0.021895221
0.006714649
0.007998577
-0.033169199
-0.018803036
0.028170689
-0.019219917
-0.002974996
0.002974996
-0.011151063
0.028426740
-0.008600545
-0.009665950
-0.027327037
-0.009826290
-0.014922347
0.035890136
0.005424305
0.009769841
0.004553092
-0.006539138
-0.009789359
0.031617066
0.000583458
0.018681183
-0.004206371
-0.039673110
0.036025748
-0.026304290
-0.012916367
0.024692567
-0.014346269
0.013565296
0.022972027
-0.001910440
0.013295607
0.003766577
-0.022814709
0.013561384
0.005109353
-0.020788529
0.039302301
0.018636894
-0.013033776
0.025179416
-0.001803490
0.001803490
-0.020018839
0.010968921
0.015873347
0.020020004
0.023232768
-0.006016238
-0.015113617
0.006455475
0.008658142
0.017094349
0.009614755
-0.038153540
0.005044546
0.003291486
0.007581102
-0.013130840
-0.049007562
-0.027028664
0.032493186
0.015680123
-0.013865061
-0.091654259
-0.062950168
0.015540247
-0.004804179
-0.041031508
-0.013838788
0.036486177
0.027139445
-0.045216026
0.005413984
-0.027590901
0.042596598
-0.010695168
0.028618566
-0.105708677
-0.041741821
0.047070098
0.036747249
0.007764847
-0.013348458
-0.014664563
0.001362580
-0.032993824
-0.026142628
-0.037536200
-0.001751417
0.008726827
0.000496514
0.037262287
0.009990702
0.018757807
0.001624499
0.025416504
0.011688128
-0.000447129
-0.006953039
0.056494726
0.002126943
-0.003618243
-0.045363375
0.026204308
0.002171080
0.012714482
0.006403320
-0.010695138
0.006644739
0.024895602
0.019193538
0.000613175
0.011173221
0.008448967
0.031160172
0.017897202
-0.008235402
-0.006172778
0.006172778
-0.011410887
0.032344121
-0.007561439
-0.024977327
-0.008008440
0.002154771
0.022255674
0.016136761
0.029686887
-0.006971359
0.037222210
0.049651217
0.045045885
0.006593400
-0.009987349
-0.031576468
0.023122518
0.007644283
0.021320017
-0.030761674
0.000980746
-0.003273237
-0.011873623
-0.021462947
-0.006632007
0.020769052
0.001002149
0.019507992
0.031267676
0.009003966
-0.023549231
-0.037153715
-0.002511723
0.032343729
-0.008733859
0.017391892
0.037229275
0.003813422
0.033520850
0.007810696
0.006646634
-0.006329094
-0.001429639
-0.004301088
0.026155523
0.018337779
-0.017249707
0.005731415
-0.013842502
-0.020090910
0.049261791
0.003644198
-0.001516882
0.009367076
0.018622547
0.000885228
-0.034659565
0.025474407
0.027161414
0.008078611
0.004301067
-0.018044430
0.005085294
-0.002176281
0.006514788
0.024234955
-0.011474162
0.011474162
-0.007067244
0.006926250
-0.051004211
-0.150919345
0.082519460
-0.058672287
0.022139978
0.049150691
-0.016754116
0.011253092
0.000000000
0.023211636
-0.030328994
-0.020526788
-0.017983350
0.033098655
0.010161974
0.020329050
0.000000000
0.006172967
-0.037302753
-0.002238111
-0.007712275
0.000000000
0.039375935
-0.021789342
-0.014848244
-0.025577786
0.013929024
-0.007513832
0.000163894
-0.010215996
-0.007981261
0.002334318
0.005646942
0.012183530
-0.008065414
0.012155239
-0.008361200
0.028563924
0.019018022
0.002821728
0.015224860
-0.003243080
0.008931543
-0.007540416
0.012434127
-0.005353918
0.012346869
0.011896878
-0.001348341
-0.020903357
-0.023698211
0.016477906
-0.010539535
0.014079145
-0.001383440
-0.007566977
0.010945885
0.022588584
0.031575537
-0.020988726
0.002222527
-0.018672619
0.014520067
0.003115918
-0.000889244
0.000148336
-0.018102138
-0.013527022
-0.003679274
0.011301290
-0.020094288
0.025395281
-0.008038261
0.010753519
0.005408747
0.023105387
0.017560853
0.021913272
0.056102115
0.019894059
0.002995710
0.000000000
0.027071914
0.009574500
-0.001003577
-0.001004675
-0.004785362
0.034978290
-0.009675972
-0.014255127
-0.001249143
-0.002377795
0.007365271
-0.021498066
0.012251445
-0.048350898
0.013609108
0.044982872
0.030229172
0.016262688
0.014600491
0.006111781
-0.011696068
0.012509562
0.007639119
0.016353443
0.000000000
0.004639784
-0.006456389
-0.017192326
0.032416922
0.002794028
0.035306744
-0.019802700
0.021847735
0.001503973
-0.065547899
0.011850247
-0.026166176
-0.005830732
-0.023430404
0.000000000
-0.035587441
0.000000000
-0.032148836
0.039565195
-0.051293153
-0.021886673
-0.019670003
-0.026704823
0.000000000
0.059930412
0.000522741
0.000000000
0.057992645
-0.010285571
0.023999620
0.011967525
-0.002647162
-0.009441973
-0.043628231
-0.048282258
-0.018163914
0.012011673
0.019796211
0.006820509
0.007942285
0.000518480
-0.000648435
0.011605649
-0.012903458
-0.018613667
-0.004375733
0.010049117
-0.039036659
-0.011004022
0.002900328
0.008103694
0.000000000
0.022320776
-0.006038194
0.021305745
0.000000000
0.033554637
-0.012693312
-0.001808264
-0.004664446
-0.014388615
-0.005151507
0.013025601
0.025298045
0.003054236
0.024599826
-0.008216232
0.024448706
-0.010915734
-0.026111805
-0.008900100
0.004332828
0.029692137
0.000000000
0.014582608
-0.002436062
-0.008696124
0.010523919
0.010293500
-0.024391539
-0.032242444
0.034462267
-0.023556897
-0.022576165
0.010650244
0.018086911
0.013446360
-0.022006591
0.016301654
0.020923743
0.014030267
-0.004092128
-0.006412053
0.008460045
-0.007125956
0.021346428
0.006150864
-0.015448791
-0.036465333
-0.006354760
-0.103972608
-0.029558708
-0.016274589
0.031866550
0.010771661
0.008451671
0.007148855
0.010628298
-0.033770719
-0.011704367
-0.030239859
-0.002195436
0.014112498
0.003892921
-0.021675049
-0.003683357
0.025502335
-0.024973094
-0.008458834
-0.010788252
0.037985707
0.026477448
-0.017956890
0.054784139
-0.004600304
0.002877720
-0.010108436
-0.014620130
-0.014090032
-0.006744100
0.018622521
-0.003696817
0.026172987
-0.014390786
0.012512826
0.003464247
0.022793008
0.013986104
0.013930440
-0.005631563
0.043133594
-0.019326692
-0.027461636
-0.046906856
-0.001216547
0.002735170
-0.048661159
-0.044133234
0.014709784
-0.048060376
-0.011949214
0.025457181
0.036191651
-0.029927388
-0.007623866
0.001529354
-0.057667908
0.008419213
0.038664924
-0.004644434
0.040546114
-0.047119426
-0.097829804
-0.128486083
0.059971524
0.031274609
-0.001590439
0.002384829
-0.040507861
-0.033416949
-0.042345947
0.053186689
-0.021584265
0.013091721
0.034576381
0.022404260
-0.000402880
-0.006671399
0.014098972
0.039220658
0.011189122
0.004750555
-0.004941049
-0.026055744
0.042307095
-0.018540167
-0.024549291
-0.014984548
0.031481736
0.038887457
0.039747568
-0.050170106
-0.018124000
0.044526334
-0.034857089
0.009389747
0.019252772
-0.028453859
-0.013484209
0.000000000
-0.021256779
0.034552327
0.008641828
0.019266960
0.017821928
-0.000360611
-0.004699060
-0.001268855
-0.018675091
0.030037720
0.031423621
-0.005926426
-0.003502629
-0.017699666
0.001962424
-0.019980925
0.007065886
-0.045050982
0.010333624
0.011706880
-0.028482344
0.007574377
-0.011955729
-0.009013337
0.024546887
-0.032476609
-0.078748986
0.026740051
-0.043689626
-0.064652496
-0.049291868
-0.028170848
0.001230842
0.053873040
0.020990180
-0.030357926
0.032865632
0.038852909
-0.003510342
0.006571751
0.013015387
0.002152749
-0.010810832
-0.010050278
0.042138525
0.043462735
-0.009926064
0.028103024
0.088593615
-0.003447966
-0.049563108
-0.009982790
-0.491652403
0.078828646
0.004944185
0.050349921
0.047146738
-0.015915449
-0.010752817
-0.050440152
-0.005129710
0.052863632
-0.024692735
0.048790062
-0.014657104
0.012008196
-0.019012466
0.001620679
-0.006227140
-0.002175142
0.011636012
-0.004584132
-0.008141023
0.002720957
0.032088332
0.032365348
-0.008957252
0.011755782
0.024841342
-0.017500346
0.063513327
0.006134928
0.020950493
0.018034980
-0.018265366
-0.029224613
0.038399011
0.006825951
-0.027354801
-0.016684759
0.034927882
0.003198498
-0.006636951
0.008004767
0.024748100
0.010170365
-0.001320658
0.006148307
-0.014998014
-0.033901576
-0.011560831
0.017748583
