-0.024139014
-0.001746746
0.003490543
0.044300040
-0.022756890
-0.005128278
0.004275484
-0.002563228
0.023669845
-0.005025104
-0.042012116
0.041172123
0.031433356
0.016155724
-0.012092191
-0.008143376
-0.007386163
-0.007441033
0.014827196
-0.019818947
0.013256178
0.001644757
-0.000822131
0.005740143
-0.004096646
-0.007416687
0.004127171
0.021996899
0.001610326
0.033230782
-0.001557652
0.000779129
-0.036482946
-0.052229108
0.005093451
0.010947424
0.008340341
-0.009178130
0.012494740
-0.010819770
-0.011784605
0.015126336
-0.037387418
0.001730030
-0.001730030
0.012048104
-0.001712256
0.015306512
-0.003381278
0.013456866
0.026382449
-0.035614408
-0.051914915
0.013233506
-0.001754214
0.003505742
-0.065063670
-0.004679625
0.019508212
-0.022326369
-0.017078316
0.005725381
-0.019213012
0.009652595
-0.005780220
0.000000000
0.011527431
-0.006708300
-0.021380731
0.016000574
-0.003933021
-0.009900928
0.008915331
0.000985597
-0.001972273
0.015671175
-0.013698902
-0.019901083
-0.014170226
-0.010245954
0.003084936
0.001026052
-0.058063817
-0.025317835
0.005558517
0.015402029
-0.020960546
0.014830177
-0.013498608
0.016844713
-0.029380381
0.019307809
0.045087290
0.014941585
-0.022496998
-0.020799908
0.024044902
0.010741181
0.006389898
0.007403583
0.006302640
0.021751196
0.043114212
-0.044139398
0.002049322
0.006122345
0.010121701
-0.016244046
-0.017553475
0.005194732
0.000000000
0.031619376
0.052798064
-0.009569395
-0.006753680
-0.024498932
0.026433302
0.025752438
0.002820870
-0.038282170
-0.002931114
-0.014785951
0.028391504
-0.015564448
0.010726589
-0.010726589
-0.044095257
-0.021751196
0.031944905
-0.005083702
-0.006135193
-0.044032401
0.004278149
-0.021575802
0.018368965
-0.030437145
0.005503736
-0.017719218
0.019912118
-0.035678094
0.007914058
0.017857419
0.037986307
0.000000000
-0.032470427
0.033534783
-0.010695342
-0.031679298
0.021954653
-0.005443582
-0.036691204
-0.032223620
-0.005865022
0.040351243
0.025656597
0.003298629
0.000000000
-0.034620869
-0.052490310
-0.010836927
0.034506660
0.040119945
-0.026182592
0.014883224
-0.050098055
0.010695519
0.033704366
-0.047990545
0.034181381
-0.015178265
0.026699185
-0.022004519
0.035656576
-0.028655396
-0.001163299
0.006960445
-0.028137785
0.005927855
-0.019093698
0.001204048
-0.019441724
-0.022333517
-0.027991541
-0.018229816
-0.013227630
0.005312038
0.028722631
0.003853698
-0.002567435
0.006405930
-0.003838494
0.000000000
-0.006430921
0.000000000
0.007711966
-0.009003211
-0.006480797
-0.002604209
0.002604209
0.015484008
0.035223913
0.057638873
-0.089028924
-0.021922079
0.032074609
0.064775260
0.016432298
0.012724178
-0.009237962
-0.025853279
-0.024097669
0.032396664
-0.008298994
-0.024097669
-0.009804023
-0.013639408
0.019778324
-0.007371155
0.033942664
0.021227166
-0.030807970
-0.023129620
-0.006176703
-0.034029538
-0.019418180
0.012987259
-0.034124156
-0.014795030
-0.034462423
-0.004216441
-0.007067201
-0.005690004
-0.001427498
-0.052798386
-0.012121227
0.028551946
0.044902550
0.021024002
-0.033853953
-0.020290404
0.008746392
0.017266578
-0.014367980
-0.017518813
0.010256582
-0.010256582
-0.007390895
-0.001484884
-0.025584539
-0.056441185
-0.032789806
0.011599050
-0.003300208
0.016393714
-0.034742869
-0.030771771
0.029086735
0.023334399
0.006568270
0.009772042
-0.031278316
0.053715160
-0.042077364
0.051541135
0.009374881
-0.055969780
0.003284126
0.043310772
-0.051541135
-0.008298843
-0.054808357
0.054808357
0.014888578
0.033901645
-0.006369547
0.018988037
-0.015798192
0.046664659
-0.038734365
0.007867899
0.010911787
0.032039286
0.042622293
0.039497390
-0.002769980
0.023304682
0.034623792
0.002614421
-0.031832856
0.008053717
0.021164718
0.003919143
0.002604209
-0.014407738
0.017005182
0.050579520
-0.033859094
0.040005425
0.008541783
-0.019632578
0.015980725
-0.001220210
0.003656433
0.002430043
-0.028309696
0.004981408
-0.043153760
-0.031623399
-0.006715831
0.009389672
0.005326327
-0.033764053
0.028437725
0.024855144
-0.031231459
0.023177611
-0.008119099
0.005419957
0.013423165
0.076961062
-0.050643881
0.023107637
-0.001269882
-0.021837756
-0.007822702
0.005222109
0.006489250
-0.046335308
-0.024692680
0.015162439
-0.029148541
0.044084230
-0.016304658
0.033673293
-0.021419945
-0.005427452
-0.012320446
-0.011080362
-0.029684210
-0.014451123
-0.001456710
0.013034027
0.000000000
0.001438010
0.004301068
0.018427307
-0.015570072
-0.011477951
0.020000702
-0.027241790
0.039891251
-0.012649461
-0.012811522
-0.033506559
-0.014925656
-0.022814607
0.028811660
-0.005997053
0.011958356
0.013284287
0.018882030
-0.021818829
0.023256839
-0.056144653
-0.029300436
0.038377625
0.023810625
0.005865152
0.028820446
-0.020086945
-0.004357141
-0.008771958
0.023223081
0.024097427
0.027626219
-0.004095556
0.041533010
0.020780082
-0.007742084
0.005167999
0.014075640
-0.002544479
0.013915512
0.007509528
-0.008766770
0.037041415
0.012048342
0.003586364
-0.008388196
0.010771814
-0.024097437
0.027662739
-0.003565303
-0.028987322
0.014598753
-0.003629757
-0.024541117
0.026962502
0.009626957
0.014269048
0.002358443
0.001177078
0.000000000
-0.016607767
-0.014458038
0.006049816
0.009603842
-0.010811007
0.000000000
0.007220225
-0.016929093
0.013325622
0.014337117
-0.001186981
-0.008348304
0.032983025
-0.031786223
-0.039029308
-0.004987439
-0.015113721
-0.002541245
0.021397941
-0.011271348
-0.015228673
-0.005128111
0.002567343
0.019048004
-0.005044044
0.001263464
0.000000000
0.015037830
-0.010000009
-0.007566216
0.013828044
0.002493716
0.016059633
-0.006146238
0.024361746
0.004801831
0.005969983
-0.005969983
0.003586364
0.002383619
0.030483008
0.000000000
-0.002312093
0.014934575
-0.018412828
-0.001162031
0.015003160
-0.001145929
0.006857029
0.009070407
-0.017075038
-0.009227216
-0.005810775
0.026453644
-0.006833718
-0.005730736
-0.057969959
-0.035961818
0.023706760
0.041068483
-0.020323492
0.000000000
0.012004950
-0.005984523
0.003594960
-0.022989362
0.008531323
0.007255148
-0.019465189
0.019465189
-0.049392643
0.010075576
-0.011342241
0.034872835
0.003665107
0.012121365
-0.029341866
-0.011229158
-0.010088283
-0.032198610
0.009120736
-0.007812650
-0.011834420
0.020943153
0.005167999
-0.018205997
-0.001313103
0.003934282
-0.001309663
0.015604949
0.010269723
-0.012853651
0.043044528
0.019632641
0.012077320
-0.012077320
-0.001215844
0.009685233
-0.004830828
0.009638557
0.008358149
0.009467702
0.000000000
0.018670181
0.017192585
-0.003414785
0.024775883
0.006651773
0.000000000
-0.006651773
-0.014566076
0.010106735
-0.007851989
0.002249674
0.042887257
0.013896640
0.001061041
0.020987026
-0.003120118
0.008298849
-0.008298849
0.009331298
0.025472551
-0.012145755
0.003050429
0.016112912
-0.016112912
-0.002032585
-0.001017844
-0.006128915
0.006128915
-0.002038801
0.018200648
-0.013111418
-0.010204385
0.002049246
0.000000000
-0.006160271
0.024416299
0.005012596
0.000000000
0.022739382
-0.013779566
0.020598995
-0.014670348
-0.008906307
0.017734296
0.001951282
-0.005865101
-0.009852196
0.001978199
-0.001978199
0.000000000
0.008871292
0.017510221
-0.015549476
-0.003925342
-0.014858963
0.002989425
0.000000000
0.009900868
0.014670348
-0.005842359
0.004870983
0.006779699
0.014596338
-0.013487588
0.014444168
-0.000956580
-0.009615364
-0.008733684
0.013552874
-0.020398971
-0.010853386
0.001982162
0.000000000
0.014742187
0.009708819
-0.016561415
0.014627178
0.001934238
-0.006786263
-0.014698847
-0.047507797
-0.030480458
0.008501649
0.008429871
0.006276283
0.025734833
0.016129389
0.000000000
-0.018163978
0.010131699
-0.021396650
0.011264951
0.005078733
-0.008138506
-0.009235683
-0.018730831
-0.023380570
0.022329489
-0.002105265
-0.009528929
0.000000000
0.010582115
0.010471306
-0.009419227
-0.002105265
0.031122861
0.004077585
0.009113887
-0.031748715
0.007257789
0.003094276
0.008205179
0.013191472
-0.005052966
0.020060862
-0.022089261
0.009095361
0.008016390
0.011904906
-0.006927396
-0.000993542
-0.003983967
-0.004000214
0.011952442
0.001978241
-0.008933169
0.011893008
0.032948737
-0.003820446
0.016137144
0.016807126
-0.001853570
-0.013072088
0.006557404
0.026717401
-0.006383879
-0.001831598
0.010032103
-0.005459619
0.012692833
-0.001803521
0.007194280
0.022154219
-0.000876809
-0.000877488
-0.003518035
-0.005300460
0.005300460
0.014866918
0.000867590
0.005190326
-0.012152934
-0.008771900
0.007023737
-0.004384051
-0.008826187
0.000000000
-0.006225012
0.010647752
-0.003536699
0.000000000
-0.016972186
0.017857534
-0.003546013
0.011479160
-0.013257031
0.013257031
0.021711675
0.021250278
0.010041930
-0.000833073
-0.008368254
-0.008438873
0.008438873
-0.008438873
-0.009365761
-0.012048345
0.000865427
0.024777017
-0.015306341
0.014462102
-0.011894794
0.003413063
0.010169496
-0.000843526
0.000000000
0.006728459
0.016625494
-0.009109798
0.020585338
-0.009828093
0.010642673
-0.023898966
0.014079000
0.006557319
0.007326128
0.000810618
-0.030442428
0.013278209
-0.014950538
0.000000000
-0.003352897
-0.012674448
-0.026714227
0.044413900
-0.021960440
-0.014623924
0.011202280
-0.016415063
0.000000000
0.028407628
0.019418266
0.000000000
0.015761363
-0.004123733
0.024490949
-0.010539105
0.003254661
0.010504956
-0.024411149
-0.028406332
0.000847137
0.008431786
-0.009278923
0.019304092
-0.010865104
0.007534478
-0.010058697
0.015050442
0.027825110
-0.012997914
0.008143483
0.010488088
-0.004020847
0.015987532
0.018075155
-0.010963316
0.000000000
0.006279496
0.007794302
0.016936559
0.000000000
0.007604473
0.000757323
-0.004552409
0.008330290
-0.013667630
0.001527953
-0.023948740
0.003901698
0.003110483
0.023783135
-0.035497570
0.007824797
-0.002340953
-0.001563712
0.001563712
-0.010997846
0.022648430
0.000000000
0.033412394
-0.005992489
-0.011333751
0.025507752
-0.002224643
-0.008948625
-0.024261995
0.067508005
0.016364654
-0.031543855
-0.014673760
0.058840496
-0.018284645
0.000000000
-0.021521571
0.015113652
0.006407919
-0.008553025
0.018440121
0.008397549
-0.016866214
-0.000708855
-0.004976981
-0.001426451
0.007112287
-0.003549821
0.032193134
-0.004832671
0.013063188
0.003409425
0.000680534
0.002717306
-0.003397840
-0.004092819
-0.016540661
0.011744554
-0.018718111
-0.008432885
-0.008504677
0.023215990
-0.016123806
-0.012086848
0.029600499
-0.020344492
0.043681096
-0.027511948
0.017968650
-0.003430549
-0.004822612
0.014398618
0.005431142
0.006074870
-0.006752177
-0.005434761
0.021564111
0.021761524
0.016176345
0.000641672
0.005118275
-0.001916276
-0.010282868
0.027398901
0.002511036
0.000000000
-0.029909936
-0.005181326
0.006472540
-0.000645465
0.022974833
-0.063823673
-0.017639563
-0.032698465
-0.027060030
0.008740050
0.037014962
-0.065703957
-0.007490590
0.003752347
0.023687188
-0.015481285
0.011082484
-0.007374659
-0.048531205
0.020000700
0.021101056
0.038044151
-0.023975111
-0.019302708
-0.004507939
-0.006800204
-0.022231593
-0.020360956
0.008664845
0.003132374
0.019358006
-0.016235493
-0.015711152
0.025020850
0.009223749
-0.016975720
0.002331892
0.018462081
-0.029391176
0.007818722
0.001556356
0.024578887
-0.009912450
-0.003838695
0.012232528
-0.004569661
0.009118535
-0.006831172
-0.002287363
0.020401084
0.007451670
-0.009698004
0.011922606
-0.011173216
0.018553319
-0.033648011
-0.038764597
0.018794701
0.020730109
-0.035921532
-0.007168485
0.004784722
-0.013616604
0.011227065
-0.003194880
-0.016129326
-0.003257320
-0.028124296
-0.018628798
0.000854268
-0.031225325
0.001760513
0.030318523
-0.013745959
-0.006073816
0.004342176
0.031559121
0.006694563
0.010783996
-0.019159268
0.015025399
0.010712817
-0.009884725
0.027756912
-0.021978892
0.011456755
-0.015580479
0.011503826
-0.022305743
-0.006705871
0.001680709
-0.016081521
0.023609783
-0.008368263
-0.012685180
0.016878065
-0.015177347
-0.017138408
0.019684074
0.001693432
-0.011914950
-0.000856637
-0.003433468
0.027143304
-0.018581680
-0.011144461
0.012848076
0.034298625
-0.018257748
-0.020305196
0.032789856
-0.022585722
-0.015345472
-0.018206010
-0.012324191
0.008818503
0.003505688
-0.012324191
-0.010685728
-0.010801147
-0.002718684
-0.031338908
0.006532969
-0.011225713
0.016791617
0.079971400
-0.010300485
0.046363117
0.034011381
0.000795879
-0.036456101
-0.022529099
0.018395231
-0.016708938
-0.046560017
0.042338899
0.002534825
-0.013594132
-0.018998735
-0.007877497
-0.017730989
0.017730989
0.040470364
0.015906581
0.000000000
-0.015063037
0.000000000
0.000842748
0.005879943
-0.020305196
0.010204135
-0.027445968
0.017241834
0.021142384
0.010819898
0.012340777
-0.021488397
0.042524740
-0.024312338
-0.015709302
0.006644520
-0.003316741
-0.033786879
0.017880298
