-0.027009675
0.001418631
0.026774855
-0.010305405
-0.012225745
-0.019342963
0.009616519
0.008111816
0.003025103
0.013798755
-0.006975547
0.014494361
0.029139761
0.004584428
-0.000571965
-0.008618149
0.009952210
-0.008606802
0.009368222
0.007016366
0.028685212
0.001650991
0.000549939
0.023896894
0.001965816
0.008002156
-0.005505772
-0.008944581
0.023267132
0.016368293
0.000863054
0.001379588
-0.017031998
0.005941806
0.010228199
0.007046458
0.014114603
0.004549066
-0.008440314
0.019140940
-0.020837789
0.017421942
-0.004799517
-0.017331310
-0.007722167
0.012431307
0.019471605
-0.010291741
0.018787918
0.012777652
0.026866030
-0.001627547
0.010209870
-0.000322541
0.003059789
0.010556847
-0.015877261
0.007087652
0.029106754
0.012549609
0.026137287
-0.014656043
0.010899076
-0.014711542
0.011393884
0.001056773
-0.007877528
0.012544594
-0.001503102
0.012853276
-0.005509647
-0.014438472
-0.003642651
0.014341127
0.016352382
0.006173606
-0.020579478
-0.001796635
0.018853032
0.019658406
0.009329204
0.002853038
0.014846587
-0.018557237
0.023736774
-0.008694646
0.008415243
0.002510907
0.006941538
0.018097444
-0.013955553
-0.003312200
-0.002629906
0.017721529
-0.011641716
-0.018211265
-0.003795249
-0.012897681
-0.004432159
-0.013996300
0.009832266
0.011160585
-0.009722751
0.000000000
-0.007933566
-0.005081838
-0.007304698
-0.001614088
0.003079452
-0.004402121
0.011550655
-0.001309201
0.000436673
-0.012444424
-0.003837536
-0.003258903
-0.007296462
-0.001795096
-0.009175157
-0.006062470
0.000000000
-0.009623418
0.011901199
-0.007001445
0.008062691
-0.000303014
-0.014656934
0.026559008
0.005079233
0.010081683
0.010418840
-0.004389169
-0.013432753
-0.004319000
0.001491226
0.018603837
-0.021588736
0.012330134
-0.016824620
-0.001803385
0.020398246
0.017096938
0.018090965
-0.012744597
0.015728199
-0.000851545
-0.006267068
-0.054765723
0.006618366
0.008211940
0.007850157
-0.005302392
-0.007012323
-0.003831697
-0.018599575
-0.002035855
-0.009608517
-0.028415090
-0.014764141
-0.008463962
0.040021544
0.035395021
-0.010409441
-0.008784383
-0.010771493
0.017210442
0.016149391
0.000462007
-0.000924154
-0.018508932
0.002351941
0.003751593
0.031636742
-0.004697474
0.019701434
0.000446739
-0.020755791
0.000455974
0.006963205
-0.025824651
-0.007614014
-0.000155996
-0.005318406
-0.008030834
0.054607963
0.009683428
0.026047874
-0.003327837
-0.003629820
0.001453544
-0.002035470
0.001599674
-0.011986796
-0.010941802
-0.011363920
0.021717375
0.007914282
0.003643113
0.003629820
0.012815947
-0.004876421
-0.005045196
0.006768837
-0.011258631
-0.027072419
-0.000745930
0.035770331
-0.001585414
-0.014236076
-0.018308478
0.003569748
-0.003420748
0.017427706
-0.007937689
-0.003252082
0.008257071
0.002493219
0.007733424
0.002902801
-0.014451818
-0.001913305
-0.034165696
0.023651037
-0.032839448
-0.035547489
0.017540063
-0.003766387
0.026990804
-0.020096363
-0.017167109
-0.004936779
0.036983260
-0.013942957
-0.007359300
-0.022408583
0.003849915
0.003037297
-0.001437491
-0.007380212
-0.000644262
-0.004198354
0.021609525
-0.000316799
-0.017255599
-0.026123879
-0.050031613
0.022697021
-0.007165982
-0.041071865
0.015929556
-0.026692103
0.007008845
-0.014975470
0.020867817
-0.006608989
-0.026329243
0.006419100
0.001461345
0.006550379
0.038076026
-0.034094064
0.032171840
0.008187520
0.029740716
-0.015272589
-0.029676723
0.012602848
0.013991109
-0.008613359
-0.002078312
-0.012034602
0.025979944
-0.002396353
0.012771504
0.016778996
0.029510250
-0.017272609
0.022750234
-0.004831621
0.006116276
0.014388621
-0.000812026
0.020901213
0.018132106
0.011496191
0.009225070
0.019700714
-0.002855331
-0.008766635
-0.001215271
0.015085526
-0.000299417
-0.012963738
0.004239302
0.002414159
0.044366613
-0.016865745
0.003659057
0.006842751
0.010823370
0.000717519
0.000860170
0.015923016
0.001409359
-0.015900411
-0.005308570
-0.027566914
0.012053456
0.019246732
0.014089909
0.011801111
-0.012649560
0.016691653
-0.008801943
0.010330756
0.012422706
0.011049767
-0.004487075
-0.015795943
0.020147391
-0.008174386
-0.013358477
0.005254623
0.007966841
-0.009208915
-0.010270662
-0.003913911
0.011280568
-0.004719513
-0.003344938
0.000976608
0.014813046
0.000412343
-0.000687183
-0.024349108
0.007716835
-0.003500245
-0.025138022
0.006022207
0.004991345
0.004258288
-0.000566758
-0.003122776
0.003264569
-0.005256925
-0.028170851
0.003218284
0.011327502
0.000865972
-0.005933090
-0.013148399
-0.010941920
-0.003873069
-0.015795930
0.047959545
-0.015879274
0.025229833
0.007702217
0.005949953
0.014443200
0.021485279
-0.032966922
0.022144254
-0.016666925
-0.018945825
0.000427991
0.011631411
0.002816403
-0.019884226
-0.009512772
0.004911786
-0.003320144
0.008064653
0.014665170
0.007884027
0.001961406
-0.021932242
0.017443553
0.002106680
0.013516444
0.006209087
0.004939476
-0.003152910
0.005067443
-0.005479297
-0.005509645
0.012626922
0.006118814
0.003653278
-0.023504679
-0.004712414
-0.014412851
0.010515187
0.017146497
0.014428030
-0.007868798
-0.014404511
0.038359385
0.002921252
0.020083267
0.016880696
0.010044122
-0.002456099
-0.001943605
-0.019115515
-0.001455056
-0.009309949
-0.006972364
-0.001615889
0.016043308
-0.005319293
-0.007628988
-0.022143058
0.000000000
0.000549042
0.003836646
0.010611113
-0.036658476
0.007830154
-0.011204589
-0.004658989
0.005362972
-0.017034094
0.013509150
0.009278808
-0.010833585
-0.008381507
0.008664195
-0.002265358
0.001699419
0.004940444
-0.004940444
0.005503498
0.007430778
0.001814270
0.005145818
0.004428944
0.008115174
0.002052702
-0.022814727
0.007107616
-0.008507175
0.021476163
0.006149802
-0.013579555
0.000000000
0.001242273
-0.002762454
0.006204668
0.000000000
-0.003166394
0.001102582
-0.003725932
-0.027614139
-0.005129666
-0.008608343
0.008608343
0.001427498
-0.029680065
-0.024545626
-0.015174812
0.003358288
0.042369113
-0.006741926
0.017637639
-0.001590754
0.016363203
-0.005854161
0.002431603
0.016295079
-0.003519854
-0.019224566
-0.006491304
-0.014577365
0.002932676
-0.009562619
0.003688742
-0.008727207
-0.019654066
-0.003034858
-0.007474718
0.021659208
-0.017076248
-0.006422118
0.016883924
-0.012139813
0.004721710
-0.005943916
0.008523827
-0.001213309
0.001516312
0.005439779
0.013173645
0.017835229
-0.008067380
0.016070527
-0.016070527
0.005873877
-0.004402195
-0.003683307
0.002506128
-0.003244414
-0.002958538
-0.005496494
-0.004778434
-0.007662706
-0.009852338
0.007587382
0.009778162
0.001196700
-0.001795741
0.009095732
-0.004015829
-0.020324393
0.006216407
-0.024635893
0.007101020
0.024163403
-0.013757888
0.001673227
0.016579084
0.001493664
0.000149189
-0.000149189
-0.005988088
0.032644403
-0.001745330
-0.010831558
-0.002209896
0.004415052
0.000000000
-0.019573656
-0.020881338
-0.015408533
0.017716258
0.015402787
0.010902308
-0.009513711
-0.000925358
0.008451752
0.039603198
0.007765066
-0.000291916
0.004370082
0.003627069
0.006495755
0.000000000
-0.003892349
-0.007685123
0.018603146
0.008111042
0.010853570
0.002100780
0.014168855
-0.003592784
-0.008619537
0.004458203
-0.002366013
-0.003349454
-0.000559464
0.002095991
0.000279278
-0.020869375
-0.001568707
0.000428113
0.018094822
-0.007452780
-0.009929201
0.002989292
0.011305926
0.009649656
-0.011618943
-0.006781580
-0.001702762
0.021494234
0.000694550
0.028749470
-0.001620561
-0.001082124
0.000270648
0.024322875
-0.012488329
0.011959971
0.003165472
0.007216416
-0.013292123
-0.048452462
0.019008775
0.000409338
0.020385453
0.000935053
0.007316251
0.010415991
0.000000000
-0.009886001
-0.008514009
0.021804586
0.018135114
0.002308038
0.015125802
0.001008743
-0.001892226
-0.011428517
-0.009237938
0.005911843
-0.015886852
0.000000000
0.002470641
0.006214453
-0.011945071
-0.006683706
0.005245761
-0.010783877
0.012482953
0.001565699
-0.009431326
0.001578024
0.018487536
0.000644889
-0.002323116
0.005155279
-0.013199020
-0.002216903
-0.005891746
0.009540576
0.008677020
0.006811078
0.006001422
-0.036957315
-0.027997054
0.004608118
0.013698919
0.002398134
-0.005336866
-0.006576811
-0.021231176
0.016371571
-0.002031826
0.003383977
0.011153883
-0.050428523
0.012570018
-0.008922449
0.007255525
-0.003900329
-0.002375384
-0.026653180
0.023289774
0.017118293
-0.006784307
0.000000000
0.002132042
-0.006266985
0.010093181
0.012789346
0.002649652
0.023944958
-0.004224236
0.010189712
0.000405403
-0.007731517
0.000136097
0.006919521
0.007408983
-0.020473984
0.010085905
0.000000000
0.006353625
0.007116441
0.014874087
0.011012153
0.005071826
0.008525022
-0.004770194
0.001549529
0.007712246
-0.004491581
0.005387437
-0.002561773
0.001665917
-0.022269163
-0.011720721
-0.002387236
0.002519752
0.030779659
0.009586586
-0.005868933
-0.005646154
-0.019622425
0.013555944
-0.000517916
0.000000000
0.010693837
0.006387421
0.000763664
0.003683376
-0.007763364
-0.000638990
-0.002432108
0.012101349
0.000885988
0.002652937
0.006664530
-0.009570613
-0.011837422
-0.015484181
0.000000000
-0.003778225
0.015542341
-0.018549099
0.009901025
-0.040881398
-0.055531168
0.023978418
-0.007694963
0.000000000
0.014639513
0.004005859
0.000000000
0.018574631
-0.012390449
0.006554791
-0.014118502
-0.006092593
-0.009629502
-0.013411626
-0.002276789
-0.004282531
0.014204943
-0.000987883
0.001974548
-0.000281848
-0.006504506
0.001417572
0.032200153
0.001233775
-0.003430911
-0.005375977
-0.002213977
0.002075571
0.007985740
0.013891157
-0.000811826
0.000000000
-0.001761157
0.003924544
0.012882430
0.000000000
0.025927833
-0.009923086
0.011610516
0.002073157
0.006965034
-0.003863600
-0.007771935
0.003893574
0.002199648
0.002839412
0.002059967
0.008580514
0.006102193
-0.002410929
0.005953437
0.005290396
0.017558534
0.000000000
-0.004205971
-0.015364686
0.006399436
0.019692330
0.003794573
-0.011180118
-0.019839792
0.008158174
-0.001250834
-0.021506169
-0.011705019
0.013876679
0.008006610
-0.003169597
-0.000507982
-0.000381273
-0.001780996
0.001272452
0.007979230
-0.021678955
-0.014936343
-0.014233187
-0.015247142
0.011672036
-0.010291714
0.001102934
0.004673369
-0.002746417
0.021225269
-0.010828376
-0.007376159
-0.000960106
-0.014096549
-0.011900619
-0.000281695
-0.007352948
0.004813732
-0.011078226
-0.011057674
0.001875460
0.002590997
0.013423177
0.005939803
-0.008780747
-0.023022630
0.005660814
0.000144664
-0.001448198
-0.008733538
-0.005865189
-0.014815074
-0.010502672
-0.005141489
-0.026266740
-0.027615220
0.018389903
-0.016791213
0.011909662
-0.005540138
-0.038015124
0.006082062
0.008810628
0.006799446
-0.024995163
-0.005474009
-0.107173416
-0.000185164
-0.018692039
-0.008526887
-0.008408224
0.026324784
0.009672700
0.019976870
-0.020717596
0.008485519
-0.024545699
0.027114140
-0.061197362
0.019290625
-0.043141155
0.005371521
-0.035133823
-0.031523275
0.058688919
0.000000000
0.027809650
-0.003507421
-0.032536041
-0.007895635
-0.018048060
0.009474783
0.017275185
0.026837924
-0.042679022
-0.008015678
-0.030591083
0.010582079
0.024949352
-0.043220518
-0.031361432
0.016021418
0.010611785
-0.001724757
-0.047280821
0.022593585
0.016235596
0.001522160
-0.000434634
-0.004357357
-0.000655177
0.019258350
-0.023198871
-0.001976029
-0.003522658
-0.054618829
-0.018573454
0.013201500
0.010715205
-0.008142308
0.011380788
-0.034538761
0.045563243
0.027485378
-0.039665190
0.011037108
0.011142877
-0.084178465
-0.023647548
0.072847674
0.056455580
-0.016289462
0.026200429
-0.015459692
-0.028215404
-0.040273866
0.019620246
0.048230356
-0.030164653
0.032675815
-0.023530511
0.003727917
-0.031658740
0.032356037
0.001161463
-0.016382313
0.025624403
-0.018336308
0.016033769
-0.046717537
-0.005571165
0.031794252
-0.059125700
-0.018899371
-0.003312569
-0.009488376
-0.013228163
0.003388551
-0.010200135
0.004982265
0.027858427
-0.003823118
-0.004094223
-0.029402403
-0.028661431
0.005420136
-0.008141205
0.045541065
0.001040867
-0.029561344
-0.000803976
0.048407065
0.023227537
-0.005003775
-0.003014255
0.065010030
0.029041405
-0.051691024
-0.030605925
-0.037749954
0.025995467
0.022142885
-0.026428788
0.009304643
-0.004012944
0.005513662
-0.020962966
0.052938246
0.028399393
-0.019002895
0.083247321
-0.023893092
0.000000000
-0.029585967
-0.006070463
0.025206547
-0.056366264
-0.021984103
-0.001977878
-0.022776588
0.046738568
0.054308953
-0.002291028
0.043314295
-0.002859335
0.004395577
-0.007705008
0.018610246
0.023581021
0.025518995
-0.024460307
0.006959896
-0.011626826
0.005724542
0.035106004
-0.019998646
-0.013206393
0.021708281
0.031903535
-0.014098937
0.008281978
-0.004233422
0.006042350
-0.006042350
0.020792490
-0.018774342
0.011824997
0.026736423
0.031506193
