-0.062453016
0.047731396
0.057629142
-0.051293413
-0.040821860
-0.040273785
-0.037213784
-0.031290211
0.000000000
0.036018286
-0.033576067
-0.024692769
0.019802602
-0.002453954
-0.019851743
-0.002509376
-0.022872597
-0.036653333
-0.054808302
-0.057987331
0.038072011
0.019915320
-0.014184726
0.005698233
0.005665657
0.083946344
0.007762161
0.020408583
-0.078780852
-0.016529353
0.040822257
0.005319086
0.076567963
-0.047807683
0.005141326
0.040206366
-0.007416492
0.024510934
0.004830859
0.033178417
0.034367629
0.002249688
-0.006764305
0.026787394
0.000000000
0.019629801
0.004310511
0.044171021
0.006153779
0.042048261
-0.005899639
0.013712069
-0.011741653
-0.015873328
-0.030459193
0.063893900
0.003860954
-0.009680681
-0.003898586
-0.029734588
-0.012145936
0.018164129
0.009950394
-0.050772440
-0.042559670
0.006500695
0.046421828
-0.004132179
0.016427242
0.070756632
0.039074755
-0.042877183
0.030020979
0.038082594
0.065427941
-0.003339025
0.042559686
-0.050955922
0.008891192
0.003355661
0.069551078
0.038318797
0.046998315
-0.105838782
-0.054067131
0.021649338
-0.028406198
-0.050401635
-0.021622530
-0.007312545
0.000000000
-0.037387580
0.020735802
0.007435064
-0.018692062
0.000000000
0.029741931
-0.009199756
-0.051196074
-0.007812431
-0.009852360
0.021548434
-0.023530568
-0.026132186
-0.028927442
0.008350662
-0.006256663
0.008333690
-0.025211708
-0.006403348
-0.015102777
-0.033152195
0.043963180
0.000000000
-0.015168452
-0.010976906
-0.029117218
-0.037041460
0.025612692
-0.006920345
-0.047402542
-0.007308092
0.004877990
-0.019656377
0.036544606
-0.002394933
-0.034149673
0.017220605
0.054580522
-0.013953755
0.007001097
-0.035506674
-0.036813958
-0.012578863
-0.028243078
-0.026386924
0.034168956
-0.007782031
-0.026386924
0.079631464
-0.030077544
-0.020566251
0.020566251
0.015151850
0.044124932
0.000000000
-0.024273189
-0.029927511
-0.007623818
-0.033725691
-0.034902932
-0.027702498
-0.025606175
0.008608548
-0.040822019
-0.039458906
-0.025079655
-0.025724861
-0.110076510
-0.025784130
0.075439743
0.057158296
-0.029852882
0.003361300
0.039478926
0.047252546
-0.015503971
0.078117905
0.075139441
0.008010884
0.120144158
0.092304036
-0.082914188
-0.007034167
0.041480726
-0.015927535
0.006857074
-0.030060120
-0.085731587
-0.166589405
0.067178789
-0.037414496
0.002928219
0.002919669
-0.023599886
-0.071127292
0.012738848
0.043350470
0.006042231
0.020865455
0.079361495
0.016216622
-0.122485802
0.000000000
0.018018561
-0.008968544
-0.036701476
-0.031648089
-0.032682857
0.019737544
0.000000000
-0.009819908
0.000000000
-0.043704506
-0.034968825
-0.010733407
0.052551478
-0.006849246
-0.003442296
-0.045863493
-0.018215183
-0.007380380
0.032789738
-0.003590618
-0.055467062
-0.030890449
-0.035931912
0.136575544
-0.065957779
-0.046520144
0.038915265
-0.011516280
-0.011650850
-0.023716600
-0.127833334
-0.080421407
0.009803863
0.009708679
-0.044451651
-0.041242910
-0.054067012
0.016529070
0.010870073
-0.027399143
-0.033901649
-0.035091425
-0.048790103
-0.051293227
-0.047146802
0.053704110
-0.013157899
0.026144914
0.019170299
-0.019170299
0.000000000
-0.059818342
-0.085767093
-0.093818244
-0.059088938
0.025752135
0.016807738
-0.042559873
-0.110203467
0.009661778
-0.080042626
0.060624809
-0.009852158
0.009852158
-0.040005804
0.020203457
-0.030459817
-0.074901378
-0.045461741
-0.011695872
0.121696347
-0.021053115
0.021053115
0.060624809
-0.009852158
-0.040410007
-0.132058992
0.000000000
0.057157614
0.085157739
0.020203457
-0.139262278
0.011428536
0.033522233
0.021740794
-0.021740794
0.010930033
-0.033152868
0.011173148
0.011049687
0.032435932
0.300891851
0.068468396
0.070951459
0.059818342
0.214070248
0.094362968
-0.043590316
-0.087911676
-0.170500422
0.103436007
0.098981568
0.000000000
0.020726369
-0.015504497
-0.087011280
0.039002183
0.016260296
-0.021739685
0.005479389
-0.010988968
-0.011111068
-0.081440360
-0.030771852
-0.098440029
0.013698653
0.133531479
0.063422108
0.105918612
0.109372961
-0.104360489
0.048790480
-0.014389026
0.101003221
0.091730944
0.035228998
-0.109643292
0.029600486
0.072320474
-0.047627789
0.016129156
-0.004007966
-0.079373324
0.054981795
-0.029229660
-0.012793173
-0.094452235
0.094452235
0.021232354
-0.025533376
-0.057665738
-0.004576603
-0.009216525
-0.062072526
-0.076763979
-0.026955982
-0.050430719
-0.023257131
0.023257131
-0.023257131
-0.023810316
0.006005939
-0.006005939
0.035506789
0.056511989
0.053488486
-0.021053115
0.110665547
-0.053802953
-0.105918612
-0.011236489
-0.058155703
0.205016051
-0.019704794
0.024570916
0.009662268
0.014319852
0.014117685
0.032186710
-0.075152637
-0.014742075
0.014742075
-0.014742075
-0.025064128
0.054334592
0.019047927
-0.043380179
0.019512542
-0.024450754
0.009852158
0.014598596
0.028573463
0.009346208
0.009259194
0.079687949
0.073804196
-0.044451964
0.028515189
0.095675428
0.025226210
0.021127613
0.057545717
0.085090449
0.023882007
0.100925921
0.023716461
-0.061764828
0.092536317
0.000000000
-0.025576746
-0.047754301
0.032088137
-0.034809466
0.029532483
-0.016000389
0.057457051
-0.017926227
0.010282985
-0.007702374
-0.010362642
-0.061764828
0.032700563
-0.083847942
-0.020619300
0.063421823
-0.042802523
-0.014684345
0.026278517
-0.008683002
0.096894606
0.015707176
0.012903486
0.035267902
-0.048171388
0.010335865
-0.080256930
-0.005586529
-0.005617913
-0.037307114
-0.014727901
0.008862864
0.070951609
-0.011019523
-0.011142021
-0.011267855
-0.028737503
0.062166902
0.000000000
-0.033429400
0.011267855
0.002797166
0.038360891
-0.018996512
0.027028844
0.007968057
-0.018692143
-0.044084216
0.002812902
0.005602177
0.019364379
0.008185748
0.010810764
0.062520282
0.029853054
0.024214167
-0.016888229
0.012092124
0.107041917
-0.026259792
-0.054683255
-0.065319535
-0.030459300
0.086366892
0.007067069
0.004684023
-0.007034167
-0.080827198
0.073743442
-0.063591213
-0.005063231
0.012610588
0.024753645
0.028917764
0.073259200
-0.026847333
0.006779823
0.031044416
-0.063083788
-0.035506674
-0.031826486
-0.012515889
0.017478609
-0.007453347
0.036723819
-0.009662023
-0.029558641
-0.020202681
0.010152230
-0.028170744
0.050643795
-0.019951016
-0.022930882
0.012804355
0.027605137
-0.020000644
-0.002528411
0.012578863
0.024692768
-0.007344120
0.007344120
-0.004890166
0.050189773
0.058840595
0.010928917
-0.028667945
0.006689122
0.004434535
-0.020112356
0.024527537
0.002200190
0.049313061
-0.012631571
-0.019251879
-0.010858162
0.051075301
0.079723169
-0.013500499
-0.021590730
0.029327605
-0.031313675
0.042808089
0.000000000
-0.005730790
-0.005763625
-0.017493111
-0.003929223
0.003929223
-0.003929223
0.055516648
0.012951159
0.001836522
0.012762074
-0.010928918
-0.001833155
0.000000000
-0.007366601
-0.024322845
-0.048506224
-0.020081126
0.016097113
-0.008016167
0.043313855
-0.013579267
-0.029734589
-0.043171985
0.016667029
-0.042200405
0.017094411
-0.014941588
0.050325021
-0.037504294
-0.061288355
0.008988699
-0.076692743
0.014389026
-0.007168388
-0.029199238
0.082887697
-0.013730232
0.022779940
-0.004514848
0.004514848
-0.015891376
-0.013825383
-0.047514704
-0.042242223
0.020101155
0.009901185
-0.022417074
-0.046399955
-0.024033135
0.075458412
-0.007547357
0.000000000
0.020000644
-0.002478028
0.004950435
0.052896936
-0.028505577
0.026160704
0.034605519
-0.039311345
-0.053281364
0.039029298
-0.019324001
0.021713699
0.025914165
-0.004661948
-0.033257485
0.058633583
0.024748282
-0.022472768
-0.175978126
0.055350121
-0.002567621
0.030382177
0.009925753
0.004926049
-0.002459991
0.000000000
0.007361893
-0.029778967
-0.017789292
0.015267258
-0.007604493
0.012642474
-0.005037980
0.012547297
-0.015075708
-0.002534820
0.000000000
0.005063231
0.000000000
0.007547357
-0.002509376
-0.020305239
0.010204027
0.022585847
0.041318061
0.041964086
-0.002285683
0.029314436
0.004434535
0.017544288
0.021506125
-0.006403348
0.014878073
0.020877718
0.002063745
0.014329835
0.016129568
0.013902912
-0.009910947
-0.003991965
0.000000000
-0.014099138
0.014099138
-0.016129568
0.006079168
0.020000591
0.009852360
-0.025820744
0.010010158
0.023623017
0.005819726
0.021053504
0.040821801
0.003629718
-0.001813027
0.051293294
0.010291542
-0.006849246
0.011955742
-0.003401490
-0.010273919
-0.019114483
0.036179678
0.010101126
0.010000113
-0.003322215
0.037555242
0.037740443
0.040822039
-0.019447167
-0.018293248
0.006135059
0.003053395
0.049080404
0.098077204
0.075986005
-0.015980698
0.031709903
0.000000000
-0.024302566
0.048028383
-0.003523029
-0.004717044
-0.003552352
0.029224822
0.068992919
-0.010811095
0.016172853
0.018018578
-0.012685306
-0.132923683
0.015672563
-0.047773888
-0.048853003
0.024724799
0.014039730
0.093118642
0.040729731
-0.006674240
0.042606078
-0.018349102
0.028987461
0.026111206
0.000000000
0.061957924
-0.003883644
-0.032627556
-0.029579009
0.043551199
0.000990677
-0.045577594
0.037625276
-0.011038694
-0.013204990
-0.068773800
-0.045946502
0.010268407
-0.036998508
0.000000000
-0.016627470
0.060413124
-0.090810545
0.077189524
-0.026637461
0.010508069
0.039845932
-0.078927341
0.000000000
0.037919310
0.015003075
0.000000000
0.068611033
0.001068932
-0.012903444
-0.006514590
0.023682374
-0.013926115
-0.040732205
-0.038951008
0.036701320
0.011198396
-0.043237768
0.028655206
-0.012507327
-0.009195339
0.031820656
-0.006733824
-0.021628663
-0.003458168
0.001154052
-0.015107809
0.007001217
0.044350605
0.006651929
-0.011111183
0.000000000
0.004459254
0.012161733
0.000000000
0.000000000
0.053488587
0.032789885
0.054915491
-0.043887864
0.010907345
0.010789856
0.000000000
0.052268276
0.020165668
0.025090937
-0.030550382
0.017187160
-0.019928101
0.044730005
-0.015873217
-0.048257039
0.052691574
0.000000000
0.009687303
0.012195370
0.002594087
0.023891935
-0.013582622
0.008510831
-0.038001291
0.029490460
-0.008583623
-0.023551138
-0.008865273
0.063814738
0.013278271
-0.000824731
0.001648782
-0.003300287
0.004123575
-0.011589456
0.015696348
0.044095274
-0.007874188
-0.026433134
-0.043124329
-0.039763381
-0.017793997
0.040462924
-0.028860811
-0.021525559
0.013507812
0.015091154
-0.009738944
0.008857421
-0.017793997
0.000897251
-0.050585540
0.032485475
0.024358471
-0.011654119
-0.012704353
0.006372351
-0.019240184
-0.011162941
0.021287326
0.000915412
-0.019400251
-0.020735994
0.007590257
-0.014279152
-0.036119097
0.004957799
0.009842663
0.031809957
-0.001899212
-0.047697727
0.020721029
0.077033442
0.034654610
-0.017621534
-0.023382492
-0.022079988
0.012939190
0.015333299
-0.026692782
0.016651638
-0.006442751
-0.022409845
0.036165162
-0.020239847
0.008329622
0.020976555
0.004502343
-0.009932253
-0.015546645
-0.044284289
0.047964106
-0.009225244
-0.010246928
-0.027529016
-0.015519153
-0.037853112
-0.025708387
-0.063428095
-0.076073398
0.024838498
-0.036887072
0.069073758
0.064609291
-0.027958831
-0.029886133
-0.069795712
0.023810631
-0.051912605
0.028101974
-0.008469531
-0.032101422
-0.067470513
-0.008086209
0.017438348
0.019750528
-0.054936865
-0.013869837
-0.001397609
-0.005610051
0.005610051
0.038413500
-0.014915505
-0.012371296
0.069453858
0.058877354
-0.015941427
-0.006199706
-0.020101214
-0.045432892
0.088890907
0.010876367
0.001201188
0.043459570
-0.033901536
-0.005963103
0.054696581
-0.001133132
0.022422559
0.025179163
-0.013057824
0.002188050
0.001092398
-0.032171367
-0.009060100
0.019155647
0.009994420
-0.024609814
-0.011389636
0.007986380
-0.031162370
-0.075461620
0.023736400
0.019560435
-0.040771609
0.008788538
-0.007528184
0.052740529
-0.045212346
0.017348700
-0.014851720
0.017305558
0.013390442
-0.009720628
0.016949619
-0.030471621
-0.001238377
-0.006214992
-0.001247774
-0.016362806
0.007585417
-0.008855244
-0.061578052
-0.013605641
-0.026372096
-0.015592067
0.083552940
0.049978344
0.042820148
-0.036589540
0.052038281
-0.022660476
0.013181836
0.001189755
0.002375272
-0.013134494
-0.036723802
0.058127597
0.043735386
0.022272732
-0.006629786
0.103140693
0.000999489
-0.076801106
0.004305664
0.037939228
0.024515977
-0.003031906
-0.022518826
0.004132192
0.074476089
-0.024214190
-0.050261898
0.020408857
0.016032537
-0.002986631
0.032371679
-0.007752089
-0.015686525
0.006893108
-0.025846187
-0.012158276
-0.011276473
0.032457369
-0.032457369
-0.030352920
-0.028019098
0.067607592
-0.047055006
-0.014016576
-0.016420662
-0.049784064
-0.010495727
0.022029871
-0.003446261
0.032826928
0.040376461
0.045985035
-0.042781542
0.011658722
-0.020224099
-0.032789794
-0.033901637
0.005730728
0.067391523
0.030512611
-0.028378054
0.042781542
-0.019598248
0.010362674
-0.047502243
-0.004333764
-0.006536010
-0.016529121
0.024150306
