-0.015151917
0.039294021
0.036040178
0.010563467
-0.021687074
0.012892037
-0.005758677
-0.083826006
0.011527658
0.043911650
-0.010567529
0.004148423
0.015518358
-0.007729182
-0.065543048
-0.046891254
-0.030069783
-0.005806312
-0.045487011
0.030553313
0.058948044
0.055665483
-0.015451786
-0.004877923
-0.001468068
0.055715539
-0.056695356
0.033738140
0.022493949
0.040859124
0.010179184
-0.027227650
0.023256921
-0.045215853
0.019240363
0.004526868
-0.041029058
0.000000000
-0.033009531
0.011124835
-0.019427702
-0.044630035
0.004604879
-0.002555661
-0.022775246
-0.012645043
0.000000000
0.001059659
0.001058781
0.050552482
-0.014694971
-0.022716630
0.055852096
0.006399209
-0.040045250
0.009150928
-0.043440264
-0.030589835
0.014606805
-0.037203455
-0.022548887
0.025887657
0.007196238
0.046871030
-0.013245376
0.002663135
-0.020419778
-0.009820099
0.027576742
0.024588246
-0.029462156
-0.014500946
-0.003940327
0.092588852
0.080952018
0.095353274
0.011144501
-0.039561870
-0.065988108
0.070413108
0.089876905
0.088019709
-0.081984576
-0.043030910
-0.048475967
0.023029535
-0.041663515
-0.033237638
-0.012579068
-0.002346720
-0.050106746
-0.005946499
-0.013510421
0.019950805
0.000493696
0.015185087
0.010638524
0.007666509
-0.019764560
-0.024144989
-0.000498701
0.063321361
-0.021781235
-0.013979510
-0.024571244
-0.005987931
0.059740808
0.005641765
-0.008001988
-0.039523023
-0.029435739
-0.014278803
0.046659998
-0.003929260
-0.031494646
0.006075799
-0.000504914
-0.024540996
0.015408512
-0.021639061
-0.048555806
-0.009890314
-0.002211065
-0.021819016
-0.001698305
0.015739712
-0.043894390
-0.002918017
0.078107635
-0.037449353
-0.040658282
0.030505974
-0.010829327
-0.008055451
0.013769646
-0.014925436
0.001733507
-0.031078507
-0.001788409
0.076364134
0.014270317
-0.050289801
0.023783679
-0.015792854
0.028581287
0.049053331
0.029543509
-0.061071765
0.049255539
-0.039530868
0.017057904
-0.023530419
-0.015267493
-0.010494487
-0.033308201
-0.033861789
0.019406437
-0.027754904
-0.081041169
-0.003252048
0.035203626
0.106680543
-0.021715309
0.034633031
-0.046838840
0.057385696
0.033662288
-0.026509646
0.037131076
0.006843982
0.045135831
-0.024880687
-0.015544355
-0.029141067
0.023380371
0.023359515
0.021320606
0.001004053
-0.023865125
-0.029199196
-0.024097403
-0.028588916
-0.077675481
-0.006652592
0.006049716
0.037874307
0.034249925
0.017798003
0.009327986
0.095756838
-0.004476367
0.035744309
-0.112386435
0.006437850
0.014335172
-0.009530411
-0.034238504
-0.010731566
0.026892475
0.022951628
0.004850568
-0.040597867
-0.047587181
-0.027382814
-0.026293126
0.055435985
0.039648938
-0.019915250
-0.026202412
-0.078519727
-0.014786663
-0.003893577
-0.003908725
-0.017781157
0.021039571
-0.021039571
-0.035850974
0.004809324
0.003421168
-0.027000654
0.015320671
-0.028743654
0.009203571
-0.064773344
-0.009822565
-0.025376279
0.007757956
-0.005424235
-0.041242893
-0.011400884
-0.046949007
0.036244950
0.047685878
-0.036981821
0.020268268
0.033152180
0.028321864
-0.039250868
0.011705156
-0.047665851
0.020934665
0.052010264
-0.044864547
0.006309193
0.024078869
-0.026440143
-0.013486933
-0.076322138
-0.061325437
-0.034502193
-0.028876004
-0.084528749
-0.044548262
0.069733319
-0.029444755
-0.052586121
0.032100169
0.003262643
-0.007629419
-0.012108048
-0.008898990
0.050119465
-0.008537854
0.040950683
-0.022893876
-0.099529507
0.046572866
0.137684748
-0.010695315
-0.002936857
-0.032887838
0.037777748
0.025049495
0.071590235
0.053461084
-0.034162287
0.027422557
0.105022440
-0.059578920
-0.055639011
-0.060731317
-0.001816562
0.071051386
0.081279553
0.104423130
0.093902738
0.057833975
0.060375718
-0.156713697
-0.035899550
-0.035091239
-0.009329140
-0.031493008
0.002971822
0.094770616
0.044862389
-0.011028345
-0.011811223
0.018313238
-0.088721454
0.063785778
0.007941795
-0.005287468
0.029384975
-0.025416863
0.023484427
-0.047533663
0.033247812
-0.014493043
-0.003989291
0.078760552
0.043969754
0.099213239
0.043337488
-0.072576086
0.021739947
0.023905443
0.071404710
0.061601744
-0.118415237
-0.067958727
0.034289045
0.039858623
0.017329709
-0.005066065
0.009100267
-0.062828899
-0.069911926
-0.043459615
0.013118754
-0.102862379
0.041163453
0.004401181
-0.031870195
-0.050475381
0.016886548
0.013306856
-0.028151895
0.012162301
-0.052389729
0.021701969
-0.029517225
0.041905535
-0.022830519
-0.000700085
-0.004210452
0.014660012
0.035401871
0.082765967
0.039244323
-0.019127842
0.025619536
-0.079552543
-0.048949441
0.016584090
-0.038221106
0.024975939
0.015216833
0.003277710
0.018801210
0.001924997
0.015898549
0.045630587
-0.086846992
-0.027325926
0.043628755
0.016041583
0.035025392
0.021283938
0.020840163
-0.055115303
0.014219791
-0.016713533
0.010555839
0.040550127
0.048055598
0.007321826
-0.026728915
-0.000576577
0.013745973
-0.043004805
-0.019790866
0.052504118
-0.014472189
0.015620974
0.055817928
0.026782530
0.006322403
-0.028771216
-0.032970174
0.005015453
0.045104012
-0.003193013
0.011131830
0.000526874
0.000526827
-0.048553122
0.017534699
-0.024747091
0.025832827
0.029405860
0.007349357
-0.010515526
0.008421191
-0.037377673
0.019930659
-0.032523104
0.001651406
-0.026192699
0.021782652
-0.025176194
-0.041058145
0.029088915
0.044850363
-0.018816359
0.020459863
-0.026624029
-0.053692444
0.036685306
-0.072306329
0.022486539
0.000000000
-0.013918607
0.015119829
0.002398059
0.055327038
-0.005681870
0.005681870
-0.011969229
0.009132454
0.032973140
-0.011056136
-0.010056004
0.016151970
-0.025176194
0.011827966
-0.003365238
0.011173250
0.056695297
-0.023905443
-0.046776064
0.015096784
0.012134581
0.028642922
-0.008023513
0.025451983
0.041533859
0.019398751
0.050430810
0.019481170
0.010509635
0.006343386
-0.002713704
0.009914383
-0.015364033
-0.016066349
0.067974121
0.035672639
0.042072817
0.072134649
-0.033683564
0.018307300
-0.050776275
-0.016436530
-0.006895189
0.050010506
0.072419603
0.014301333
-0.020804201
0.046388104
0.070468320
-0.060826279
-0.039138460
0.014505827
0.041058490
0.003723065
0.013423106
0.033757083
-0.029433190
-0.017409112
-0.004060953
-0.040129887
-0.016011762
0.012475649
-0.017149466
-0.063218015
0.020141292
-0.003769367
-0.042428356
-0.007514255
0.031264705
-0.005014468
0.031216871
-0.038201697
-0.024439631
0.043340891
-0.018122755
0.037423192
-0.026972219
0.020202798
0.074161855
0.020461945
0.031759406
0.029813794
0.026753134
-0.040075879
0.049148445
-0.020132735
0.019821294
0.037001654
0.024319127
-0.015650863
0.002971838
-0.043979723
-0.002172948
0.021823570
-0.007017636
-0.064824350
-0.022799555
0.010638437
0.011507529
0.015891387
0.053864003
0.087798628
-0.040170501
-0.017004307
-0.001479559
0.008844375
0.066975431
-0.024733878
-0.024207373
-0.044805555
-0.013659140
0.013659140
-0.052928872
0.011378014
-0.022887047
-0.005804608
-0.026213774
0.001989959
-0.017717335
0.044847666
0.005146310
0.066701707
-0.023995071
-0.038544638
0.010487940
-0.085431829
0.012320437
-0.005456986
-0.008241798
0.013358630
0.014189361
0.010013554
-0.000332276
-0.010352339
-0.009443631
0.037903533
-0.039938792
-0.018506245
0.008267275
-0.004125094
-0.012827341
-0.044229854
0.000000000
0.000364667
-0.030350079
0.002252149
0.050449272
0.011194450
0.032260801
-0.022112238
-0.032994214
0.023573823
0.021250615
-0.064015985
-0.037550330
0.027239043
-0.000768042
0.017894976
0.002261572
-0.009077218
-0.015700054
0.028160068
0.022631388
-0.015527171
0.000744872
0.014415281
0.024289810
0.012104105
-0.026534356
0.006519457
0.005759504
0.000000000
0.026214742
-0.051293333
-0.018574039
0.004115966
-0.010887980
0.003391760
-0.004902931
0.021321222
0.010309317
-0.016993396
-0.017666274
-0.010291675
0.000000000
-0.020906744
0.031956563
-0.026105222
0.029132022
0.020565410
0.008109154
0.008407906
0.016248825
0.030684889
0.003813457
0.003454241
0.022166243
-0.001012272
-0.023570661
-0.000345755
-0.001037910
0.027988250
0.011046145
-0.004671481
-0.024374937
0.011584534
0.006752161
0.006038243
0.000000000
-0.040264669
-0.007689663
0.021864473
0.049558203
-0.031527417
0.001347733
0.021319915
0.031151088
-0.007697246
0.001608479
-0.013918314
0.017768174
0.037396313
-0.011478297
-0.004064441
-0.013245176
-0.022472860
0.016103367
-0.005767347
0.019411869
-0.016844462
0.011155462
0.006319114
0.003458615
0.021118742
0.040354855
-0.001476812
0.015545037
0.002325470
-0.002907768
0.021320366
0.016678715
0.011982820
-0.013947164
0.005602265
0.000000000
-0.037568477
0.017536771
0.004832915
-0.013994048
-0.033633827
0.005339658
0.013225799
-0.009681791
-0.022359043
-0.020098199
-0.018628163
-0.026033152
0.013101273
0.013558441
-0.005653298
0.003772403
0.000940873
0.024157211
-0.002144197
-0.010480923
-0.004036741
-0.020113769
-0.005730725
-0.007048990
0.000000000
0.056568704
0.013281219
-0.023359025
-0.009560674
0.022369518
-0.001516383
-0.007310484
0.033667381
-0.008311295
-0.026579659
-0.003679728
-0.006163455
-0.007757988
0.022182151
0.000000000
0.021700731
0.023571983
-0.024168584
0.012451875
-0.034165634
-0.000915045
0.011227514
-0.030017496
0.000000000
0.013588789
0.009768098
0.000000000
0.033749735
0.020061763
0.013154145
0.016622533
-0.010674312
0.023445115
-0.015288645
-0.015810615
0.009629138
0.037343533
-0.022238308
-0.007244560
-0.011814409
0.003953745
0.007860664
0.011676602
-0.001936628
0.003593672
0.017776959
0.025426317
0.000264150
0.033769419
0.014706204
0.012134443
0.000000000
0.001506756
0.000250971
0.009984991
0.000000000
0.035622302
-0.006010293
0.004090814
0.015489558
0.021983923
-0.003708010
-0.014028593
0.019354573
0.005757104
-0.001838651
-0.027284050
0.019895426
-0.006743521
0.000466640
-0.005378189
-0.041164091
0.020554462
0.000000000
-0.008412472
0.011041844
-0.010076767
-0.000482435
0.008169208
-0.023975061
-0.011090771
0.051206750
-0.018057179
-0.002881106
0.009809838
0.058044295
0.031840031
0.001739412
0.009083203
-0.020444517
-0.015723876
0.019233432
0.008937523
0.028243228
-0.001477915
-0.049371458
-0.013407961
-0.015873415
-0.001143504
-0.004817007
-0.003529148
-0.032976567
0.015318639
0.008514734
-0.007802289
0.011094092
-0.004705799
-0.002361388
-0.028778968
0.012092045
0.021403918
-0.013502419
-0.007901499
0.009569460
-0.027517958
0.016505249
0.016000259
0.018542970
-0.003027837
-0.007492428
0.016317382
-0.011861890
0.004901311
0.043063975
-0.004470284
0.003801004
0.003786634
-0.009830308
0.030730862
0.033190020
0.007344586
-0.004190247
-0.002733192
0.016908951
-0.007479857
0.015520249
-0.007212820
0.006596604
0.000821537
0.007771001
0.012349600
-0.009298638
-0.001015967
0.021320214
0.022627651
0.023648137
0.030685251
0.006977627
0.022615182
-0.009345867
-0.011075932
-0.032850708
-0.012531026
-0.007671698
0.009961774
-0.018857604
-0.007996072
-0.017979354
0.009326379
0.041209000
-0.004559275
0.022777480
0.042629428
-0.030788398
-0.066146058
-0.000786412
0.016577750
-0.002905639
0.003098967
-0.051181302
0.001627014
-0.018665304
0.010503652
-0.033329507
0.016803604
-0.017863259
0.024713317
-0.003938152
0.018926640
0.010541356
-0.016878900
-0.016542990
0.001458488
0.034179151
0.012795060
-0.016221461
-0.013619495
0.032023708
-0.002778887
-0.006180858
0.013902908
0.014684570
-0.040052957
-0.014467931
0.017901231
0.033894855
0.008538707
0.019707907
0.012614319
0.016329942
0.009343296
-0.032996454
-0.004154956
0.022912467
-0.002858449
0.006657143
-0.006657143
-0.010744577
-0.002510885
0.010962703
0.009139420
-0.045563722
-0.013782281
0.021489048
0.012519726
0.005621824
0.029898428
0.000937628
0.014884070
0.027683356
-0.000359253
-0.007756889
-0.011840943
-0.017562167
0.007987411
-0.038665807
0.002880501
0.025183532
-0.004873468
-0.011908297
0.016220669
0.006154976
0.026061339
-0.002902760
0.040938249
0.021394915
0.012553142
0.028091235
-0.013365383
0.032682647
-0.035843834
-0.008871060
0.005699932
0.009649085
0.013158068
-0.020636308
-0.019369060
-0.022530783
-0.007682996
0.011329132
-0.031871735
0.010501138
0.020850480
0.000520118
0.018884647
-0.039901200
0.000530815
0.032030589
-0.028146386
-0.041740184
0.003301562
0.017966131
-0.046006275
0.014396828
0.051376826
0.013834403
0.000521586
-0.005228297
0.006270705
-0.009946858
-0.042452832
0.003652899
0.025559383
-0.019923481
0.017788664
-0.013988804
-0.015286922
-0.009026459
-0.070725952
-0.004578469
-0.003998426
0.046574668
-0.005752633
0.015267453
0.024507858
-0.022993816
-0.001514043
-0.009514820
-0.019500531
-0.021480774
0.007936490
-0.004555797
0.004555797
0.005518402
0.007245679
0.003700442
-0.028193115
-0.004007158
0.020860992
-0.008292288
-0.018811822
0.029852963
