-0.011522569
-0.000658025
0.016064216
0.006011378
-0.004076574
0.008986027
0.009750574
0.015486831
0.021574291
0.005472073
-0.014662304
0.038234425
0.033014357
-0.014042612
-0.002134885
-0.013879184
-0.003154060
-0.002373472
0.012784341
-0.025734094
0.039899463
-0.002121326
0.002315082
0.017946074
-0.013142686
-0.001726151
0.012974886
0.017027901
0.016725441
0.025327599
0.013077095
0.004813947
-0.008531648
-0.010864843
0.004884670
0.002060707
-0.006191533
-0.004526076
-0.008544598
0.000381678
-0.026455617
-0.003922530
-0.014046590
-0.022365225
-0.010651818
0.022802546
0.004420032
0.019841056
-0.007691289
0.045474776
0.011475190
-0.051225604
-0.025923925
-0.004047131
0.032920011
-0.000982028
-0.052846644
-0.003942451
0.022615795
0.005879803
-0.000404521
0.025854616
-0.014619848
-0.028615259
0.013778721
-0.002318695
-0.010886535
0.004046753
-0.014342604
-0.002590691
0.010108667
0.008523589
0.013697110
0.031316828
-0.027765099
-0.007325965
0.014598760
0.025550525
0.013033000
-0.010815260
-0.007681554
-0.023197292
-0.003745179
-0.022771556
0.010817921
-0.008474633
-0.015869863
0.009894638
0.015504095
0.000632190
-0.008035553
0.006770886
-0.028665096
-0.014646599
-0.003529412
0.010988769
-0.028171471
0.005672265
-0.004307754
0.011296724
0.003140685
0.005583467
0.004444019
-0.037731327
-0.021646786
-0.001648258
0.015667392
-0.023712620
0.003557056
0.006136430
-0.006846510
0.013880799
0.019206743
-0.022014325
-0.006582206
-0.012578685
0.029881075
0.004856144
0.026182261
-0.038483708
0.012070910
0.020326925
0.007882140
-0.010145403
0.008798498
-0.003825700
-0.012935633
-0.017279606
0.002553172
0.007620636
0.000689475
0.009153460
-0.014685670
-0.004634059
-0.006056443
-0.028678414
-0.008935996
0.006528895
-0.004348103
0.005793077
0.059562093
0.000000000
0.021313271
-0.020809096
-0.030466727
0.040869273
-0.021603954
-0.030340856
0.048338680
-0.002486615
-0.065233018
-0.019517430
0.000246260
0.001722451
0.027644978
-0.022005290
-0.022250847
-0.012325397
-0.030321106
-0.003920965
0.050061637
0.023391170
-0.011996632
-0.005186043
-0.009868624
0.017906450
0.000739228
-0.007664774
0.004705001
-0.008186007
0.001244816
-0.006739226
0.010463491
0.010599981
0.016296483
-0.002173605
-0.025962458
-0.007472269
-0.017654885
-0.039709419
-0.016551343
-0.016009390
-0.011554229
0.022165572
-0.007606772
0.020022293
0.025920522
0.002347329
0.005455124
0.016953928
0.008370082
0.004033718
-0.021615784
-0.032661194
0.006618144
-0.002642219
-0.011976042
-0.000803610
0.009600156
0.016842505
0.004686039
0.041964182
-0.026499710
-0.008991834
-0.000257953
0.030755954
0.041817938
-0.002166020
-0.049633300
0.010576867
-0.023059738
-0.006687166
0.019170037
-0.006094487
-0.037632607
0.003168774
0.028844397
0.000256028
0.024036580
-0.001250720
-0.007537877
-0.039876614
0.010703812
-0.015703407
-0.024296790
0.009009356
-0.004851686
0.008609288
-0.022485052
0.004373822
-0.004921858
0.009819857
0.012409475
-0.008075578
0.000000000
0.006197049
0.017836120
-0.003171384
-0.003978045
-0.038742625
0.015351527
0.017260299
-0.017532891
-0.007373803
-0.020214149
-0.001827591
0.003374323
-0.020420244
-0.031434297
-0.019105268
0.000903994
-0.003015699
0.004820771
0.013731406
-0.026435754
-0.016884703
0.013530445
-0.000916739
0.003662043
0.033545962
-0.016332905
0.032403477
-0.016070573
0.023578446
-0.010410799
-0.025914181
0.020960046
0.036430249
0.002531845
-0.027055411
-0.027511232
0.033555232
-0.002873469
0.052687941
0.005987947
0.019084162
-0.015021723
0.020862044
-0.018163183
-0.031487573
0.014909306
0.010630755
0.035166419
0.026234758
0.000255523
0.012958945
0.011047158
0.017327259
-0.000490854
-0.003196822
0.009803871
0.006079327
-0.009744698
0.000979092
0.043313335
0.029990701
0.008373812
0.019418166
0.007487228
-0.028936114
-0.008618699
0.027854849
0.021911218
0.009920314
0.001501074
-0.038930956
-0.038782075
-0.010757705
-0.018989711
0.015928019
0.014051884
-0.021865007
0.028586670
-0.019594947
0.029936196
0.016551896
-0.010852399
-0.010512102
-0.009927687
-0.002090066
-0.026862921
0.014934386
0.011695982
-0.013815919
0.017536550
0.019103066
-0.009571705
0.003044691
-0.011762291
0.008952023
-0.015123024
0.020968770
-0.002100347
0.002100347
-0.006080169
-0.003054137
-0.008269432
-0.014577962
-0.012840862
0.005592771
0.007729573
0.010531448
-0.009569692
-0.002406718
-0.002412524
0.011766481
-0.006947240
0.000000000
0.008616530
0.001191011
0.012537346
-0.000940731
-0.007083906
-0.017932623
0.018880157
-0.035176233
-0.005655820
-0.004696422
-0.002729284
0.023813580
0.013733600
-0.010342972
0.020816789
-0.022268499
-0.006559072
0.030247215
0.032797369
0.006841582
-0.000037573
0.002275437
0.007697561
-0.007016180
0.027331611
0.018610257
0.023157034
-0.012584095
0.011524010
0.001484165
-0.010221572
0.002778485
-0.010729787
0.001078429
0.012848245
0.012684942
-0.009498563
-0.007664651
0.024489270
0.021661491
0.004683034
0.003447149
-0.015709610
-0.007016296
-0.008526413
-0.023028624
-0.009016836
-0.007794085
-0.006760216
0.006543233
-0.002394311
0.025176045
-0.000637682
0.007203306
0.023574742
-0.001031529
-0.019171242
0.012544591
-0.003955368
0.013673185
0.001645007
0.001436736
-0.003081744
0.001850433
0.006346496
0.014184564
0.001005572
0.009800925
-0.012417615
-0.052758068
0.005085977
-0.015121179
-0.009703497
0.027147020
-0.024982618
0.017149550
0.008465506
-0.004859032
0.018672654
-0.006882854
-0.012213196
0.013886069
0.002921086
-0.012578989
-0.009538727
0.004224201
-0.002784501
0.008118029
-0.002769855
-0.000640223
-0.071680331
0.006629353
0.002503197
-0.012579035
0.002987662
0.020890610
-0.002024389
-0.010184357
-0.004788707
-0.008032092
-0.002999957
0.034748481
0.008888931
0.003313489
0.018136295
-0.024773652
-0.006681484
0.002009106
0.030311835
-0.001948954
-0.011994415
-0.038694468
-0.031270515
0.011463502
0.036766337
-0.017643882
-0.008709612
0.009622479
-0.000228309
-0.003655406
-0.004128464
0.004815058
0.011371502
-0.005897098
0.026931498
-0.068977002
0.000237162
0.000948439
0.032866136
0.012985771
-0.004082496
-0.011198969
-0.014585342
-0.016459265
-0.005944817
0.020536748
0.004661830
-0.009345582
0.010507876
0.012924248
-0.014086542
-0.006064572
0.005832276
0.000232296
0.008106709
0.016699448
0.008407985
0.010157018
-0.004050258
-0.017055889
0.002519893
0.001828798
0.019448865
0.008030049
0.012145663
-0.007711857
0.000221254
0.018622463
-0.015751774
0.000881531
-0.002426403
0.019681384
0.003458609
-0.007363841
0.007363841
-0.006711967
0.013808095
0.019521070
-0.005689532
0.005269330
0.000000000
-0.003580062
0.012578678
-0.005221925
-0.003146325
-0.002102985
-0.011646314
0.007004042
-0.012343061
-0.002144060
0.004282847
-0.011821759
0.017786838
-0.012396116
-0.012769376
0.000872450
-0.007243451
0.017251370
-0.001516791
-0.008273571
-0.012318563
0.005297787
-0.007070389
0.006630158
-0.001322482
0.010312899
0.017312594
-0.019060501
0.014760371
-0.004102260
-0.001082541
0.001731265
0.005390676
-0.003662430
0.001078725
0.008801258
0.001494799
-0.002350264
0.003299911
-0.019464232
0.002834785
-0.003927286
-0.005261055
-0.001759773
0.007239295
0.002401490
-0.015602932
0.022339802
0.009270377
0.005350418
0.007654681
-0.012361509
0.029789994
0.002494806
-0.004922770
0.011270716
0.017398843
-0.023975772
-0.019994142
0.018716327
0.001703544
0.002125319
0.021217049
-0.011708206
0.019369604
-0.014962919
0.007509197
-0.020363694
-0.047783088
0.021567682
-0.011166188
0.002419212
-0.005064531
0.012068061
0.015151850
0.000000000
-0.000214809
0.005571074
0.005327651
0.003394775
-0.007227892
-0.004919280
0.007689135
-0.002983198
-0.021789306
0.002831387
0.006719385
-0.000864370
0.000000000
-0.005419951
0.002171471
-0.009152290
-0.007471097
0.000440992
0.003301389
0.004166217
-0.015880481
0.003329525
-0.004886774
-0.000222522
0.010162427
0.001103242
0.001322128
-0.024521894
-0.003617697
0.019069699
-0.000222320
0.002663733
0.009487054
-0.003299221
0.002420566
0.006571537
-0.013186757
0.001326592
0.006825912
0.004597750
0.009132281
-0.002166756
0.011002182
0.009395772
-0.007252699
0.005551062
0.003824690
0.003176265
0.004008895
0.008596453
0.002502109
0.000832589
-0.004170243
0.000000000
0.001670220
-0.000208659
-0.004810192
-0.007786940
-0.002115171
0.011787343
0.010200793
-0.001865783
0.007648504
0.003700057
0.007155177
0.002847782
-0.000203021
-0.007750425
0.000000000
0.004698154
-0.001427459
-0.004910209
0.000000000
0.006948931
0.019163410
0.009544563
0.014148550
-0.006263471
0.018866603
0.000385316
0.012631746
-0.002666192
-0.008425864
-0.013553011
-0.003319241
-0.001565933
-0.016989665
0.001194612
0.004368656
-0.001466363
0.021866377
-0.001560024
-0.000585768
-0.005286450
0.004700501
0.013005937
-0.004833186
0.000000000
-0.011696041
0.000000000
-0.001373484
0.005482724
-0.005089957
0.012289356
-0.014844200
0.004123741
-0.005896267
0.018553347
-0.004265930
-0.018237822
-0.000593836
-0.001783674
0.000000000
-0.019429773
0.001818638
-0.009330569
0.014164655
-0.009082810
-0.008961421
-0.000818560
-0.006573671
0.000000000
0.007801297
0.006116276
0.000000000
0.007088598
-0.007698757
-0.005710677
-0.009040597
0.012307923
-0.007161116
-0.015311809
-0.010058612
0.020223615
0.004941504
-0.001232924
0.019749960
0.009031769
0.000000000
-0.008830136
0.024294433
0.005297673
-0.001566653
-0.011036942
0.002968383
-0.001977888
-0.004763001
-0.010397865
-0.007870108
0.000000000
0.010880529
0.000983101
-0.008601287
0.000000000
0.007989309
-0.012111414
0.020037589
0.004645195
0.007627378
0.012913590
-0.025996219
0.002832239
0.017224523
-0.010379354
0.011569993
0.009475101
-0.003739817
-0.027185361
0.018072870
-0.004987513
0.044973254
0.000000000
0.012162813
-0.004353951
0.009816886
0.011580217
0.007216340
-0.014672003
-0.012235536
0.037726389
-0.015253451
-0.020013684
-0.026612118
0.020167521
0.010404278
-0.002260862
-0.008523529
-0.002475960
-0.011121757
-0.018095858
0.026544264
0.002291973
-0.016930071
-0.017419001
0.023994210
-0.004830613
0.015757320
-0.009578452
0.006332145
0.000573733
-0.005751660
-0.012576282
-0.017678804
-0.000594589
-0.020635788
-0.000404946
0.007866993
-0.009488350
-0.006103805
0.001019963
-0.007777600
0.020740987
0.008217253
-0.012048312
0.018018501
0.004948097
0.004137558
0.008418999
-0.005670153
-0.008071724
-0.004953980
0.014397208
-0.003727161
-0.030532259
0.001851907
-0.002081031
0.027534154
0.000810329
-0.001418599
-0.008349609
0.000817873
0.006314200
-0.005293048
0.008941241
0.005447432
-0.011331505
0.000813533
-0.021165971
-0.011278086
-0.004420618
-0.002957965
-0.007646593
0.004679780
-0.002337165
-0.015218488
0.014367216
0.020441079
-0.027062992
-0.022979592
-0.013023004
0.005097117
-0.011337227
0.014867490
0.007679697
-0.029501741
-0.000450427
0.024472749
-0.000659423
-0.008170707
-0.020609904
0.018390267
0.009510304
-0.003528203
0.001324532
-0.001766475
0.008143532
0.016737835
-0.003022561
-0.006072373
0.000652351
0.009734961
-0.037061576
0.016397439
0.006571759
-0.017399416
-0.000444345
0.000666657
0.015866272
-0.010065481
0.004430688
0.001325260
-0.005533994
-0.007351962
0.003571258
-0.003795027
-0.004932650
-0.004054173
0.004278770
0.015829129
-0.022141127
0.000678134
0.001129330
-0.018453536
0.001608306
-0.005986949
-0.021004071
-0.003070627
-0.022731083
-0.006312342
0.009935942
-0.003623599
0.005550915
0.017416559
-0.018138993
-0.013823428
-0.002934520
-0.008856311
0.014960502
0.002916934
-0.007308269
-0.010569167
-0.008935306
0.001743914
-0.008749067
0.003508823
0.001999234
0.012900401
0.007122728
-0.002941132
0.003919571
-0.017511873
-0.004238746
-0.013078827
0.000253281
-0.003041979
0.039328209
-0.007349448
-0.017111427
0.019076396
-0.016079466
-0.002996930
0.009212041
0.002856084
-0.014295155
0.019443051
-0.001027539
-0.018415512
-0.004197411
0.023897113
0.028840967
-0.022699544
-0.010256452
0.024943978
0.020403834
-0.016139444
-0.020228155
0.030190939
-0.029680491
-0.017252680
-0.005208335
-0.018711859
0.005570977
0.005277019
-0.003955030
-0.000528569
0.015475576
0.000780650
-0.024484610
0.012711983
-0.000789670
-0.007666967
0.134161461
0.003012544
0.036574183
0.000445861
-0.005589622
-0.017871722
0.000456461
-0.007557785
0.001608048
0.017292751
0.008982824
0.025820697
-0.019802684
0.027398970
-0.010869675
-0.001093421
-0.003287715
0.026003583
0.000000000
0.000000000
-0.015955602
0.006499355
-0.008021872
0.014908095
0.000857332
0.001926550
-0.003642204
0.006631922
0.001065459
0.020032350
0.012448157
-0.024630712
0.042212801
-0.040607281
-0.001504179
0.010695283
-0.001064314
-0.029614174
0.014159840
