0.006789358
-0.014943124
-0.011521707
0.016741759
-0.004565163
-0.005578092
0.003611561
0.015936053
0.000000000
0.000000000
0.005144556
0.012438600
-0.010837723
0.008304334
0.011688115
-0.012010112
0.016710607
0.009641476
0.022343246
-0.029176314
0.026449217
-0.007924403
0.004888810
-0.002742969
-0.002145841
0.001534202
0.025931147
-0.007170263
-0.011455324
-0.016210243
-0.001235089
0.018351656
-0.015266744
-0.004626854
0.004626854
-0.008172913
-0.004109398
-0.031863668
0.016217737
0.019755330
-0.001576031
-0.011118578
0.005095581
-0.012800630
-0.011653092
0.013910516
0.016566204
-0.004751038
-0.025725682
0.002925888
0.014511457
-0.004813730
0.009604307
-0.017353189
-0.003249970
0.014215275
-0.018248724
0.018895179
0.027065195
-0.001258410
0.016839227
-0.000619191
0.002466491
0.004315583
-0.001230973
-0.013003843
0.004971515
-0.001864501
0.009896829
-0.001232578
-0.018031875
-0.001877551
-0.011381099
-0.005095548
0.005731752
0.011374172
-0.004411200
-0.009510223
0.009510223
0.011920083
0.034311253
0.012576004
-0.010768647
0.001804182
0.014301833
0.007075021
0.007608950
-0.011136522
0.026183153
-0.005180531
-0.004053838
-0.014598332
0.007033479
0.004666743
0.005795065
0.025111218
-0.035573025
0.015648568
-0.010981825
-0.005836818
0.007000088
0.024659078
0.000000000
0.012392445
-0.002242965
0.011706228
0.006078097
0.010962864
-0.012066503
-0.007189257
0.016524486
0.007621497
0.003792876
0.012347599
0.013251708
-0.008463012
0.001780315
0.015309650
0.006265866
-0.013099198
0.002636402
0.024420635
0.004613941
0.013191687
-0.001003724
0.009541937
-0.011564786
-0.009149308
0.003570541
0.004565264
-0.000506884
0.002532215
-0.008119130
-0.001531094
0.009650225
0.005542151
-0.006048009
0.008057943
-0.014651883
-0.033638339
-0.032392544
-0.001088248
0.023793432
0.003204951
0.015326764
-0.020674248
-0.010766817
-0.014726806
0.016351425
0.000540928
-0.032956224
-0.003351947
-0.024961652
-0.016799038
0.021952862
-0.001144484
-0.049845723
0.013734152
-0.020369435
-0.022650510
0.001849781
0.028639125
0.005388434
0.000598040
-0.029073004
0.036210932
0.000000000
-0.022175385
-0.010358944
-0.015427066
-0.004984323
0.002498992
0.024023379
0.004247963
0.007847870
0.007189587
-0.018683976
-0.011620432
0.015873428
-0.009756746
-0.001846333
-0.029346276
-0.008912386
-0.008991983
-0.003234714
0.028084442
0.027921658
0.024185789
-0.002386794
0.008341042
-0.035660779
-0.018009209
0.023529950
-0.011691560
0.002468244
-0.011800801
-0.005638548
0.002505517
-0.018343061
0.012055349
0.000000000
-0.012694562
-0.002561759
-0.029255471
-0.042443588
-0.008987226
-0.000695462
-0.001383309
0.068573929
-0.021680430
-0.009340231
-0.030620150
0.004821544
-0.020148515
-0.014130472
0.010620868
0.015371505
-0.020318187
0.039550761
0.000000000
0.027511124
0.021600481
-0.005843300
0.019997100
-0.029818638
0.044397187
0.011259128
0.026408732
-0.056088915
0.032789858
-0.037291523
-0.005161721
0.034981984
0.025913317
-0.046119887
-0.018011244
0.021080625
-0.016102803
-0.013076647
-0.000658635
0.018266454
0.005154903
0.013419444
-0.011490054
-0.041275496
-0.020957142
0.047361826
-0.023062570
-0.029088240
-0.004820679
-0.023017523
0.043498725
-0.037872323
0.000702167
-0.009866904
-0.011389131
0.007847548
-0.014321765
0.043728567
0.017793262
-0.038708191
0.040055878
-0.002706092
0.048366562
-0.024886071
-0.041980970
0.019179959
-0.004082962
-0.005461034
0.000000000
-0.022867278
0.005596625
-0.023270010
-0.001429092
-0.000715413
0.011373992
-0.010658578
0.041969755
-0.009635963
-0.093759537
0.009887512
-0.026868011
0.026109548
0.004542912
0.029742916
-0.007350934
0.013190963
0.016619789
0.041390998
-0.047864955
-0.007960987
-0.010227444
-0.008848961
0.000000000
0.021256284
0.034914245
0.008367338
0.014483426
0.012916270
-0.048559804
-0.009309025
0.023459330
0.025676627
-0.006189460
-0.032211633
0.019035535
-0.032655257
-0.001445405
0.017911018
-0.006414405
-0.008607787
-0.038933422
0.008948003
0.028542000
0.005761419
0.025494708
-0.021204921
0.009242759
-0.009958073
0.009249441
-0.002119723
0.029365744
0.046460098
0.004599089
-0.005917166
0.005917166
-0.003940701
-0.011908455
0.005314298
-0.008641118
0.009965015
0.029303892
-0.005790758
0.013462544
-0.022542291
-0.016420214
-0.010654402
0.011979269
-0.001987959
0.012507864
-0.032591506
0.004726475
-0.000673898
-0.016977782
0.008184987
-0.022678528
0.034155311
-0.008091302
0.004058247
0.008058477
-0.007383670
0.016705324
-0.018055395
-0.033620374
0.004173380
-0.028907207
-0.007898148
0.028432030
-0.013398978
0.009190628
0.015360425
-0.000693892
0.011722969
-0.029918152
-0.011365744
-0.018746125
0.006331504
0.000000000
-0.002178773
-0.011740937
-0.011133040
0.000000000
0.010394034
0.011749566
-0.022143599
-0.014285533
0.013537941
0.028709989
0.002901706
0.023593148
0.004940147
0.010494282
0.017247115
0.002726143
-0.011666743
0.007570140
0.040270652
0.006555166
-0.001955953
0.016750992
-0.003238469
0.001296629
0.010945731
0.017138191
0.027309195
0.020011065
-0.003611617
0.031429252
-0.003504604
0.006422150
-0.004672023
0.006418410
-0.004663933
-0.007617926
-0.023811326
-0.002407127
0.002407127
-0.009687214
-0.024000561
0.047446357
-0.018586659
0.000605704
-0.001818213
0.016231810
-0.012598350
0.030331775
0.002920120
-0.043572992
0.029456287
-0.013717671
0.002402071
0.015457938
-0.019062963
0.013733906
0.018222753
-0.004675156
0.025423103
-0.001714330
-0.022305558
0.004680809
0.031056175
-0.006247230
0.006247230
0.002830000
-0.002263421
0.010137982
0.008369300
-0.001112912
0.010508058
-0.020572372
0.002247063
-0.023825866
0.018198945
0.007308642
-0.007308642
0.011214932
-0.001675236
-0.016319146
-0.002274834
-0.006275809
-0.002868852
-0.008069664
0.018352310
-0.031750357
-0.011209585
0.007091533
0.013460226
-0.012281804
-0.016609036
-0.013242926
-0.014035540
0.000614799
0.018254626
-0.021950454
0.012868807
-0.029655594
-0.006919414
0.012551716
-0.021429992
-0.017347546
0.043749603
-0.013739199
-0.020977555
-0.065005729
0.008870872
-0.017820761
0.022561096
0.021409497
0.000662071
0.001975430
-0.027428208
0.016817791
-0.029795706
0.017711827
-0.010181436
0.007686357
-0.010968647
0.006874892
-0.010321137
0.026613633
-0.008792840
0.016171561
0.002672895
0.032788430
-0.026145817
0.049103829
-0.024250414
-0.002589914
0.008384294
-0.010972521
-0.011103029
-0.017218791
0.033499961
-0.021553083
0.000000000
0.022845485
-0.009725892
0.000651971
0.005191604
0.014153827
-0.000639302
0.028343771
0.002483874
-0.008712547
-0.005638459
-0.007578596
0.009456284
0.019264378
-0.004321179
0.000618540
0.003702639
0.002460971
0.001841699
0.007317553
-0.003041054
0.037716547
-0.015991636
0.009508724
-0.000592032
0.034884396
-0.023123083
-0.020678005
0.013636175
0.040756537
-0.001138034
0.007367473
-0.007937247
-0.026533692
-0.000585273
0.005836745
0.008684304
-0.029248339
-0.000594065
0.005335369
-0.003553909
-0.000593360
0.012969466
-0.016530335
-0.024098107
0.012117677
0.016134660
0.011542532
0.014615388
0.013266231
-0.000573511
-0.002872267
0.005156775
0.007973232
-0.005686537
-0.001142771
-0.026618446
-0.002939991
-0.009457820
0.003560009
-0.007721934
0.020653446
-0.011747441
-0.008906006
0.010088358
0.012317523
0.005812167
0.034196028
-0.013535514
0.005095567
0.026755328
0.025528205
-0.020044649
0.011968137
0.000000000
0.016081492
0.027284057
0.017449405
0.018144088
0.019783415
-0.046100819
-0.016549393
-0.028015733
0.013315328
0.001580666
0.006844136
-0.016928029
0.014305439
0.012544650
0.000000000
0.014954230
-0.028025617
0.006818769
-0.006818769
-0.005805349
-0.006905623
0.007435498
-0.008503227
-0.017770182
-0.005444876
-0.007125248
0.003846713
0.000000000
-0.008807494
0.010991893
-0.008236033
-0.013317676
-0.007289133
-0.001127177
0.006184266
-0.021513088
-0.003434332
0.004578988
0.011367746
0.018484917
0.003888593
0.004987163
-0.021770333
0.013452034
0.025286455
0.011877807
0.012261959
0.017333751
-0.010468121
0.009424958
0.021662941
-0.014389670
0.007734826
-0.011881726
0.007222974
-0.007799467
-0.005763251
-0.007899376
-0.009572209
0.011681575
0.011030712
0.019135859
-0.018090895
-0.001567786
0.021195971
-0.012869621
-0.008849306
0.004691556
0.001561130
0.005179730
0.013347325
0.038514025
-0.013337466
0.009899688
0.001963203
0.023317616
0.000000000
-0.009166219
-0.005830381
0.001949325
-0.012726563
0.015637175
-0.007784749
0.015515746
0.016226997
0.024791742
-0.010217743
0.000000000
-0.014093775
0.020605909
-0.001858153
0.014756257
0.022624525
0.023437366
0.032252610
-0.007643060
-0.034269753
-0.009314149
-0.022066603
-0.006396296
-0.021772779
-0.011303861
-0.001423542
0.015063030
-0.002556608
0.038282400
0.004513236
0.004049899
-0.004500788
0.000000000
0.011648870
0.013276310
0.000000000
0.008755696
-0.008755696
-0.009271656
0.001769228
-0.020127299
0.012127333
-0.034516541
0.029594543
-0.001797957
-0.031968509
0.001856124
-0.025330457
0.010865777
-0.005181680
0.000000000
0.013140552
0.012048310
-0.027555955
0.028938314
-0.002766631
-0.001380211
-0.016302588
-0.015611301
0.000000000
0.036521134
0.025865686
0.000000000
0.037378133
0.014139494
-0.008544549
-0.012960751
-0.004355966
-0.004813984
0.000438785
0.003500452
-0.009660095
0.021392180
0.027690671
0.002095446
-0.033679551
0.003893434
-0.000865239
0.013742766
0.010604190
-0.024346956
0.020119873
-0.001955069
-0.017616711
0.009924454
0.037899052
0.002885907
0.000000000
0.017563971
-0.000405639
-0.023768785
0.000000000
0.037043716
-0.015303926
-0.009787397
0.004088893
0.008133139
0.016064865
-0.007997608
0.019091916
0.007455692
0.006627745
0.011973674
-0.005775540
-0.013995908
0.013609221
-0.011265540
-0.029330680
0.001609420
0.000000000
0.004407116
-0.032510731
-0.008715337
-0.012575005
-0.008477585
-0.032433863
-0.011049502
0.029775623
-0.012153623
-0.029695134
-0.014045527
0.043740661
0.022025939
-0.023338232
0.004361954
-0.000866499
-0.004809415
0.006546870
0.036722785
0.012916245
-0.015011583
-0.016522126
-0.005568638
-0.005599879
-0.016990049
-0.001760824
-0.006624933
-0.005330556
0.024205069
-0.004356130
-0.008775114
0.015304927
0.002163208
0.004318278
0.000431457
-0.007781862
0.005196527
0.002153877
-0.008220136
-0.014568343
-0.017850083
0.008521109
0.009328975
-0.012910357
0.000000000
0.000448323
-0.004036792
-0.021817156
-0.021369779
0.009349115
0.005102359
0.011501612
0.008651102
0.004529654
0.004502909
-0.002702946
0.011202934
0.020731910
-0.003934442
-0.004836642
-0.021360945
0.046839094
0.000557659
-0.008400930
0.012852855
-0.023028131
-0.022989439
-0.016413044
-0.003552565
0.004733673
0.046707974
0.002250955
0.005605463
0.038919533
0.025479067
-0.020652077
-0.021087596
-0.020425737
0.006116357
-0.001109332
0.043437850
-0.006396415
-0.056089688
-0.017689399
-0.010998737
-0.007595685
-0.014771314
-0.024097596
0.035932075
-0.034104332
0.004251438
-0.026406203
-0.011264206
-0.017778330
-0.023332248
0.034163829
-0.032853197
-0.003936926
0.012414418
0.004535143
-0.001941143
0.024313383
0.008810735
-0.015151857
0.024506319
0.008652878
-0.034569566
0.021479017
-0.006269635
0.005018798
0.022278190
0.039597295
-0.011239533
0.014176403
0.005847871
0.016768339
0.042105549
0.015275755
0.016644597
-0.006946200
0.014563795
0.008456682
-0.005277134
-0.017614374
-0.006483065
0.008097299
-0.004850431
-0.010863813
-0.019300378
0.009420924
0.006597117
0.015225992
-0.021823109
-0.003868471
-0.041260358
0.017162792
-0.003409040
0.003409040
0.003962752
-0.011363749
-0.003434465
0.003434465
0.020922456
0.000559318
-0.011248647
0.017937642
0.026858468
0.013963592
0.004788494
0.015798025
-0.017923391
-0.008010704
-0.004298756
0.048354109
0.003073724
-0.023286841
-0.015831532
-0.003196650
0.024249989
0.005194787
-0.007802309
-0.008390110
0.005252082
0.018682500
-0.006238014
0.011340280
0.008675621
0.011116897
-0.007566190
-0.013251955
0.012745505
-0.015828818
-0.016606335
-0.000523575
-0.002621252
-0.040166048
0.005449587
0.001629305
-0.007078892
0.024292804
-0.005347589
-0.012952195
0.010267557
0.002684638
0.029064064
0.007782141
-0.017727236
-0.050158951
-0.032605381
0.044700148
-0.016529192
0.011049800
0.027636451
-0.000534555
0.008519747
-0.013881673
0.000000000
-0.008097156
-0.017496499
0.015869072
0.007032774
-0.019048160
-0.013274746
-0.019112360
0.003399563
0.003387760
0.017323817
0.004973749
0.003851564
-0.021649632
0.007825537
0.004444730
-0.010588090
-0.001121061
-0.007882818
-0.027509109
0.010979625
-0.005763686
0.004038200
-0.001152000
-0.025096346
-0.005333335
0.015915481
0.008733798
0.005203700
-0.016833449
0.007618091
0.023652624
