0.002302614
-0.005534968
0.003693397
-0.001845112
-0.002773852
0.000000000
0.011507607
-0.011507607
0.010133584
0.003659700
0.005918530
-0.005005729
0.003643035
-0.004555835
-0.003659700
0.003202869
0.000000000
-0.000456851
-0.001829872
0.001372765
0.003651254
0.015869801
-0.009945818
-0.015106650
-0.002771391
0.000000000
0.001848336
-0.007879503
0.034304733
0.002694235
0.005812641
-0.004020478
0.016426498
-0.013744399
0.000892483
-0.020275562
0.008159595
0.003155372
-0.009950316
0.015336331
0.010685683
-0.002660735
0.011040144
0.013089048
0.009920332
0.005990676
0.022776141
-0.000834313
0.012855163
-0.016199693
-0.011370981
0.007595089
-0.004212375
0.008406908
0.005010454
-0.003755496
0.003338947
-0.006689038
-0.000839257
0.010440709
-0.009181935
0.014568375
-0.000413277
-0.006636366
-0.032997883
0.001718909
0.021661463
0.002098779
-0.023760242
-0.001288927
-0.012110886
0.005641258
0.010331480
0.006403344
-0.002983029
0.000853265
-0.005988113
-0.006024142
0.006024142
-0.005592676
0.006450376
-0.028697715
-0.003092504
-0.004434578
-0.007136522
0.004466268
-0.023901914
-0.005033224
0.002290966
-0.006427967
-0.011582222
0.002327220
-0.019718992
-0.022052664
-0.016125419
-0.007416694
-0.004975011
0.013868486
-0.008397154
-0.020040768
-0.008640481
0.005091639
0.012616948
0.005002388
-0.014070494
-0.011707892
-0.023311112
-0.006309229
0.001581070
-0.005809410
-0.009045098
0.011689918
-0.011155628
-0.001078003
0.013926216
-0.013926216
-0.022362588
0.001653378
0.003298466
-0.007160573
-0.007769193
0.003337048
-0.001667160
0.008859426
-0.002760120
0.000552611
0.016438746
-0.016991357
0.005512756
-0.015512851
0.018257706
0.010905302
0.027281718
0.011542639
-0.021619557
0.006376116
-0.004778217
-0.007478785
0.017012604
-0.003696785
0.051055099
-0.004030237
-0.005568206
-0.014830230
0.002058780
-0.008260305
0.000518243
0.000000000
-0.006758520
-0.000521758
0.005724637
-0.018858568
0.012089491
0.014008001
0.000515145
-0.021338411
0.008902950
-0.001565382
-0.008916960
-0.004223768
0.002114168
0.006840259
0.003141421
-0.001569477
0.007822761
-0.013072123
-0.007925993
-0.011739852
-0.033845955
0.007192266
0.009873870
-0.001638815
-0.005482420
0.014192393
-0.006525371
-0.005470535
0.007105888
0.023150481
0.000000000
-0.002131172
0.005319222
-0.024705903
0.000543599
0.016172878
-0.011834471
-0.007604608
0.004895338
-0.009814703
-0.006597063
-0.014444712
-0.012387503
0.019635968
-0.029314421
-0.016147946
-0.012284432
-0.003537743
0.027957471
-0.020894516
-0.023739954
0.012533720
-0.002375301
-0.011360405
-0.045518304
-0.057639748
0.012587096
0.015676368
0.039395164
0.017907292
0.001834335
0.005482655
0.010876254
-0.017581466
-0.039930427
0.023278806
-0.008117412
-0.011983791
0.016986934
0.028898415
-0.002427312
-0.004872123
0.007299435
-0.018349159
-0.003091228
0.023861698
0.009028027
-0.003000398
0.016686939
-0.010695241
-0.005390824
-0.006628504
-0.009110338
-0.017231152
-0.013750296
0.003768917
0.000000000
0.022932452
-0.016059660
0.002487630
-0.013758832
-0.010336009
-0.012414403
-0.002633313
-0.001979545
-0.002645504
0.018373220
