0.016879912
0.006417149
0.014394959
0.004613092
-0.014328185
-0.008953386
0.016143096
-0.005069580
0.002960315
0.006733995
0.008354374
0.011579947
0.022765168
-0.005238554
-0.006892637
0.051150933
0.000000000
0.018384335
0.001516808
-0.007225605
-0.004590828
0.007258851
-0.010331073
-0.042827150
0.003206523
-0.012887825
-0.008548895
-0.019402123
0.018584014
0.027045126
0.016979691
-0.001567451
0.013632261
0.030853655
-0.013215210
0.026258053
0.007377363
-0.026439755
-0.033771366
-0.001171665
0.011268690
0.012289113
0.001906423
-0.003816807
-0.002296968
0.034284716
-0.001111824
-0.002226976
-0.017620011
-0.016781602
-0.009661893
-0.007405982
0.019373026
0.006120872
-0.009195455
-0.021397438
0.009003734
-0.002731617
0.019733618
0.022353627
-0.007521677
-0.001511117
-0.010642521
0.022668114
0.001493223
-0.023015465
0.003048646
0.010221601
0.012724681
-0.017633156
-0.040159854
0.011361566
0.022342940
-0.007264322
-0.013910521
0.001555019
-0.013429925
-0.009531461
0.024050092
0.006213662
-0.020732293
-0.027651457
-0.018454572
-0.004979228
-0.002498985
-0.003760118
0.007090684
0.025442463
-0.044746512
-0.013222548
-0.021263682
0.012206015
-0.042936430
0.007659350
-0.005851939
0.052759612
-0.055019327
-0.022884302
-0.027219013
-0.023587182
0.009694710
0.048950925
0.021809119
0.025295385
-0.031155144
-0.032624062
-0.068125944
0.041142006
-0.020359409
0.028007741
-0.015839099
-0.025479225
-0.018027452
-0.029745855
0.036795161
-0.007554649
-0.010673626
0.020233291
0.035419398
-0.002419567
-0.021548266
0.026725581
-0.003417155
0.009247968
0.012039766
0.011896338
-0.006168503
0.034615386
0.028107067
0.000446785
0.029931926
0.032426080
-0.013525271
0.018550314
-0.030536642
-0.005181352
0.006472451
-0.011245861
0.010815710
0.022969908
-0.009719106
0.004237297
0.004219418
0.001682950
-0.005056981
0.018003369
0.034662018
-0.009261181
-0.029558764
-0.024036600
-0.007282122
-0.020852252
0.005253946
0.018603215
-0.006018875
0.001292812
-0.029279027
0.001772475
-0.017415144
0.010306958
-0.059705500
-0.000473319
0.029393297
-0.002301522
0.025029737
-0.026413168
0.004144660
-0.020427812
-0.019418286
0.042599581
0.000916256
0.001829714
-0.038197481
0.006625805
0.000000000
0.020080004
0.022400858
0.003610216
0.006286489
0.014663573
0.018790283
-0.006295993
-0.013256927
0.005323888
0.033503295
0.001282908
-0.019418120
0.040560432
0.015362675
0.008206784
-0.009031250
0.018386659
0.016064541
-0.012024188
-0.040317992
0.012101068
0.036249105
0.011928646
-0.041563374
-0.009106098
0.022611506
0.016129319
-0.017349650
-0.002853021
0.035288347
-0.011093671
0.050496208
0.005289083
0.033348719
-0.006948281
-0.014415300
-0.034466574
-0.015534392
0.005464561
0.007754874
-0.005422035
0.009661854
0.048423865
-0.038473542
0.014742291
-0.002253891
-0.007171233
-0.000378908
0.061359992
0.004976891
0.015831422
-0.015831422
-0.001774598
-0.008920722
0.011049841
0.013380444
-0.003152789
-0.035354545
0.002903817
0.020093954
-0.016114933
-0.012715928
-0.020314619
-0.005612773
-0.018557579
-0.002296313
0.024225327
-0.018374302
0.004213799
0.024543366
