0.012673510
0.009549486
0.000000000
0.002373293
-0.009526805
-0.004196690
0.022573083
0.002346588
0.004968722
0.008708302
0.023422801
-0.006798874
-0.006559242
0.003427646
0.004268238
0.075708815
0.000000000
0.030588097
-0.005632340
-0.003858514
0.022426790
0.002768486
-0.013664249
-0.030262230
0.042920636
0.001005843
-0.031918857
-0.018858683
0.044980556
0.008557827
0.009975018
-0.016765075
0.029095695
0.007812534
0.030653669
0.000000000
0.014516811
-0.009810867
-0.018957875
0.007151355
0.008224988
0.008259632
0.021851179
-0.006922084
0.005311329
0.006656636
-0.005275998
-0.012714152
-0.008672338
-0.002121094
0.000236063
-0.023867316
0.003857216
0.016466247
-0.018151907
-0.007014336
0.006773095
-0.025144686
-0.003218939
0.017455838
-0.019193489
-0.013255087
0.008273623
0.028795065
-0.013187226
-0.037059759
-0.012062265
0.008228453
-0.002564119
-0.034211364
-0.036249600
0.023684145
0.022610457
0.000525898
-0.011102417
-0.018240790
-0.009793313
0.013036572
0.007794441
0.000000000
-0.017555888
-0.018702588
-0.028726323
-0.002002008
-0.001145707
0.026864251
0.041268262
-0.037369464
-0.004735889
-0.025167674
-0.027581863
0.014611620
-0.047529078
-0.005491270
-0.024149699
0.015238992
-0.021841837
-0.031077209
-0.021046490
-0.076283401
0.022345381
0.063200435
0.009503566
0.014249082
-0.065782626
-0.050715221
-0.040927432
0.014200589
-0.033581666
0.038031678
-0.018321595
-0.046340327
-0.011928600
-0.019386632
0.067795860
0.028551825
-0.037355757
0.003454162
0.028702881
0.011843234
-0.020818515
0.055884483
0.017606155
0.025500905
0.008807726
0.028264498
-0.023553964
-0.011139241
-0.008522291
0.019661532
0.018953268
0.025046047
-0.010982026
0.032905051
-0.006305095
-0.008894694
0.051612330
-0.006689112
0.007900576
0.015913858
-0.033008515
0.012240289
0.000304037
-0.011928535
0.014357831
0.007854971
0.029649609
0.002042732
-0.021512419
-0.028400553
0.029293623
-0.056633180
0.004713263
0.033901525
-0.021440329
0.003091243
-0.035819151
-0.026910346
-0.040575597
0.026344039
-0.025659821
0.013587211
0.030239796
-0.004921986
0.020189518
-0.035770796
0.005663817
-0.023870738
-0.025850093
0.001744317
0.022062246
-0.013731773
-0.046338844
0.004547110
-0.013467014
0.008029316
0.033598559
0.043672068
-0.010145584
0.002715522
0.035956044
-0.028189568
-0.006072976
-0.003389801
0.028123759
-0.028123759
-0.043017295
0.108086195
0.086799393
0.024208411
0.017499899
0.092406161
-0.005115051
-0.043228730
-0.004024027
0.013881562
0.042813617
0.008598937
-0.011651435
0.008372600
0.006798293
0.003507141
-0.022507001
0.025253728
0.056243682
-0.013050417
0.028953434
-0.008153772
0.014629411
0.000691123
-0.021891821
-0.024310129
-0.020719769
0.021925379
0.016252841
-0.011445161
0.001677208
0.031112742
0.023168726
-0.002270103
0.019695286
0.007843074
-0.017791194
0.023356213
0.015637339
-0.011428715
-0.013575278
-0.011946607
-0.010027471
0.010027471
0.006103720
-0.007692243
-0.029735999
0.005832269
0.002694882
0.025271332
0.000453582
-0.009111695
0.002285630
0.000000000
0.006372483
0.000226828
0.006556023
0.016536476
0.029911797
