0.004419968
0.018043139
0.000304110
0.000000000
-0.007604992
-0.006433145
0.014038137
0.000000000
0.002420999
0.016490986
0.030167476
0.004028862
0.005734112
0.019802195
0.000558222
0.066862487
0.000000000
0.045057267
-0.029211373
0.005144276
0.008425995
-0.029153387
-0.024587552
-0.022534335
0.028688615
-0.025124831
-0.029994596
-0.003672420
0.029555920
0.006571003
-0.004925880
-0.001645123
0.023885833
0.018866855
0.010472881
-0.001300621
-0.002091998
-0.006816401
-0.031274655
0.007572828
0.012136014
0.013495271
0.010456494
-0.031707140
-0.016236801
0.022926260
0.011928134
-0.014331819
-0.005629510
-0.022837359
0.004661458
-0.005489476
-0.001650935
0.009057389
0.014912978
0.012040114
0.009531460
-0.021031485
0.009637606
0.024737338
-0.025268457
0.014005435
0.004044046
-0.018911013
-0.007666017
-0.049750281
0.009288203
0.024351748
-0.020660632
-0.022354138
-0.036449097
0.020942297
0.027677051
0.005874799
-0.011788074
0.002494333
-0.007185240
0.015246103
0.001850850
0.002459801
-0.019556755
-0.016116678
-0.011842793
-0.003552132
-0.012705592
0.002616946
0.001309760
0.024516099
-0.021909516
-0.017411825
-0.005652174
0.020457417
-0.055740461
0.006196058
-0.032788407
0.025555759
-0.029106788
0.003197848
-0.021153094
-0.035027876
-0.008664863
-0.012955735
0.038365205
0.011773199
-0.047076170
-0.026355185
-0.020234904
0.003998303
-0.020569211
-0.005309945
-0.017776089
-0.052654994
0.025178727
-0.027375312
0.043108371
0.006309171
-0.031520580
0.020984667
-0.006376052
0.000849066
-0.015021687
0.031084587
0.021980538
-0.004688992
0.025088357
0.020478405
-0.006382774
0.007574485
-0.016009725
-0.003229214
0.023593007
0.017630441
0.007738406
0.034094333
-0.019555219
-0.003424159
0.046901106
-0.005469405
0.023844919
0.024335403
-0.035103713
0.007188940
0.017406888
-0.018482530
0.014952185
-0.003517500
0.018981438
-0.011201917
-0.022074113
-0.018529407
-0.016267948
-0.053587738
0.024084722
0.013725244
-0.006454839
-0.016912057
-0.027108339
0.001194130
-0.033983736
0.032392941
-0.026239309
0.008148545
0.033899795
0.008980675
0.005423244
-0.039020036
0.009203752
-0.011617908
-0.031096352
0.005808273
0.028536580
0.000805567
-0.036814097
0.003329430
-0.001665754
0.010348670
0.027607238
0.017469249
0.000000000
-0.002757076
0.020311644
-0.033823023
0.011141022
0.014916645
0.022354617
-0.018853468
-0.008188702
0.067452975
0.047219162
-0.008421200
-0.029683475
0.051295993
0.001377128
-0.043636725
0.005737378
0.010320128
0.041257941
0.000342217
-0.031389997
0.001751868
0.011820672
0.002762783
-0.028671799
0.042026096
0.011161901
-0.020730094
0.043346165
-0.005277884
0.051227308
0.036435676
-0.017423683
-0.004015341
-0.037539198
0.021936994
0.001572419
-0.021263088
0.010211878
0.054066034
-0.011491864
-0.009478403
0.002150002
0.002141868
-0.021638119
0.039820343
0.031917623
0.006956535
-0.030202053
-0.003281223
0.001216889
0.003575542
0.013880615
-0.012988616
-0.022846761
0.003641855
0.008748006
0.028421075
-0.012334822
-0.020600899
0.016158348
-0.016158348
0.010504005
-0.007189996
-0.023731052
0.024931689
0.016380310
