0.004763861
0.016273470
0.005647796
-0.000282397
-0.009339447
-0.010576042
0.019915489
0.000000000
0.007017652
0.006693815
0.024698786
-0.001084871
0.007028417
0.013650387
0.004509425
0.051821657
0.000000000
0.034571005
-0.029559182
0.009952553
0.008624612
-0.026861383
-0.031383286
-0.016269013
0.023529786
-0.015100629
-0.012407520
-0.011484699
0.035887700
0.004137927
-0.001807365
-0.004927437
0.029953557
0.005282594
0.006002403
0.009184434
0.000000000
-0.010930518
-0.031984195
0.005659527
0.006522623
0.006608480
0.001770548
-0.017857598
-0.013212206
0.021161699
0.007883323
-0.014545837
-0.005413590
-0.014578249
0.002617184
-0.010251789
-0.001057591
0.005012488
0.006034562
0.006780554
0.005702271
-0.012220495
0.006518223
0.026161376
-0.009205709
0.011264919
-0.008660179
0.003081715
-0.003081715
-0.038604046
0.008420662
0.023147133
-0.018243351
-0.022109271
-0.022002656
0.012548742
0.032998204
-0.001725158
-0.014200010
-0.000290702
0.001750463
0.012166852
0.000000000
0.010879839
-0.015499810
-0.026079679
-0.020631116
0.000909532
-0.009132495
-0.005213618
0.007962177
0.019928311
-0.018100216
-0.014411940
-0.005883924
0.016023754
-0.042465230
0.004456742
-0.014393242
0.028266982
-0.026659832
0.001608164
-0.020112035
-0.043186907
0.004096969
-0.006151701
0.024049923
0.010422461
-0.049257149
-0.016854465
-0.017861074
-0.008689272
-0.019093159
-0.002596547
-0.020648815
-0.041440029
0.017637189
-0.032778369
0.050489858
0.021150499
-0.042364696
0.018921632
-0.001529842
-0.005379994
-0.016310892
0.033496799
0.018386468
-0.004599196
0.045423170
0.013951159
-0.002133718
0.002845346
-0.013220153
-0.003966149
0.028832728
0.019802728
0.004460691
0.028361049
-0.024939418
0.012547370
0.034124920
-0.011463563
0.014718285
0.018015822
-0.025838664
0.011063019
0.007416951
-0.019462127
0.013015539
0.000414289
0.037451577
-0.006876132
-0.015170791
-0.024175137
-0.010496697
-0.051066192
0.019241566
0.016876545
-0.012121198
0.000000000
-0.030962213
0.006269550
-0.024604278
0.024258143
-0.025326384
0.008865394
0.026481010
-0.006209090
0.012039342
-0.043676417
0.013481667
-0.008846832
-0.022569803
0.006168672
0.028169639
0.003861635
-0.030586984
0.000359591
-0.003976147
0.004340048
0.028109096
0.008039293
0.004513200
-0.002081142
0.015844890
-0.027019412
0.000703171
0.002451839
0.022497533
-0.019000515
-0.011225765
0.057373794
0.042419317
0.004781072
-0.015054662
0.065586978
0.003620861
-0.033070685
-0.005935530
0.005311323
0.046562338
0.001187592
-0.028009643
0.003355492
0.012101694
0.003602613
-0.024263259
0.028450877
0.017159142
-0.018951095
0.038126596
-0.013034292
0.055572230
0.021370192
-0.010862819
-0.019579700
-0.021106916
0.014680072
-0.000841027
-0.018114370
0.013897788
0.047315833
-0.004310169
-0.011122618
0.004084400
-0.002177359
-0.014539788
0.040083354
0.020232343
0.012409752
-0.011888506
-0.017309434
-0.002577190
-0.000532113
0.010829272
-0.004739355
-0.019453235
0.011503951
0.006627702
0.026085706
-0.011394007
-0.019724402
0.018420481
-0.014444307
0.005278080
-0.007662057
-0.006366545
0.022957470
0.031540147
