0.000696621
0.002086917
0.006580085
0.005851040
-0.003437608
-0.004140751
0.005861013
0.002060363
-0.001373154
0.017705663
0.022690273
0.010175780
0.002283458
-0.004572215
0.008150050
0.032266038
0.000000000
0.021459380
-0.040822025
0.000320374
-0.003209137
0.025703455
-0.005340025
-0.015873404
0.021213429
-0.021213429
-0.026261766
0.005569125
0.014272043
0.007060462
0.015233539
-0.047405305
0.003626085
0.015023202
-0.009772092
0.005312737
-0.005054739
-0.009845639
-0.007190587
0.003772933
-0.000342311
0.007505952
0.002715538
-0.015371829
-0.008643079
0.022997369
-0.001358140
-0.013340346
-0.009341093
-0.029273798
0.007488007
-0.003558738
0.003558738
0.008489586
0.009116431
0.029575796
-0.014678488
-0.001032243
0.006519169
0.001025467
-0.018273150
-0.012957654
-0.002470496
0.017166327
-0.008371250
-0.003508679
0.007005202
-0.015122448
-0.007826418
-0.002145158
-0.008626871
0.002523826
0.022432787
-0.014184584
-0.018746071
0.011577588
-0.010486480
0.000363490
0.012637826
0.005367741
-0.019460165
0.000000000
-0.001456601
-0.013945217
-0.026588356
0.020658002
0.005560684
0.025548870
0.007181353
-0.022432167
-0.014744118
0.015475674
-0.031571794
0.006394518
-0.000750135
0.038643332
-0.007246478
0.018018508
-0.023487949
-0.018078326
-0.031004330
0.000767701
0.014476401
0.002644021
-0.038843586
0.013632105
-0.023088365
0.007886427
0.001569833
-0.003929295
-0.015873292
-0.006420587
-0.007272722
-0.004470719
0.006496100
-0.006496100
-0.017256033
0.007843286
0.007374066
0.006103745
-0.018837519
-0.001655048
0.012754776
-0.002455957
0.008976053
-0.000812750
-0.003257277
0.003257277
0.008097160
-0.003231009
0.011263258
0.007571243
0.016145302
0.023167037
-0.013835702
-0.010112918
-0.014966758
0.001189685
-0.001189685
0.008298684
-0.028339479
0.002022233
-0.002427231
-0.008133425
0.014190426
0.002412591
0.019881288
-0.015873292
-0.012072591
-0.002432107
-0.004881988
-0.026990002
0.029852988
0.024487578
0.042542612
0.021765290
-0.004238144
-0.014388699
-0.006286816
-0.007914623
-0.040540583
0.000413677
0.034149670
-0.004004820
0.001603746
-0.028445539
0.009027457
-0.017305712
0.005801953
0.020045691
0.000809644
-0.005274920
-0.025547315
-0.005860240
-0.010550829
-0.009377720
-0.003861820
0.000859487
-0.014712474
0.014282801
0.026713534
-0.007559893
0.019207297
0.006595198
0.009405070
-0.019314315
-0.009589371
0.042245325
0.030844737
0.000389277
0.002332845
0.041831172
0.025010547
-0.012059403
-0.001839931
-0.005540193
0.007380124
-0.007380124
-0.022472831
0.001135752
0.003776409
-0.006807901
-0.023033622
0.023413042
-0.012597933
-0.000384270
0.028789878
-0.011265674
0.024987343
0.036170281
-0.008920650
-0.012624145
-0.030216046
-0.004499348
-0.005275135
-0.001512229
0.018369718
0.018767828
-0.029223504
0.017857689
-0.010750877
0.013696348
-0.007380124
0.028479492
0.032929117
-0.008043347
-0.005633888
-0.013508866
-0.015873364
0.010850004
0.024868052
0.006644572
-0.010159523
0.002110474
-0.046754250
0.004775035
-0.005143315
-0.014842569
0.009302376
-0.018692099
-0.009097901
0.024079450
-0.003724408
0.014447344
0.014604163
