0.009408594
0.028031491
0.023780068
0.017315186
-0.011299558
-0.010471359
0.029852967
0.006788060
-0.000615214
-0.024923321
0.019678914
-0.007139727
0.001556585
-0.006866550
-0.038632079
0.018704164
0.000000000
-0.006088746
0.008003902
-0.008968699
0.006734045
0.011439560
-0.020750935
-0.014949830
0.035700765
-0.017851914
-0.012949258
0.015519136
0.066701683
0.042597166
0.004304714
0.009122284
-0.016307240
-0.013649043
0.007283369
0.010682871
0.025238781
-0.005616312
-0.038466361
-0.020997256
-0.014449392
-0.012202687
-0.002458588
-0.008342396
-0.034083460
0.013393050
0.013840996
-0.003442229
0.000000000
0.002504605
0.007787039
-0.035689779
0.014365636
0.020082222
-0.018498659
-0.014342879
0.003205159
-0.024292746
0.014323243
0.017620118
0.015440647
-0.003131779
-0.010722324
0.018844807
0.000000000
0.001865149
0.048494311
-0.002369677
0.003847903
0.004421547
-0.007380219
0.030636969
0.033901662
0.006368535
-0.011939598
0.001395520
0.022069935
-0.019006155
0.021186652
-0.007378211
0.010885889
-0.003944813
0.007874096
0.014184578
-0.051569422
-0.057141366
0.003074197
0.034688959
0.005617158
0.031343242
0.000000000
0.039220766
-0.024472881
-0.027109617
-0.019866237
-0.010083246
-0.015620623
0.009041755
-0.028299486
-0.020265703
-0.031352578
0.012274048
0.051309422
-0.006424980
0.000613618
0.058963204
-0.059270029
-0.070220965
-0.009591582
0.020395456
-0.004896374
-0.012843935
-0.057294910
0.000350973
0.001052035
0.009072029
-0.041126083
0.016867484
-0.006784524
0.024071923
-0.001750347
0.012534979
0.011353986
-0.021439248
-0.011247889
0.003880663
0.030173988
0.013573321
-0.014256915
-0.018982335
0.032564946
-0.003716861
0.002029142
0.011420983
0.008315349
-0.039870113
-0.006224120
0.018897616
0.045575892
-0.002931137
0.020339694
0.024310637
-0.001248497
0.017337950
-0.029592644
-0.006661364
0.015161383
-0.006289290
-0.048474795
-0.014004915
-0.032073696
-0.009056157
-0.011967797
0.071397970
-0.054195541
0.013826758
0.035079479
0.009237953
-0.018227540
0.012298706
-0.005964265
0.028503121
0.039580872
0.000620793
-0.002485165
-0.017255387
-0.016914427
0.008333397
-0.043045489
0.000000000
0.011265859
0.035284504
-0.014093810
0.007071734
-0.010302735
0.044930072
0.002472206
0.038448826
0.019994755
0.018460265
0.038956948
-0.020550705
0.072503389
-0.011020801
-0.026468544
0.004325361
0.015790522
0.001591980
-0.027686275
-0.017042668
-0.030685132
-0.010922752
0.000577924
-0.035875583
0.002989458
0.004764721
-0.000297100
0.013284309
-0.032789810
0.004836802
0.036421487
-0.023239738
-0.039458912
0.017797455
0.013893253
-0.042898727
0.028092496
0.050745353
0.017780716
0.005668915
-0.006521942
0.002557138
-0.006262495
-0.045568657
0.006256592
0.018829600
-0.010253463
0.025869678
-0.012124695
-0.019948074
-0.020656137
-0.058868057
-0.021729412
-0.003284123
0.032365256
0.002862158
0.009167136
0.011575381
-0.019155948
0.003481546
-0.007611755
-0.021236356
-0.022029532
0.001328965
-0.002326831
-0.001665235
-0.005682818
0.015963168
0.017659053
-0.020632803
0.010205822
0.019140977
-0.006771069
-0.013352991
0.038274424
