-0.007270801
0.010752845
0.048025928
0.011654527
0.003771142
-0.019255675
0.006883418
0.005068434
-0.000758680
0.004291361
-0.013440116
-0.037190504
-0.006646309
-0.016947305
-0.030297085
0.018013568
0.000000000
0.016344630
0.002428823
-0.016304655
-0.032013925
0.023760811
-0.031998238
-0.046710242
-0.007800760
-0.019158287
-0.040412672
-0.030182430
0.025054214
-0.020124048
-0.026579604
0.005707586
-0.002346306
0.014987825
0.023845651
-0.086952690
0.007017573
0.001746725
0.043373710
0.007657770
0.022627626
-0.219987060
-0.024955315
0.041385258
-0.005180286
0.059331142
0.013463218
0.001855595
-0.020982374
-0.044124805
-0.010742097
0.000000000
-0.020202707
-0.009020110
0.009836104
-0.026866629
-0.027177935
-0.000861370
-0.046294315
0.029786599
0.003934431
0.009984889
-0.003895309
-0.044786915
0.013961136
-0.045753632
0.002338042
0.051433450
0.007513759
-0.046876497
-0.030454450
0.000951070
0.090806444
0.047880315
0.048455218
-0.001577949
0.020321137
-0.001161216
0.005792602
-0.009673127
-0.036425248
-0.008097170
-0.012270134
0.004106823
-0.012371292
-0.009170594
0.019901237
-0.014888654
-0.004175371
0.031709472
-0.029619565
-0.024943165
-0.059982747
-0.016036999
-0.000924261
0.022852915
-0.032609044
0.061996822
-0.022183695
-0.013095739
-0.037041225
0.010323836
0.087983473
0.041864633
0.007353015
-0.030161344
-0.025489910
-0.077821997
0.000465008
-0.029247416
-0.033587874
0.032630115
-0.028184566
-0.014395930
0.003992021
-0.024194729
-0.025317756
0.017635311
-0.035587271
-0.014489119
-0.017998850
-0.014412666
0.005012542
0.115805724
0.010337331
0.013618936
0.035590943
0.061035800
0.011772580
-0.010895728
0.014357436
-0.016111779
-0.007933096
0.030503411
-0.004300996
0.007728591
0.010636136
-0.001270337
0.002539147
-0.003386963
-0.025774623
-0.003924182
-0.000436967
-0.010103271
0.001323627
-0.006191926
0.032732574
0.002572857
-0.022083599
-0.013665586
-0.031104648
-0.066249337
-0.011811160
0.000000000
-0.014460536
0.018413110
-0.007424038
-0.001989011
-0.023672674
0.010646437
-0.021922876
0.000000000
0.027454749
-0.005531872
0.019970709
-0.024519617
0.019564156
0.013323711
0.030415136
0.010406858
0.012625840
0.006022719
-0.000924261
-0.036727245
-0.011577505
-0.005839481
0.064263959
0.008658108
-0.012785608
-0.007380107
0.015162248
-0.030087851
-0.008020802
0.050795684
-0.003156711
-0.007708041
-0.004561960
0.014976454
0.008968625
-0.025775788
0.029785595
-0.000889724
-0.037175587
-0.052631201
-0.004880439
-0.014289526
0.011349690
0.005382984
-0.013759480
0.007885797
0.012198248
-0.003887274
-0.020163063
0.000993098
0.016244512
-0.013271318
0.046407603
0.033901552
0.014055956
-0.008591462
-0.000908678
0.010850016
-0.057370032
-0.020688734
-0.030103483
-0.009564584
0.016056542
0.010398658
-0.006920394
0.047939462
0.061875404
-0.038971901
0.007366516
0.011856045
0.000906253
0.018843088
-0.014775286
0.016994998
-0.006674063
0.041536025
-0.011630542
-0.012205950
-0.047606610
-0.011100947
0.031588847
0.021841697
0.014010737
0.000000000
0.012959102
-0.023888172
-0.011049836
-0.019296089
-0.007732583
-0.012405443
0.013774369
