-0.008471611
0.015061851
0.023946535
0.001767583
0.002205125
-0.010851678
0.028535779
0.009047764
0.023106611
0.031964733
-0.008356351
-0.007395238
0.044559334
0.025697327
-0.030243214
0.007499544
0.000000000
-0.010475379
0.004954905
-0.001780987
-0.021622555
-0.010375342
-0.002047155
-0.006578967
0.005553873
-0.005553873
-0.040839170
-0.034094169
0.024594976
-0.008058508
-0.038110375
0.019125297
0.025741213
0.012304530
0.000643399
0.022472918
-0.010537497
-0.013652104
-0.002580732
-0.010172099
0.008232285
-0.006276354
0.015724576
-0.002782161
-0.000428831
0.024567116
0.008333417
-0.005826183
-0.014927153
0.001058515
0.025899584
-0.020202653
-0.002317089
0.009236011
-0.013674368
-0.014508457
0.019157703
-0.034097889
-0.019828836
0.065872799
-0.029815038
-0.007973391
0.002161183
0.013722358
-0.011565739
0.010287328
0.027341315
-0.008542649
0.007089300
-0.014018392
-0.000843238
0.006516041
0.006682024
0.000208100
-0.020177241
0.005082582
-0.007207937
-0.038387035
0.004852180
0.011811223
-0.007420307
-0.001698433
-0.026204308
0.027119466
-0.005273406
0.003213213
0.013429112
0.044874335
-0.020749812
0.007256772
0.039945189
0.051293239
-0.032110077
-0.003309843
-0.033930083
-0.011209474
-0.004562766
0.054250639
-0.020421634
-0.036445674
-0.018733311
0.009961383
-0.014644089
-0.000894489
-0.011248705
0.016825900
-0.024776055
-0.020272497
-0.005834936
-0.011062938
-0.013103194
-0.014006550
0.193927159
-0.007439522
-0.004247060
-0.002841479
0.040236413
-0.009415473
0.009024940
-0.013370229
-0.018781764
0.014616312
0.008904728
0.005501021
-0.012618428
-0.016000343
-0.002624365
-0.001820953
0.063740823
0.019754141
-0.021656049
0.003231009
0.001895758
-0.001895758
0.003787930
-0.005687289
-0.020746003
-0.010340537
0.013054213
0.015176599
-0.009578611
0.003075106
0.022579483
0.026110148
0.003648959
-0.009882973
0.027036059
-0.005925150
0.009855861
-0.014006351
0.008642483
-0.003412085
-0.002521588
0.027394110
-0.007927473
0.007225397
-0.009704583
-0.022956543
0.005066990
0.028647056
0.018938972
0.026831311
-0.006218989
0.010065453
0.001501136
-0.008200234
-0.005053854
0.006565072
0.006355659
0.011932546
0.015691688
-0.030629765
-0.006711390
0.011216289
0.012736923
0.010789734
0.000000000
-0.004563280
-0.018131378
-0.003999947
0.001168273
-0.022264334
0.039791239
-0.014196285
0.002324785
-0.031165693
-0.028464293
0.000000000
-0.007776639
-0.015376663
-0.009049830
0.006704779
-0.018409361
-0.015012807
-0.023237059
-0.013857059
0.003289209
-0.002320643
0.035191428
0.015762943
-0.017633814
-0.009407400
-0.034227617
-0.009039129
-0.015115613
-0.007038817
-0.014842170
0.065984168
0.000958294
0.013509853
0.002076839
0.011625839
-0.008612637
-0.007360606
-0.025516985
-0.029782295
-0.005017536
0.071993013
0.004483489
0.021208717
-0.008613630
-0.004057499
0.008465234
-0.000733301
0.006580195
0.016980229
-0.029999586
-0.010016801
-0.018438908
-0.032030457
-0.013820597
-0.009789290
-0.008467809
-0.009561726
0.009764211
-0.015298638
-0.013450795
-0.009208939
0.001260785
-0.000210054
-0.013959561
-0.005125040
-0.006658770
0.000000000
0.020900766
