-0.003231020
0.012062912
0.003192341
-0.003992144
-0.019386547
-0.004906146
0.015453785
-0.014634323
0.022672951
-0.014516300
-0.002440142
0.008110510
0.007243450
-0.004823077
-0.014610814
0.024233900
0.000000000
0.026773249
0.002328329
0.007721887
-0.011605426
0.034420181
-0.022045702
-0.033609996
-0.010387668
-0.013748824
-0.014766385
-0.009966859
0.027173387
-0.011438116
0.009812100
-0.017234771
-0.006644628
0.014888865
-0.002466303
0.014706230
0.007272717
-0.028584997
-0.011666798
-0.016906659
0.004253559
0.003389833
-0.009349790
0.000853650
0.000000000
0.012717465
-0.004221326
-0.005089069
0.004242731
-0.022261190
-0.028096756
-0.007149179
0.004474142
0.006230686
0.042559565
-0.015424469
0.006884708
-0.001716650
-0.008628180
0.009486873
-0.018190326
-0.003502631
-0.004395386
0.004395386
0.008733858
-0.005231228
0.000873878
-0.002623481
0.019081235
-0.006896755
-0.033424212
0.003571432
0.004446382
0.004426699
-0.012444512
-0.005381362
-0.027348921
0.011029429
0.019013839
-0.011727739
-0.009115833
-0.025036028
-0.014184682
0.034631393
-0.027986900
-0.024905302
-0.000970651
0.030595121
-0.030595121
-0.023576629
0.039946905
-0.002869589
-0.043059387
-0.002002002
0.018859269
0.028116095
-0.011538489
0.024833934
-0.009478646
-0.048790159
-0.001000552
0.030559251
0.004842773
0.010571888
-0.032057087
-0.010918170
-0.023221791
0.021223687
-0.018163969
-0.004081638
-0.015456203
-0.029506987
0.008519753
-0.036721074
0.031404795
-0.008565252
-0.032789929
0.014341172
0.023810535
0.074184360
-0.023104942
-0.004073220
-0.010256498
0.005141241
0.010204378
0.016113032
0.000998553
0.014859162
0.000000000
0.006859258
0.015504086
0.011472499
-0.021134410
0.019231460
0.002853020
-0.005714203
0.003813159
-0.025049576
0.029795620
-0.010471348
-0.032088364
-0.002968677
-0.005964436
-0.008007948
0.014962923
0.005923018
0.031010136
-0.008624726
-0.024355753
-0.033085770
-0.013340423
-0.017717969
0.005243796
0.024794761
-0.007168646
-0.005151942
-0.026165856
-0.002123034
-0.026926826
0.021599109
-0.030371094
0.010953011
0.028987588
-0.002118753
0.005288382
-0.029980937
-0.005449660
-0.003284019
-0.013245225
0.001110551
0.031679378
0.014941468
-0.042191161
0.036880420
-0.003199948
-0.004282661
0.030641431
0.022634712
-0.018480914
0.001035786
0.022518757
-0.039220605
-0.005277002
0.013662795
0.024743528
-0.020576749
-0.001040308
0.042776381
0.041021477
0.021770902
-0.017950361
0.065491209
0.026433435
-0.010489695
-0.005286355
-0.022332278
0.051067426
0.013640448
-0.030083960
0.004353556
0.013805222
0.003421731
-0.025076925
0.022511769
0.027028497
-0.010892225
0.050113021
0.017474629
-0.007905179
-0.016807158
-0.026166574
-0.014184762
-0.017804493
-0.000855754
-0.010327290
-0.013060565
0.058715239
0.034121992
-0.021801383
-0.004090195
0.001638170
0.006525224
-0.004073199
0.040518447
0.014106808
0.008523857
0.003850712
0.006893933
0.003048746
-0.010711683
-0.013163179
0.017768046
-0.027952189
0.005496690
0.031601793
-0.003039480
-0.002285765
-0.016148029
-0.010911982
0.004691197
-0.005475194
-0.003929231
0.000147460
0.014861455
0.014643745
