-0.007272702
0.003642963
0.004233460
-0.013977718
0.000611846
-0.024769180
0.000000000
0.006872914
0.001244568
-0.006864270
0.004373716
-0.008766579
0.006269608
-0.017019073
-0.007017540
0.020906656
0.000000000
0.003129957
-0.019565180
0.001910273
-0.003185728
-0.005760038
-0.030631253
-0.015338791
0.010695253
-0.031748689
0.010242558
0.000000000
-0.016438742
0.011671954
0.000682331
0.012877259
0.002690008
0.023889608
-0.036732050
0.002038721
-0.171383674
0.032503878
-0.009404384
-0.009493836
0.001588663
-0.008768533
-0.030896812
0.013125743
0.006498868
0.011272200
0.000800285
0.019018025
-0.007089463
-0.041975477
0.005754155
-0.004930040
-0.011599162
0.016529202
0.004090069
-0.015631769
-0.017566274
0.015075544
0.007453568
0.030871622
-0.029222801
-0.000824115
-0.009942097
0.018969696
-0.011503850
-0.005802024
0.014851905
0.003270594
0.035288267
-0.011093557
-0.027465304
-0.004926254
-0.011589472
0.002494784
-0.010855941
0.017478547
-0.016639305
-0.023770181
0.016191168
0.013434334
-0.002505290
-0.008396349
-0.019583485
0.013663792
-0.014523970
0.008569117
-0.004275334
0.022872571
0.014137457
0.003297557
-0.024157705
0.010901638
-0.051337148
0.001754310
-0.000876864
-0.001755944
-0.033053376
-0.020184174
-0.017765803
-0.046340383
-0.003960335
0.021590636
0.000000000
0.000000000
-0.051804498
0.017233076
-0.035809315
0.031781179
0.047299399
0.009578711
0.029123648
-0.028170854
-0.004773275
0.013308211
-0.008534936
-0.028987617
-0.040005305
0.004073474
0.008097074
0.011027736
-0.027288200
0.021288230
0.014932962
-0.037246372
0.016277115
0.010040237
0.002992497
0.000995583
0.016773853
0.000000000
0.021298002
-0.003838814
0.000961137
0.003835134
-0.018349165
0.004861558
0.045505422
0.042636828
-0.007130130
-0.014414710
-0.032275812
0.013035596
-0.009293641
-0.016949726
-0.015311252
-0.015549337
0.056178498
-0.013047645
-0.016076003
-0.042849793
0.028447149
-0.028447149
0.009900853
0.023370228
-0.023370228
-0.024938825
-0.026613584
-0.012526272
-0.013749522
0.008483472
-0.037658960
0.007646033
0.039471896
-0.031883651
0.002157290
-0.019586980
0.028170809
-0.012903418
-0.016366848
-0.008839805
0.039177945
-0.030338139
-0.012175086
-0.008948574
-0.025029751
0.002301397
0.011428808
0.029117327
-0.034815344
-0.025464467
-0.011792455
-0.009535327
0.002392369
-0.060325986
0.027536163
0.043485154
0.007067236
0.075699437
0.017260463
0.005333229
-0.009620409
0.087369278
-0.012877809
-0.010020116
-0.004036372
-0.002024312
0.039727244
0.004856732
-0.008759318
0.054221635
-0.003710517
0.008329557
-0.024593338
0.003913886
-0.008827934
0.022407245
0.039665217
0.015618134
0.016275169
-0.000897214
-0.031922392
0.005545282
-0.046212927
0.008649860
-0.021277524
-0.002936800
0.016529295
0.048009201
-0.019490157
0.020408991
0.029852905
0.018543559
-0.038346210
0.039220670
0.001746719
0.105884000
0.019433153
-0.006952535
-0.047628049
0.024097633
-0.014388769
-0.013782133
-0.018953984
0.010757161
-0.004123661
0.009868467
-0.014009288
-0.021812956
-0.005102122
0.005102122
-0.015384954
-0.000861650
-0.015638929
-0.008795192
-0.010657167
