0.014015242
0.000818236
0.011386841
0.010858718
-0.018164009
-0.014359154
-0.000826741
-0.003314060
-0.014629439
0.030274088
0.040821937
0.032789890
0.011320678
0.027023771
-0.004392274
-0.009583666
0.000000000
-0.016054184
-0.022070869
0.014894330
0.018776364
0.003342541
-0.028202676
-0.036904453
-0.005953499
0.011084762
-0.043450258
-0.007428663
-0.003735178
0.032722679
-0.019915352
-0.003289532
0.008611971
0.007323218
-0.026701265
0.025890281
-0.015124205
-0.003713455
0.000000000
0.000413261
-0.012892649
0.006675049
-0.018041272
0.011784574
-0.002094098
-0.037160021
-0.005672961
0.019502078
-0.015135353
-0.028775581
0.011340605
0.016994898
0.018889136
-0.030037361
-0.017643686
-0.027766625
-0.014654178
-0.009569257
-0.000962043
-0.004340598
-0.011667383
0.001953938
-0.021707893
0.001495235
0.006948047
0.011310673
-0.033311818
-0.004052397
-0.010204256
-0.039754397
0.005852737
0.009503630
0.000000000
-0.012159820
0.007947131
-0.013280091
0.031581293
-0.005194681
0.010362755
-0.023469276
0.013106520
-0.001042255
-0.064052277
-0.032771016
0.017649197
0.023976461
-0.016666939
0.013908612
-0.001105823
0.003864150
-0.023412424
-0.011914795
-0.030129903
-0.002945535
-0.014260490
0.002987778
0.002978809
0.030465055
-0.010440712
-0.015276560
-0.023361287
0.026907407
0.019860514
-0.019860514
-0.029942126
-0.015314293
-0.012422697
0.025911503
-0.038490321
-0.024993224
-0.055366046
0.050161165
-0.008516292
-0.009917445
0.058080667
0.021706465
-0.026104702
-0.035248693
0.004555750
0.020566349
0.020774906
0.021572388
0.007290748
-0.012567122
-0.010549347
-0.001873342
0.000000000
-0.002503165
0.051888231
-0.019219523
-0.005473016
0.030032423
0.046251116
0.000000000
-0.040351381
-0.002355881
0.009389936
-0.004683846
-0.007067128
-0.020902601
-0.034380352
-0.000624813
-0.006269627
-0.102569129
0.014527983
-0.007583416
-0.002772042
-0.041082420
-0.040580794
0.052797982
0.035091241
-0.026556221
0.016157689
0.049619397
-0.018066829
0.011413353
-0.020911286
-0.014418415
-0.003463695
0.024675552
0.008091861
0.005358271
0.018531331
0.000000000
0.003926760
-0.004582722
-0.009228782
-0.015348886
-0.002019550
-0.008798823
-0.040935226
0.026556221
-0.010398532
0.010398532
-0.020906493
-0.007067183
0.044647767
-0.023530588
-0.033006278
-0.055974618
0.014872967
-0.017241844
-0.008733567
0.003979349
0.000793956
-0.023701765
-0.008196957
0.052116025
-0.041473177
0.001627395
0.000000000
0.039845782
-0.037409912
0.005661261
0.002416515
-0.010513646
0.018526519
0.013476249
-0.003154598
-0.001580995
0.016477295
-0.017268775
-0.026475696
-0.024692642
0.012422399
0.018753202
0.019992737
0.044141868
-0.022214711
0.032014936
-0.033565121
-0.054196803
-0.100730198
-0.040671217
-0.006625382
-0.015311301
-0.053477950
-0.008171815
-0.051563263
0.011808980
-0.010729612
-0.002160021
-0.055569678
-0.017291454
0.058707498
-0.023295629
0.066220957
0.014598381
-0.013548707
-0.027661347
0.038099867
-0.015699102
-0.043109941
0.007679587
0.021622726
-0.009672506
0.019251885
0.029662013
-0.010638057
0.020116769
-0.046316819
0.005509817
-0.024472814
-0.020478695
0.021603957
