-0.008658147
-0.011661730
0.001465135
0.002924007
-0.020649737
0.014793148
0.020349575
-0.010123025
-0.004369961
0.002915321
-0.016141129
-0.017910934
0.003007550
-0.015129029
-0.003053298
0.031605229
0.000000000
0.095983353
0.010709711
0.003986681
-0.005319213
0.021109022
-0.027798001
-0.034132960
0.047466620
-0.002652547
-0.031020618
-0.004118172
0.033809947
0.051824992
0.021237523
0.004932240
-0.022389073
-0.017766997
0.030267142
0.024541076
0.023953209
-0.007125859
-0.021687540
-0.020923838
0.025784027
-0.002427209
-0.014688154
0.018326830
0.027464479
-0.014235121
0.009512385
-0.031252448
-0.023472378
0.024692714
0.010915718
0.025016238
0.000000000
0.011696023
-0.001163543
-0.004667369
0.020833905
-0.019664922
-0.032050333
0.032050333
-0.029640670
0.009580872
-0.011990535
0.002409663
-0.009673688
-0.024601454
0.002487588
0.019680886
0.022878671
-0.026539547
-0.031039073
0.021211025
0.017136178
0.023981935
-0.002372240
-0.002378277
-0.021661441
-0.006101292
0.019394601
0.014302860
0.001182809
-0.029283941
-0.010403291
0.030890448
-0.002538025
-0.005095590
-0.005121688
0.017812242
-0.002525207
-0.002531732
-0.010191114
0.029024103
-0.029024103
-0.019393022
0.011680912
0.050325062
-0.001227724
0.002453943
-0.048973873
-0.063766812
0.023052004
0.027761232
-0.009168470
0.009168470
-0.046706388
-0.041847055
-0.030371133
0.000000000
-0.010332311
-0.016454970
0.011994079
-0.002985021
0.016308742
-0.035932120
0.031510523
0.016117570
-0.040034868
-0.003030407
0.040154270
0.067631305
-0.041730762
0.022472876
0.013793352
0.018996569
0.001343018
0.019934259
0.009168470
0.007792236
0.009014836
-0.024660506
0.010457552
0.024407199
-0.003814433
0.002544483
-0.019243741
0.024313497
0.018785815
-0.006222809
0.021001382
0.025348274
-0.025348274
-0.003674282
0.004896007
0.004872026
-0.010995757
-0.001229233
0.026700621
0.001196866
0.005963060
-0.011961891
-0.025595449
-0.041593904
0.012787792
0.016383567
-0.012578809
0.043350404
-0.006079059
-0.009803944
-0.058318270
0.019393022
-0.049879132
-0.005398164
0.025385548
-0.013280436
0.009314874
-0.025487712
0.013495510
-0.012137762
-0.042972721
0.025176268
0.001380237
-0.001380237
-0.030857996
0.002844899
-0.033216032
-0.001469480
0.023256732
0.046324089
-0.019391117
0.002793391
0.031574326
-0.030180624
-0.004187094
0.001397598
0.001395793
-0.001395793
-0.021172178
0.070228414
0.048029912
0.020075975
0.071887262
0.163847465
0.021360143
-0.052254316
0.026961105
0.014670221
0.037164732
-0.008454566
-0.022901933
0.018173683
0.000000000
0.014117912
-0.015066112
0.068739787
0.065147311
-0.056328893
-0.011479216
-0.020637778
-0.003633187
0.045361349
0.004338501
-0.007822760
-0.027423347
0.012478019
0.011448795
-0.007029866
0.007029866
0.030187781
-0.010247906
-0.005163426
0.052931270
0.006525357
-0.016393845
0.025297184
0.004823070
0.012749271
0.006314113
-0.004731946
-0.009531434
-0.008817611
-0.007272792
-0.010599423
-0.000819907
0.013040130
0.019246759
0.014978567
0.007017604
-0.026773327
0.009531434
0.028829533
0.038422793
-0.011148411
-0.001965180
0.016516882
0.031515925
