-0.012428868
-0.007322319
-0.016406849
0.015881915
0.003146284
0.046043883
0.031983053
-0.023023322
0.039830350
-0.012458150
-0.001447592
0.006737276
-0.012062815
-0.009756259
-0.009357382
0.022505940
0.000000000
0.011065783
0.016136976
0.004228428
0.005610122
0.015267391
-0.011544798
-0.001394391
0.013857035
0.025810838
-0.002237646
-0.010810842
0.004518683
0.006292159
0.007142884
0.021127493
-0.002616598
0.022026331
0.012311835
0.015906506
0.004971106
0.002063906
-0.007450357
-0.009182057
0.012500163
0.002068345
0.001238829
-0.002479281
0.001240451
0.010686339
0.004487131
-0.002444972
-0.008604851
-0.009510097
-0.002495782
-0.002502069
-0.007964839
0.009633580
-0.002504243
0.001670135
0.006652828
0.011127198
0.013433963
0.007252322
-0.012929467
0.003653339
-0.006504127
0.004882036
0.001622091
-0.011820010
0.004499896
-0.003270626
0.003270626
-0.002042867
-0.007389230
0.002880069
0.004100061
-0.005744787
-0.004123646
-0.004140892
0.000829568
-0.007908480
0.014931909
0.009832131
-0.002672842
-0.007885431
-0.025745363
-0.016814279
0.007364142
-0.010848520
-0.010967368
0.019655588
-0.020538203
-0.012886193
-0.020787021
0.008638404
-0.012298117
-0.001375789
-0.007369976
0.034979723
-0.007168464
0.027933570
-0.005260832
-0.015950758
-0.007171677
0.029694128
0.030533480
0.003382719
-0.016599746
-0.009053718
-0.030785187
0.000446484
-0.004025962
-0.006294911
-0.003162424
-0.010919109
-0.015675743
0.015218227
0.009111566
0.004524907
-0.010894327
-0.000456472
-0.004118161
-0.005978327
-0.001846728
-0.007886864
0.009272182
-0.006481428
0.000000000
0.019319787
-0.003651222
0.003195582
-0.012844248
0.002766214
0.008253211
0.006825891
0.001812513
0.009909881
-0.003592199
0.000449697
0.002245730
-0.002695427
0.007618161
-0.001340051
-0.007178294
-0.004060381
-0.007259626
-0.009608792
0.004587223
0.004566137
0.001365767
-0.003646229
-0.000456773
-0.006416125
-0.006920462
-0.013986280
0.007017687
0.020761953
-0.004576726
-0.000458775
0.002749827
0.000000000
-0.006428002
0.009170148
-0.011475897
0.002766214
0.001380313
-0.005532580
0.015141372
-0.002735895
0.009090950
0.039916625
-0.008733748
0.020834144
-0.002150126
0.003437959
-0.004730187
0.012422510
0.033078256
-0.008271452
-0.004161482
-0.010901606
-0.003378305
0.008844049
-0.003780733
-0.002528453
0.001264983
0.003365642
-0.000840338
0.003357125
-0.008413997
0.009251435
0.031722540
0.033496006
0.001175822
-0.017384918
-0.017286910
-0.013472337
0.017923177
0.015224613
0.009891264
0.016012844
-0.019957673
0.000000000
0.000000000
-0.009132428
-0.002796095
0.000000000
0.011928523
-0.015936555
-0.000803579
0.010793699
0.020854559
0.013537238
-0.001153145
-0.006947211
0.006947211
-0.003467592
0.001542698
0.007295040
0.013300593
0.004143924
0.000000000
-0.011342308
-0.000380263
-0.003810952
-0.007665870
-0.011609990
0.011994720
0.044752727
-0.010723039
0.001485964
-0.000371303
0.000371303
-0.005956809
-0.004116089
-0.006772015
0.006021826
0.013047751
0.003696872
0.003683293
-0.007750605
-0.000370615
0.018726465
0.008331895
0.009693119
0.007474695
0.009880064
0.012907977
