-0.018848692
-0.005512000
0.016027369
0.004175232
-0.007108554
0.003351502
-0.000418181
-0.023281477
-0.003432019
0.006852209
-0.022443698
-0.015838486
0.011025544
-0.004395650
0.004834094
0.025109564
0.000000000
0.029903243
0.016461248
-0.001634036
0.002042193
0.002851841
-0.015580418
-0.033189345
0.015681564
-0.008021993
-0.008086911
-0.009014801
0.051271713
-0.000409829
-0.002872823
0.004920033
0.008146541
-0.004065039
0.001628094
0.032409212
0.034059100
-0.018046254
-0.017983204
0.002364096
0.001572910
0.000392841
-0.018232728
0.002397112
0.020928681
0.020116763
0.029064106
0.005564913
-0.016036171
0.007117463
0.027973719
-0.005824496
-0.005124500
0.000000000
-0.003676352
-0.021594303
0.013829371
-0.025565314
-0.013032024
0.006153928
-0.004997054
0.003846030
-0.002690736
0.010339024
-0.013423037
-0.027398967
0.012618425
0.026678562
0.003808111
-0.031270620
-0.038781635
0.029325350
-0.000792186
0.003954255
-0.008321925
0.006346731
0.006306663
-0.005911379
0.049354710
0.013453086
-0.005583438
-0.029932262
-0.017067806
0.013214324
-0.015564489
-0.005111086
-0.018298088
0.035492624
-0.012475758
-0.033509354
-0.020492486
0.031500313
-0.031917614
-0.012131536
0.022472821
0.026397511
0.003600851
-0.007616894
-0.009298621
-0.044433435
-0.000424555
-0.001700696
0.003398505
0.016821099
-0.033930177
-0.023130025
-0.006644545
0.017621531
-0.027896395
-0.008115420
0.036011814
-0.001310765
-0.031537282
-0.024773698
0.027938596
0.031127482
-0.053507954
0.000923414
0.006898129
-0.007821543
-0.037651458
0.020883492
0.029162111
0.001822926
0.029611965
0.016659787
-0.017544356
-0.004434527
-0.011173289
-0.013119580
-0.010528663
-0.019048222
-0.019896446
-0.006721035
0.000962983
0.000961855
0.032169255
-0.007945841
0.009806366
0.000000000
0.003710550
-0.013047687
-0.012270058
-0.026950661
0.031687687
0.001888634
0.012189424
0.008352810
-0.031450703
-0.012958987
-0.034401557
-0.033039790
0.014366557
0.028623720
0.000000000
0.034544860
-0.000478382
0.020834097
-0.050948032
0.009325090
-0.033278405
-0.020408819
0.039914338
0.000495252
0.014254201
-0.018719651
0.013827401
-0.004423851
0.004423851
0.002938313
0.011667518
0.014871949
-0.020688717
-0.000972768
-0.024631762
0.014851784
0.031917518
0.014177908
0.001406881
0.021785231
0.017723873
-0.032039425
0.000000000
-0.027825395
0.014245230
0.009385383
-0.016007909
0.066109437
0.037065492
0.029109793
-0.006256505
0.081907730
-0.004249574
-0.026281169
0.002778242
0.014558727
0.001951169
-0.024468512
-0.009634684
0.010433368
0.005970219
-0.002383804
-0.030287046
0.024702764
0.025667695
-0.011370523
0.036395841
-0.002665139
0.033367746
0.020799849
-0.006885388
-0.015021293
-0.003327827
0.039576775
-0.015064852
0.005406402
0.010014442
0.020430435
-0.005945126
0.001402004
0.019424851
-0.005511619
0.025576923
0.071772346
0.016781026
0.004611789
-0.003072151
0.027315827
-0.009022697
0.032692471
-0.033599184
-0.017386417
-0.020830843
0.005326673
-0.017654962
0.028223936
0.004935196
-0.003081618
-0.003091273
-0.028896471
-0.000956435
-0.048359613
0.001338212
0.007991988
0.049406919
