0.000000000
-0.002352878
0.010311732
-0.008664134
-0.027902179
-0.019536598
0.010060244
0.017905099
-0.000479683
-0.022320261
0.029968439
0.011834534
-0.003063624
-0.010677471
0.015856413
0.037105298
0.000000000
0.023035801
0.009243110
-0.028214765
-0.016814710
0.008215508
0.000227176
-0.008213538
0.018161662
-0.002026808
-0.023723795
0.002305704
-0.008557825
0.008327537
-0.011817982
0.039982581
0.042102154
0.026069084
-0.015177356
-0.023641752
0.002606419
-0.034874436
-0.026170563
0.020991003
0.000225689
-0.009298118
0.009523851
-0.003844073
-0.013456685
0.035859200
-0.008007195
-0.033609051
-0.000692962
-0.011856667
0.021973944
-0.026192192
-0.011337043
0.015789251
-0.016977535
-0.001904192
0.012313605
-0.021409018
-0.019177730
0.017252254
-0.021181498
-0.000984741
-0.007416604
-0.010727328
-0.007300094
-0.019903833
0.002831107
0.039062477
-0.000494466
-0.024785271
-0.026716268
0.022652263
-0.015647295
-0.017736615
0.001314958
-0.006592066
0.045256601
-0.005069581
0.024351517
-0.000496105
-0.012987226
-0.001509361
-0.029472510
-0.018848188
-0.006818504
0.011158093
0.025385477
-0.007947170
0.038862660
0.012962385
0.018762316
-0.009712418
0.008472480
-0.007472015
-0.000500069
0.008964188
0.014519786
-0.018742954
-0.013786370
-0.055526522
0.022686211
0.011926520
-0.009061458
0.001299452
-0.005469393
-0.002876944
-0.039807721
-0.024556265
0.013869792
-0.018910442
0.001122380
-0.021542795
-0.008344086
0.010347846
0.004849511
-0.003420692
-0.000571318
0.011081207
0.006758703
0.006155582
-0.019434468
0.000568603
0.000000000
-0.011147724
0.012851856
0.009320776
-0.004225997
0.022058695
0.022663134
-0.013043697
0.039683551
0.005766614
-0.029171997
0.014161831
0.021263460
-0.015179624
0.040822082
-0.038451419
0.017473423
0.014119077
-0.016189476
0.005167944
0.008980294
-0.060002350
0.002167551
0.040832755
0.029944664
-0.022696401
0.021434876
-0.002780937
-0.026421974
-0.044380826
-0.008185585
0.028361050
-0.005072659
-0.005367754
-0.029494168
0.000554108
-0.025246783
0.049871831
-0.010869728
-0.015696325
0.024943133
-0.031626436
0.028644195
-0.045550855
-0.011144539
0.006302051
-0.002859742
-0.022004286
0.007582374
-0.004367410
-0.023919668
0.012178969
-0.021486883
0.008410929
-0.003295850
-0.008136260
0.004528356
-0.002412676
-0.001813095
-0.006372500
0.001521053
0.002428542
-0.017125783
-0.000308464
-0.020574241
0.026419453
0.019140910
0.003604623
0.043995367
0.026056440
-0.021475830
-0.010335992
-0.012195327
-0.020065597
0.033126341
0.019135192
0.014045233
0.044997407
-0.009646470
0.012309506
-0.104769607
-0.029065788
0.023438520
-0.034751874
-0.000615158
-0.007722094
0.012326907
0.108449112
0.000274844
-0.041509222
-0.040022850
0.022400126
-0.023593015
-0.028452301
0.025762828
0.029192762
-0.021740066
-0.000297011
-0.006856449
-0.009920378
-0.036300548
0.018622513
-0.000922863
0.041892522
0.016974307
0.022098741
-0.015734826
-0.030149996
0.000891003
0.017949664
-0.023009901
-0.012914961
0.002113794
0.008111693
-0.002696481
-0.016944472
0.013036435
-0.012121391
-0.024067782
0.009016044
0.009548752
-0.003685439
0.029110557
