0.036203047
0.030636920
0.022377031
0.047334036
0.026774007
0.002931182
0.056887437
-0.031837967
0.025365355
-0.028224032
0.039294269
-0.033585285
0.013195269
0.006533020
-0.046652949
0.056833430
0.000000000
0.001840001
-0.014815139
0.010208935
0.014665653
0.011759517
-0.031980636
-0.059290926
0.037703825
-0.035735126
-0.012865206
-0.015052926
0.083381547
-0.017832589
0.006607014
0.009363411
-0.028357319
-0.006734134
-0.012627653
0.002928321
0.058673431
-0.022305783
-0.047146814
-0.045347693
-0.051836198
-0.014215653
0.000000000
-0.003309374
-0.052165992
0.038817614
0.010028016
-0.016769623
-0.006787231
-0.032298159
-0.002347375
-0.029817364
0.019185168
0.053191701
-0.020478556
-0.015055289
0.000000000
-0.020035934
-0.009569556
0.056089667
0.015783708
-0.016920831
-0.021852511
0.030912561
-0.028589723
-0.027044480
0.018890829
0.027683323
0.007931907
-0.011350650
-0.027779594
0.019756507
0.060286179
0.004324251
-0.019608495
0.004390835
0.000000000
0.001094800
0.008714491
-0.035323761
-0.013574752
0.014697828
-0.037740303
0.013888992
-0.026792434
0.000000000
0.026792434
0.032789753
0.031748760
0.025533457
-0.012685299
0.018967925
-0.028588472
-0.004305759
-0.024018564
0.015351153
-0.054792954
-0.011560745
-0.051293330
-0.105768620
0.041311694
0.005208249
0.009049973
0.139146202
0.001119174
-0.026063717
-0.017371551
-0.051539298
-0.008647352
0.048435575
-0.007117476
-0.024097531
-0.042347496
0.000000000
0.015151673
0.003752428
-0.059143317
0.022266853
-0.014351235
-0.009240975
-0.002655995
0.009265438
0.034955130
-0.010230380
0.005128273
0.026499929
-0.025221997
0.017721953
0.000000000
-0.051491383
0.056497706
0.001247638
-0.008766478
0.033398245
-0.015941472
-0.017456773
0.030962236
-0.001220378
0.061558011
0.004581825
-0.010339058
0.071299934
-0.019544616
0.006557279
0.005431871
0.035128656
0.009370138
-0.010416691
0.007302976
-0.003123196
-0.012592120
-0.033282620
0.045874740
-0.005227430
-0.053834459
-0.006659169
0.003335258
0.046620812
-0.035583376
0.036642118
-0.045912611
0.024663643
0.009238031
-0.024434184
0.012873409
0.006952364
0.013761631
0.007941269
-0.053376976
-0.010785094
0.006006132
0.022499378
-0.044292053
0.016990632
-0.003616626
0.026223221
0.016336481
0.033013680
0.001119190
-0.012380650
0.030119526
-0.034659686
0.055323862
0.001075725
-0.005390709
0.009682779
-0.003217266
0.038972884
-0.007257877
0.000000000
-0.024224248
0.033545987
0.020408792
-0.059299623
-0.020574666
0.021646017
0.081194962
-0.002965883
-0.029133143
-0.001019884
0.020202627
-0.030459198
-0.049666873
0.007555322
0.000000000
-0.041718411
0.039565684
0.030771537
0.010395177
0.024516053
-0.020387984
0.011264683
-0.002038617
-0.022704816
-0.025371237
-0.011847392
-0.001083888
0.045582811
-0.023061726
-0.038923913
-0.013318678
-0.036409131
-0.021078110
0.012933955
0.011614358
0.013761631
0.010198473
0.034352394
-0.029852844
0.003361211
0.005577237
-0.033939774
-0.024462519
0.022158253
0.050601181
-0.005497638
0.001101924
0.022864388
-0.003234610
-0.001080374
-0.034088068
-0.014648091
-0.020642979
-0.008144155
0.032186557
