0.004494460
0.008187495
0.015447160
0.005096560
-0.004366807
-0.021379369
0.038733334
0.007142920
0.023911187
-0.007673685
0.008368226
-0.010471231
0.000000000
-0.007042315
-0.013518502
0.037952600
0.000000000
0.040546053
-0.006644499
-0.007360396
0.006026077
0.036057716
-0.008406188
-0.028987479
-0.002007318
-0.010774458
-0.003391036
-0.011616150
0.021754805
0.006702394
0.002002034
0.001997885
0.006631355
0.018985920
-0.002597372
0.016763675
0.012075116
-0.005701579
-0.025741421
-0.009168366
0.007210749
0.014911153
-0.002577362
-0.005823394
-0.022974349
0.013847820
0.014949923
-0.008422454
-0.007838032
-0.006579001
-0.005294529
-0.007994690
-0.003350065
0.006689019
0.009290045
-0.024065337
0.035231255
0.005211748
-0.006518885
0.000000000
0.001960102
-0.023779197
-0.020257294
0.036172777
0.012422496
-0.041797120
0.000677364
-0.014320126
0.008888934
-0.033925018
-0.014184700
0.009242933
-0.000707976
-0.024373950
-0.013148435
-0.014815237
0.011869680
-0.005917188
0.001482603
0.018349181
0.010849944
-0.032909763
-0.011215081
-0.000752090
0.011223305
0.000072414
0.005403324
0.022079258
-0.055741938
0.003972947
-0.004769416
0.012668352
-0.027114884
0.034171080
-0.014162365
0.058478217
-0.029581250
-0.023365550
-0.019897152
-0.075964820
0.039954399
-0.026172939
0.027005898
0.003325006
-0.055451354
-0.017699579
-0.078927215
0.018190953
0.008502782
-0.008502782
-0.003802266
-0.016322965
-0.027479501
-0.002989549
0.034333770
0.040629226
-0.018692133
-0.016167722
0.025557462
-0.000935187
-0.025581580
0.026516767
0.027651434
-0.014652199
0.026401199
0.029218555
-0.003496488
0.014776351
-0.007795557
-0.004357352
0.041904317
-0.005037813
-0.022128491
0.005150245
-0.009462502
0.038156436
0.024652030
-0.020500880
0.017248774
0.018556499
-0.033322846
-0.008298803
-0.022757070
-0.012006988
0.044714335
-0.014125784
0.029680771
-0.013082788
-0.013256309
0.006650210
0.010712837
-0.047847980
-0.008635633
0.032426016
-0.015228686
-0.016330431
-0.016601358
-0.017778342
-0.030043236
0.016498961
-0.020202649
-0.007448784
0.018518949
-0.002756098
0.002756098
-0.007366477
0.010115000
-0.021267472
-0.005623278
-0.008494757
0.014118034
0.001867354
-0.038027398
0.000000000
-0.021548274
0.020578843
0.013487660
0.011417761
0.000000000
0.000945596
0.003773570
-0.003773570
-0.025851017
0.028682554
0.049642629
-0.037464381
-0.019746835
0.044575687
0.077734388
0.011696112
-0.004161605
0.110435287
0.008181502
-0.045462378
-0.023530499
-0.007168430
0.041493241
-0.014677854
-0.017268826
-0.004761931
0.045108789
0.033647996
0.000000000
0.018215480
-0.013081630
-0.000731773
0.052061677
0.014488060
-0.024264735
-0.004924379
-0.020663312
-0.014503518
-0.022157481
0.000746523
-0.025700486
-0.000766048
0.051523100
0.043438712
-0.010508016
0.007716682
0.002094249
-0.022567908
-0.012199718
0.024956695
-0.002114919
-0.025010199
0.029938044
0.001403539
-0.016260530
0.026030307
0.020619362
0.003395553
0.016807083
0.016529338
-0.025233787
0.022607333
0.016303043
-0.018277313
0.020861280
0.003932340
-0.003347867
0.000000000
-0.005379941
0.014061191
0.028189339
