0.013551379
0.019600752
-0.014073792
0.011741984
-0.015686705
-0.040327978
-0.004123746
0.023684301
0.024712143
-0.020684897
0.003210281
-0.025153298
0.010625393
-0.016393923
-0.042200282
0.016246618
0.000000000
0.015151692
-0.020253890
-0.015464204
-0.013949587
0.020852221
-0.042148533
-0.027274412
0.049448138
-0.024867916
-0.012669823
-0.061023275
0.004828628
-0.014556295
0.000000000
0.040235224
-0.038282148
0.031687900
-0.029738526
-0.003902450
-0.043963086
0.027205723
-0.000994559
-0.085113668
-0.006521714
-0.008762274
-0.020000758
-0.022702487
0.006865211
0.035838034
-0.016639314
-0.001119347
-0.008998829
-0.010221601
-0.013793220
-0.001158236
-0.030590608
0.014235139
0.029021143
-0.018476182
0.016185411
0.017055432
-0.030912487
0.017291492
-0.052798300
0.022633490
0.020979886
0.034016876
0.006666642
-0.025800534
0.005665654
0.026757490
0.043063541
-0.025614988
0.001080644
0.017130950
0.002120724
0.008438996
0.023872446
-0.013422958
-0.019948170
0.012644964
0.005221980
0.016529328
0.019280045
-0.001798143
-0.024352782
0.015949267
0.002107536
0.001052105
-0.005271518
0.004219413
-0.037537986
-0.029952280
0.001125521
0.008958622
-0.040961337
-0.036668753
0.000000000
0.002406676
-0.031748618
0.019656641
-0.034657044
-0.063699248
0.029102638
0.029546228
0.005050382
0.035872755
-0.047272526
-0.007672602
-0.051360798
0.046212784
-0.006472545
0.034464246
0.012468918
-0.040460619
-0.031457362
-0.017461853
0.009440354
0.013333594
-0.039167750
-0.019472166
0.020848664
-0.001376498
-0.016667044
-0.008438938
0.044206214
-0.021858925
0.028592849
0.006689020
0.058268913
-0.012658457
0.031350677
-0.006191999
0.031787563
-0.013325542
0.014528093
0.007185594
-0.005984362
-0.021845581
0.034964396
-0.001185444
-0.011933371
0.002398144
-0.021792680
0.003665212
-0.018462021
-0.031548373
0.015267464
0.000000000
0.043243375
-0.006064328
-0.017178391
-0.028878425
-0.016699060
-0.015666108
0.022121805
0.019121132
-0.041242936
-0.013245289
0.002663185
0.001328800
-0.037893556
0.013698909
-0.030389135
0.011157712
0.026011142
-0.010869666
0.016260512
-0.035571518
-0.011204593
0.027779550
-0.024966683
-0.008462597
0.080260658
0.002610898
-0.029102638
0.021249130
-0.013227631
-0.013405090
0.012072610
0.028911397
-0.035600417
-0.021710476
0.000000000
-0.022192301
0.000000000
-0.024131786
0.012848174
0.015482321
-0.007007625
0.041328103
0.018717184
0.017071874
0.000000000
0.077636125
0.003607908
-0.037924981
0.013622462
-0.019876420
0.030885731
-0.001217317
0.010902617
0.020275013
0.008230342
0.002339242
-0.015303318
0.030375971
0.029480756
0.008898715
0.054941177
-0.009478767
0.003169546
0.011536649
-0.004412966
-0.026433257
-0.043336313
0.026453526
-0.022963122
-0.015213869
-0.001179941
0.051765438
-0.018100042
0.010221554
0.032242926
0.003276901
-0.053764347
0.035051638
-0.010050336
0.054598712
-0.011758553
0.019169916
-0.012739026
0.042871176
-0.012358551
-0.006237026
-0.011536573
0.015698910
-0.024173537
0.012685160
0.018731037
-0.022941569
-0.003169575
-0.005305052
0.002125399
-0.018211537
0.005390849
-0.007555352
0.016120715
