-0.006741634
-0.013049827
0.005126648
0.005665830
0.000000000
-0.003679049
-0.009973071
0.005141458
0.005398582
0.004523515
0.014840007
0.003329674
0.017845268
-0.001361393
-0.023991294
0.023991294
0.000000000
0.002992733
-0.004901947
-0.004926174
-0.014090454
0.004164822
-0.002496828
-0.013986347
0.012596571
-0.005019751
-0.016631868
-0.006559124
0.013640398
0.014570344
0.021736893
0.002175107
0.025473962
0.007385890
0.003934476
0.020726201
0.015267422
-0.002528413
-0.008900263
0.004078464
-0.004078464
0.002551026
-0.015145979
0.010293356
0.001279340
0.001022258
0.005603610
-0.022345855
-0.005208354
-0.008126804
0.010474020
0.005455177
0.005168054
0.007957895
-0.011314086
-0.005965577
0.001559675
0.002075853
0.001812725
0.013108966
-0.017257334
-0.013865370
0.005516802
0.011979231
-0.010931812
-0.010788230
0.018349169
-0.013072026
0.006557411
0.002610895
-0.022680350
0.012195386
0.005518328
-0.012658425
-0.002657421
-0.007478687
0.011556580
0.002735924
0.029611857
-0.001592807
-0.017419713
-0.003792002
-0.004623942
-0.009587740
-0.005797081
-0.004995854
0.001112262
0.032807816
-0.006746710
0.001893557
-0.000811058
0.045732761
-0.021416307
0.020899417
-0.002070381
-0.009893385
0.000523220
-0.014487300
-0.002124971
-0.016892679
-0.018559444
0.018829823
0.016356530
-0.008547119
-0.029397916
-0.018118848
-0.014164532
-0.008883958
-0.008092397
-0.007573621
-0.005277189
-0.013911678
0.019481303
-0.017397051
-0.002084251
-0.001491373
-0.002390943
0.010714362
0.006491739
0.009367649
0.000000000
0.003200065
-0.005825829
0.000876117
0.006980704
0.010093790
-0.008356140
-0.008426678
0.003786246
0.012422604
0.015102137
0.025685420
-0.001931367
-0.019802659
-0.002256090
0.003663620
0.010632377
-0.006982209
0.011979529
0.016479296
-0.004367984
0.007088278
0.008386460
0.007247410
-0.001873977
0.000000000
0.008803598
0.001592235
-0.027148461
-0.002455274
0.044083445
-0.025679681
0.000268017
0.004814138
-0.008843744
0.000000000
-0.002695403
0.008064661
0.005804787
0.018770674
-0.013411743
0.012578724
0.016256039
0.003001835
-0.000545069
-0.009037474
0.015017349
0.003786841
-0.017429663
-0.001649704
0.016917250
-0.000812014
-0.011164229
-0.006042176
0.003849240
-0.007713647
0.006065719
-0.000824965
-0.011343306
-0.003623755
0.005291730
-0.008368174
-0.003367028
0.003927130
-0.009281568
0.002540001
-0.004519835
0.019624909
0.011318255
0.003288596
-0.012665382
0.012665382
0.004912687
-0.016747163
-0.019005589
0.013731412
0.023109806
0.013238044
0.010412611
0.009253232
0.002628040
0.002883036
-0.013437280
0.001325551
0.020970491
-0.001297887
0.026401685
0.006807003
0.009004588
0.021675756
-0.000975162
0.004623549
-0.026071364
0.020471734
0.010684947
-0.000996764
0.020237513
0.020075614
0.003347066
-0.023422680
0.005360704
-0.001702556
0.012578675
0.045809631
0.010280050
-0.003414965
-0.019342086
0.006719976
0.004608291
0.013018353
0.004527839
0.005856055
-0.010837896
-0.007519681
-0.018933806
-0.002041712
0.003497457
-0.013769049
-0.005323760
-0.022493054
0.015947270
-0.016554174
0.002122274
0.010596130
0.004248872
