-0.016155503
0.014322263
-0.025553001
0.002350082
-0.043172113
-0.042048286
0.024742523
-0.014063498
0.017051644
0.009403598
0.013698827
-0.023102424
0.028916430
0.041633268
-0.040667620
0.089060444
0.000000000
0.050785461
-0.007582201
-0.014909680
0.016599637
-0.008904067
-0.020654727
-0.002176236
0.053447699
0.026896589
0.027757515
-0.026551994
0.004007983
-0.000800263
-0.003207721
-0.002010053
0.082979110
0.012879713
0.021700690
0.044778289
-0.025642389
0.011863345
-0.032789869
0.000000000
0.022679989
0.008374104
-0.014348458
-0.046167612
-0.029215564
0.023663113
0.043935103
-0.019731526
-0.076395990
-0.004704034
-0.001966571
-0.011084818
0.015014099
-0.020202717
-0.000400232
-0.008038594
0.067107819
-0.040036144
-0.046632278
-0.008264474
-0.020541517
0.020126501
0.033070966
0.031623217
-0.085244271
-0.069749890
0.047036166
0.003461730
0.010741207
-0.014636486
-0.043880300
-0.021525811
0.026948408
0.009419174
-0.043336306
-0.004672910
-0.000468484
0.031821906
0.002719850
0.054615083
-0.022979635
0.021692936
-0.034938083
0.028911361
-0.084189087
-0.000939880
0.021856156
0.035693915
-0.034774345
-0.035550958
0.035550958
-0.021835846
-0.011337037
-0.039733978
-0.013937386
0.036904539
-0.098939986
-0.067280036
0.030339387
-0.100025154
0.015174811
0.008995571
0.035770410
0.084993133
-0.084993133
-0.065460603
-0.055640151
-0.049310445
0.020953796
0.057827085
0.049871799
-0.018182273
-0.085511206
-0.000666501
0.041141940
0.013346241
-0.073331243
0.033403200
-0.009904349
-0.042011537
-0.051839869
0.018057568
-0.030525547
0.080099427
0.044629463
0.153685190
-0.063421887
0.002378199
-0.016766900
0.021506275
-0.010098080
-0.006588879
0.024340717
0.005264666
0.040028312
0.025457831
0.048009376
-0.015748481
0.020943248
0.045082387
-0.059170738
-0.009503798
-0.001592859
0.024148275
0.008778767
-0.010336072
0.032706020
-0.037914424
-0.026992866
-0.024437783
-0.015512756
-0.037547094
0.005780428
0.004026385
0.014815146
0.068841967
-0.007419180
-0.016626828
-0.055029167
0.019242217
-0.031314736
-0.012805871
0.064648313
-0.001098822
0.077714116
-0.065149100
-0.017525028
-0.033711087
-0.005730740
0.016529388
0.062451788
-0.001594441
-0.054096833
0.027140885
-0.014309375
-0.029819477
0.038649610
0.041964035
-0.046369355
0.001654112
0.035718106
-0.026941254
-0.000546402
-0.000546416
0.030688708
-0.012806917
-0.046162094
0.094901064
0.082910894
0.047354346
0.015151735
0.168142222
0.001494258
-0.087316915
-0.023074747
0.053167275
0.027292208
-0.055350145
-0.034322124
0.058022843
0.021599049
-0.006626403
-0.039486730
0.026496950
0.029666560
-0.035228723
0.044798143
0.013245278
0.007117482
0.010766704
-0.009274792
-0.036050228
-0.016754677
0.025219594
0.009153358
-0.014146748
0.006907227
0.069069359
-0.008962248
0.002876683
-0.001077833
-0.006129449
-0.000723612
0.045977023
0.003450698
0.007549717
-0.032311241
0.012631751
-0.006646880
0.002804085
0.004539925
0.011777049
-0.012822980
0.032260935
-0.013601109
0.000684485
-0.025291494
-0.021994508
0.028639064
-0.039820428
-0.023115976
-0.019869518
-0.009893498
0.058304983
0.016103385
