-0.012855007
-0.006489981
-0.009266914
0.006550205
-0.040527349
-0.041057966
0.015231638
-0.022935534
0.013002626
0.011094987
0.002899451
-0.006972798
0.020202756
0.070059010
-0.027547027
0.068262314
0.000000000
0.035179594
-0.001482660
-0.010939905
0.016365326
0.003437292
-0.030358034
0.000000000
0.054093737
0.008104947
0.027167915
-0.024322906
0.019226852
-0.004189011
0.000466318
-0.001399656
0.065938082
0.020333914
0.022862871
0.041407916
-0.017828740
0.017828740
-0.005234541
-0.024521036
0.022095722
-0.001619997
-0.011004809
-0.031220001
-0.017918621
0.028433873
0.040185817
-0.016207803
-0.071095961
-0.004395519
-0.017329944
-0.003142556
-0.004054915
-0.032112834
-0.004204619
-0.008462698
0.071507743
-0.025825138
-0.048993052
-0.005224480
-0.003338870
0.017523498
0.014911799
0.033207427
-0.096205439
-0.100446442
0.035316611
-0.017502406
0.031079749
-0.003117001
-0.036560280
-0.002702028
0.014504701
0.005319159
-0.042259822
-0.004437089
-0.013430572
0.016760162
0.023002178
0.041363226
-0.009394669
0.043607970
-0.016194750
0.025687636
-0.095956831
0.002186976
0.018398823
0.032184255
-0.018868540
-0.027898759
0.023125494
-0.003194846
0.012718755
-0.028848129
-0.040935002
0.018462146
-0.121879577
-0.046132464
-0.012537193
-0.072984938
0.021202197
0.022814709
0.034926258
0.070707616
-0.081324844
-0.045726157
-0.065656448
-0.038773383
0.043979743
0.023461581
0.032789820
-0.004921022
-0.087588001
-0.000769621
0.031074878
0.007434975
-0.086607410
0.038816721
-0.002333690
-0.026836625
-0.041655671
0.027962318
-0.011419352
0.068938258
0.025700477
0.165388017
-0.089948272
0.005521032
-0.027915268
0.021701870
0.011019475
0.002735964
0.014915551
0.022622364
0.052542515
0.020389984
0.054743051
-0.021657404
0.014684605
0.043919294
-0.061566802
-0.003567135
-0.005973730
0.034161172
0.010368786
-0.011527617
0.034191406
-0.042925022
-0.046687189
-0.006146361
-0.013656218
-0.049978384
-0.006591978
-0.002649061
0.013175415
0.074388417
-0.017157187
-0.022501015
-0.067999999
0.044981078
-0.032876055
-0.020939711
0.063471452
-0.002565734
0.084921845
-0.067729426
-0.001263449
-0.030159434
-0.027073362
0.025117013
0.046549637
-0.010018813
-0.070387357
0.046182326
-0.017561378
-0.035396039
0.039978655
0.042205745
-0.048101586
0.010457620
0.030101547
-0.029451550
-0.010450856
-0.005266606
0.039474547
-0.015990100
-0.043485105
0.108386125
0.063216023
0.048168679
0.013423069
0.159848675
0.036156575
-0.096582364
-0.048983345
0.060505399
0.049812431
-0.037949950
-0.026285849
0.053276801
0.042693499
-0.022692852
-0.046048677
0.037914946
0.056452285
-0.056906118
0.056048144
0.008547056
0.021053442
0.029558762
-0.027477640
-0.043771510
-0.023737447
0.050314152
0.000000000
-0.020945438
-0.006065820
0.082946914
-0.020202697
0.006509344
0.000810759
-0.004467019
0.006086401
0.042761824
-0.002716880
0.001553509
-0.053399186
0.006934571
-0.009803987
0.011834402
0.003240204
0.022392017
-0.019565430
0.038367409
-0.019593174
-0.011142196
-0.023482833
-0.018189862
0.034846757
-0.041964196
-0.029852949
-0.017467684
-0.012411528
0.065179549
0.012458499
