0.037306838
0.023202902
-0.054194608
0.002418347
-0.022967005
0.002961600
0.010296579
-0.012269921
-0.007435024
-0.008493794
-0.001506301
-0.016721889
0.005605072
-0.004583708
-0.008200843
0.018863492
0.000000000
-0.000505110
0.013052303
0.009925801
-0.011423130
0.018803183
0.043172052
-0.018001345
0.050336695
-0.014190968
-0.004157961
-0.007435052
0.014355444
0.006416165
0.010904281
0.021015620
-0.005768757
-0.004460293
0.000893535
0.009335516
0.000884579
0.009678982
-0.048440118
-0.007379902
-0.004640455
0.005565967
-0.027668868
0.018841699
-0.032245320
0.067545933
-0.010414549
-0.011444417
-0.028012928
-0.014306484
-0.000961915
-0.009185564
-0.007311491
0.050558943
-0.011695978
-0.001884194
0.008918155
0.002799799
-0.002799799
0.006985016
-0.011668916
0.013986393
-0.014925717
0.022765269
-0.005527480
-0.030959324
0.065014875
0.038963146
-0.011660675
0.002169692
-0.016168145
0.013129168
-0.008733731
-0.001316538
0.031556532
0.008474675
-0.007135043
-0.015464293
0.003457279
-0.026225217
-0.019678671
-0.004526849
0.003623072
-0.006349233
0.001818281
0.012187034
0.034828190
-0.026785373
-0.004907381
-0.008984780
0.041543648
0.008620738
-0.023888112
0.004823501
-0.010554145
0.000000000
0.014483516
0.010834247
0.008583738
-0.045909624
-0.012607200
0.018851560
0.013251244
-0.014586033
-0.018423371
0.050839686
0.019210823
-0.044086696
0.031320573
0.059439909
0.000000000
0.000806760
-0.030292930
0.011981180
-0.020747617
0.024027625
-0.012770454
0.007434866
-0.012839257
-0.002506217
-0.004611292
0.034685577
-0.015542146
0.018783711
0.049714304
0.036656381
-0.154150742
-0.018790117
-0.004864089
-0.044411421
0.003700224
-0.047267679
0.016322971
0.026781009
-0.012596371
-0.012757114
-0.018234661
-0.017094404
-0.009901139
-0.009497642
-0.013144891
-0.010744532
-0.013464636
0.003642954
0.000000000
-0.023122398
-0.000531798
-0.009083684
0.015446464
-0.034959217
0.010345799
-0.004887233
-0.006553908
0.011982731
-0.009246842
0.037538072
0.021864415
0.006671829
0.006119327
0.011625039
-0.018767853
0.003577682
0.017699700
0.004001994
-0.006511523
-0.015190170
0.000000000
-0.010771987
0.022438404
-0.010136903
0.004067100
0.011100029
0.006003001
-0.033471632
-0.010889392
-0.001565375
0.004168831
0.021096755
-0.003570587
-0.024309398
0.000000000
-0.004197265
0.012026288
0.015983776
0.017241826
-0.003021115
-0.030724436
0.032739644
0.023869824
-0.023869824
-0.035343086
0.001042336
-0.026386743
0.013807794
-0.027266968
-0.013093596
0.036661722
-0.001589227
-0.001592022
-0.003724427
-0.009103017
-0.004312768
-0.029051013
0.039284829
0.049579654
-0.013326650
0.046871776
0.030070149
0.016114109
0.024153528
-0.000459016
-0.008298795
-0.049832470
-0.008306971
0.000000000
0.000980987
0.008298763
0.001942722
-0.020093788
0.030711671
0.018078465
-0.016159969
0.017573348
0.011236110
0.012031617
0.000459906
0.002296180
0.000000000
-0.018986445
0.005129423
-0.023530492
-0.025562129
0.019831411
0.007158316
-0.000475656
-0.010521401
-0.003371041
0.024774978
0.009367757
-0.030771694
-0.021872006
0.053575587
0.000000000
-0.019290178
0.029489664
