-0.046117608
0.001473944
-0.008875840
0.016212568
0.012350414
-0.024115256
0.009569421
0.007299407
-0.007299407
-0.001466130
0.004392290
-0.002926160
-0.005141306
0.008797586
-0.022887581
0.021426722
0.000000000
0.030948806
-0.004261350
-0.005710223
-0.018786620
0.006543192
-0.005085610
-0.028816089
0.023704899
-0.009562465
-0.026967799
-0.012992169
0.014509469
-0.012972342
0.005362020
0.000000000
0.023406032
0.002980671
-0.006718876
0.038211809
-0.019658390
0.005133764
-0.027439501
0.018622438
0.020453476
-0.000723255
-0.013110105
-0.003672477
-0.001472775
0.013177455
0.012287841
-0.010834332
-0.012422530
0.005865036
-0.013245165
-0.000741026
0.004437856
-0.000738290
0.000738290
0.002947639
-0.004424765
-0.009654789
-0.017313010
0.010574009
-0.002256521
-0.009837440
0.007575816
0.043365106
-0.008286290
0.017248280
0.060293087
-0.019802739
0.001480417
-0.005190919
0.005190919
0.037740290
-0.028170868
0.007299381
-0.014652357
-0.003696863
-0.008928664
-0.008255145
0.036260053
0.021568057
-0.012164762
-0.022571054
-0.017081709
-0.014334445
0.012835163
-0.006019631
-0.018279167
0.036971304
0.144581260
-0.115382023
-0.029940190
0.004437816
0.009548413
-0.025167940
0.006723956
0.023547927
-0.022803587
0.008151230
0.021176393
-0.044320411
-0.013688398
0.012176729
0.044385993
-0.013110138
-0.023740023
-0.011325072
-0.034765962
0.011723383
0.021522709
-0.005337365
-0.006134957
0.000000000
0.000000000
-0.002310408
0.017577803
0.017274154
0.001488206
0.043643221
0.009210172
-0.020663353
-0.017429700
0.008026405
0.007962266
-0.016721478
0.018882206
0.007882461
-0.020916727
0.005814017
0.008658019
-0.014472035
0.010873538
0.001441029
-0.005776160
0.012949717
0.000714556
-0.018018433
0.013723568
-0.010093800
0.007220249
0.035339298
-0.052756272
0.000731735
0.002192152
-0.003656312
0.032435358
-0.009262671
0.014214883
-0.012069757
-0.007168415
0.006453859
-0.008614587
-0.027038509
0.011049839
0.021739992
-0.012987091
0.008676799
-0.013043712
0.006543161
0.001448181
0.009362662
-0.005751321
-0.022603896
0.002209915
-0.008127062
0.005179396
-0.023144018
0.012758182
-0.005983533
-0.019697626
0.004580178
0.001522022
0.007575796
-0.007575796
-0.015325974
-0.010869576
-0.000780962
0.009331280
0.008477911
-0.029597232
-0.011128877
0.029923630
-0.009353181
-0.010232333
0.001580978
0.021875845
-0.011659677
-0.011797147
0.040315577
0.038021668
0.010913170
-0.000723790
0.007214964
0.006449310
-0.023853653
-0.004398850
0.022521858
0.022025702
-0.014154522
0.010634704
-0.005657695
0.003539678
0.011942570
-0.009119717
0.008421208
0.002791335
-0.017575074
0.000000000
-0.007117544
0.000714046
0.008528868
-0.002125370
-0.001419477
-0.015027210
0.000720736
-0.009410026
0.029382209
-0.049213962
0.020558777
0.002902745
0.000000000
-0.021978988
-0.023989114
-0.001518555
0.017326205
0.017765074
0.005122542
-0.000730209
0.024532246
-0.015081019
0.007927986
-0.007927986
-0.001448181
0.002894267
0.004325982
-0.015953961
0.025262911
-0.003570083
-0.010787669
0.018625275
-0.006408058
0.012069757
-0.018519067
0.010014377
0.016237535
0.032383163
