0.001976173
-0.011320306
0.009797945
0.013016771
0.000000000
-0.007698850
0.005892580
0.007952737
0.016159221
-0.011239367
0.010945197
-0.023215378
0.005555257
-0.003750197
-0.012856533
0.031467926
0.000000000
0.005883387
0.004535790
0.007272697
0.014388836
0.009808784
-0.019714957
-0.011755360
0.013485234
0.009461040
-0.009893169
-0.009119383
0.017156114
-0.001573528
0.004143137
-0.000427754
0.019631982
-0.006313580
0.010500639
-0.015721944
-0.004964069
0.012294289
0.005602300
-0.004900229
0.013245152
0.009237099
-0.006056597
0.003720891
0.004118075
-0.017968821
0.011095902
-0.019217887
-0.015873362
-0.012217213
-0.003912272
-0.004073367
-0.002773368
0.015951620
0.024022078
0.001403635
0.015309962
-0.005540324
-0.002085459
-0.004883151
-0.001819795
-0.005479455
0.010789632
0.010398725
-0.015008618
-0.005898118
0.013986238
-0.006968610
-0.001399591
-0.004210566
-0.018596571
0.009128542
0.011013915
-0.020715771
-0.010665962
-0.000144973
-0.008733629
0.007573533
0.020962639
0.010178277
0.016309795
-0.002110415
-0.020633933
-0.012151225
-0.004960532
-0.002196424
-0.004701665
0.001471613
-0.043583226
-0.021739920
-0.005983329
0.010681823
-0.023716524
-0.012072572
-0.015504181
0.019705811
-0.015602436
0.010914872
-0.016664340
-0.020471708
0.014688941
0.007264377
0.019709086
0.001772619
-0.016231508
-0.020667000
-0.025549205
0.001712401
-0.017604884
0.012459086
0.022950402
-0.015070954
0.009340259
-0.002708149
0.016807071
-0.010387045
-0.034784653
-0.006472521
0.035006551
-0.024705298
-0.023017802
0.027005021
-0.017804636
0.029842577
-0.006861082
0.030343891
-0.008552048
-0.002022988
-0.004058123
-0.000338916
-0.017611814
-0.016874404
0.002628152
0.023176451
-0.011694070
0.011864951
0.001366668
-0.018608426
0.027784300
0.001352277
0.032408335
0.005707262
-0.004726594
0.000653322
0.014747804
-0.025581791
0.014093960
-0.023879312
-0.018503426
-0.004253529
-0.018065056
0.001734661
0.007940673
0.023114520
-0.003028790
-0.002362038
-0.009163486
0.000681695
-0.024139168
0.005221933
-0.019281883
0.013361646
0.009386502
0.013404610
-0.010122812
-0.027269670
0.010050329
-0.000526439
0.012558987
0.004324176
0.018637825
-0.010729862
-0.011192615
-0.011319238
-0.003860308
-0.006880132
0.032224346
0.028556411
-0.018154775
0.016988062
0.003994697
-0.006165151
-0.024020153
-0.009633653
0.009462509
-0.016226905
-0.008213160
0.039733448
-0.002870915
-0.002200936
-0.002715572
0.022185784
0.009265452
-0.022484122
-0.009477069
-0.001872179
0.024401686
0.037524823
-0.007393167
0.012981954
0.006349268
0.022374333
-0.007766405
0.004667127
0.013412719
-0.010313442
0.028523313
0.022158630
0.010534133
0.018600564
0.001570178
-0.000142682
-0.008596023
-0.003603634
-0.015132009
0.004972361
0.020646063
0.022187029
-0.007716688
0.007157399
0.005578128
0.007895263
-0.003870671
0.027054582
0.003633081
-0.006062571
-0.018549329
0.011769606
-0.018538040
0.007594046
-0.020146541
-0.012427807
-0.009423315
0.016926780
0.004222319
0.009922597
0.000138993
-0.015271716
-0.002969291
-0.005110753
0.003410036
0.000567299
0.009453215
0.004064300
0.041906677
