0.000885344
-0.004138349
-0.013719292
0.003597046
-0.017202742
0.000912921
0.030255442
-0.026612466
-0.008826772
-0.006440759
0.015267532
-0.004555897
-0.003965061
-0.014468599
-0.031498618
0.039220643
0.000000000
0.036257862
-0.008343486
0.008640090
0.038981073
0.026465685
-0.014835932
-0.023973776
0.020866768
0.004234410
-0.035846192
-0.025430158
0.022213302
-0.004109197
-0.014218223
0.007726593
0.003841104
-0.017552153
0.014007112
0.014980455
0.016768249
-0.040368217
0.011869602
-0.007401938
-0.014970299
0.001507175
-0.018851316
-0.036253979
0.008872057
-0.002843177
0.012574787
0.033484937
0.017964644
-0.008941932
0.086012799
-0.011327505
0.014071019
0.036318629
-0.010090258
-0.035587097
-0.004434649
-0.031032095
-0.020261207
0.022264869
-0.010636868
-0.017493118
0.011986763
0.031185482
-0.004517159
-0.019717783
-0.026317358
0.002367577
0.002656753
-0.000589751
-0.012466782
0.027108325
0.031194501
0.008086375
-0.003673846
0.006490737
-0.015306355
0.025382054
-0.059076864
-0.052460030
-0.006872917
-0.028296239
-0.000322580
0.006430932
-0.039887605
0.026659442
0.009052757
-0.002255527
-0.104285833
-0.077390683
0.009241458
0.095345097
-0.059210226
-0.026218738
0.001895788
0.005665692
0.008999018
0.007808128
-0.019069622
-0.081364757
-0.021524050
0.050979458
0.070978971
0.006644554
-0.058327851
-0.048751081
-0.043521641
0.017384454
-0.003368410
0.011323223
-0.020219686
0.002974306
-0.005104246
0.006376304
0.008018509
0.005867597
0.006663931
0.000000000
0.002487508
-0.012080934
0.005850388
-0.001250844
0.016960159
0.019094612
0.025820695
0.013245254
-0.009331329
0.033797398
-0.012540547
-0.000765149
0.000765149
0.031617261
-0.007064609
-0.041910879
-0.070522555
0.027184465
0.071346850
-0.009503988
0.002289235
0.006836264
0.009418100
-0.010175304
-0.000378919
-0.016813468
0.022858079
-0.003773573
0.029797394
0.007312615
-0.018382870
-0.035886746
-0.041222770
-0.030108009
0.016793387
0.028035441
-0.072468886
-0.007672500
-0.000428058
-0.033075249
-0.013363266
0.030907594
-0.021534586
0.012800849
0.028110001
-0.018072702
-0.001738414
-0.057746991
0.037979177
0.012345734
-0.051708525
-0.007410840
-0.000465031
-0.016412984
-0.016687027
-0.005302394
-0.009713487
0.026963532
0.023475206
0.035107391
0.009808424
0.012345734
0.039102720
-0.030376605
0.025306953
0.044727980
0.002831067
0.009246322
-0.022254579
0.038528002
0.007843186
0.007782107
-0.003883483
-0.006636711
-0.051437605
-0.042111575
-0.025703884
-0.060955589
-0.007533010
0.030255918
0.003661414
-0.023106387
0.021277356
0.015891372
-0.043735378
0.021416046
0.008713690
-0.018433721
0.044128133
0.028949407
-0.004767029
0.044187343
-0.014653859
-0.043972596
-0.087933199
0.024246411
0.018152644
0.015560937
0.045280795
0.073810492
-0.001284592
0.005980432
-0.005123855
-0.029100849
0.011393677
0.050552172
0.024551154
0.032216001
-0.031811816
0.015634626
-0.030286953
0.012630096
0.005651951
-0.027756856
-0.013753108
0.005023135
0.000417345
0.014913335
0.021558707
-0.022793005
-0.017023492
-0.017744464
-0.005556755
-0.019914059
-0.016310733
0.032359602
0.022128639
