-0.019764779
-0.020209618
0.014328300
-0.026368149
-0.029280894
0.032126787
-0.020456515
-0.006182847
0.016284042
-0.005759528
0.005759528
-0.002515700
-0.000719963
-0.010497885
-0.026923959
0.054558919
0.000000000
0.012313295
0.000349618
0.023831173
0.023609895
-0.012072569
-0.004056846
-0.048231296
-0.005346751
0.004279577
0.004969904
0.003887597
0.040440968
-0.010214633
-0.008592603
-0.017761228
-0.002462523
-0.000704742
0.003518679
0.008046209
-0.022195710
-0.027448550
-0.006612803
0.006612803
0.042651135
0.013937537
-0.012184618
0.030625363
0.006582344
-0.007625680
-0.004533559
-0.022981468
-0.029029554
0.004408579
0.007304522
-0.000363904
-0.019482282
0.009604772
0.022538137
-0.014847183
0.005094547
-0.016468768
-0.018622502
0.020097406
-0.018219520
-0.010182987
-0.010670871
0.000383123
-0.002684544
-0.006163375
0.014576419
0.028160284
0.010679546
-0.015504262
-0.025241532
0.003808100
0.012840099
0.023731213
0.000366381
-0.022223109
-0.009407442
0.007532957
0.020060154
-0.023442909
-0.017087981
-0.012719415
-0.007788123
0.038724282
-0.012107496
0.008717016
0.018692203
0.005908463
-0.022715621
-0.048225371
-0.003960299
0.011049833
-0.031090659
-0.000404784
-0.001215937
0.033496031
-0.029853074
0.018018589
-0.004773332
-0.049867226
-0.007995026
0.037724650
0.035175500
0.003528690
-0.017769428
-0.034451149
-0.010362825
0.001665254
0.015683293
0.014634570
0.003223160
-0.011327065
-0.026800206
-0.007971502
0.051314330
-0.023892568
-0.027000605
0.021246377
0.011882877
0.060840316
-0.017788614
0.021995962
0.009496702
-0.028376107
0.030264593
0.009015860
-0.006377774
0.020488685
0.009906505
0.009447792
-0.001809870
0.003616623
0.011129100
0.017693342
0.002452176
-0.007727315
-0.012775220
-0.011133173
0.010418567
-0.006453925
0.003232188
-0.017725165
-0.010640283
0.009910062
-0.007285673
0.021978980
0.019020831
0.000710688
-0.034330341
0.011332539
-0.009496046
-0.031310751
0.003401897
0.046451457
-0.026648769
0.022678397
-0.029732422
0.007793741
-0.034985705
0.012932779
-0.027587913
0.005424219
0.016478601
-0.030486610
-0.000391799
0.001566647
0.005853787
-0.016477523
-0.015145800
0.009592399
0.013826100
-0.050282075
-0.019579881
-0.027293832
-0.012179342
-0.009232828
0.009670365
0.020351474
-0.031347841
0.027912873
0.000859838
-0.037657770
-0.011669688
-0.009526100
0.009074440
-0.038678852
-0.011806408
0.036384580
0.026668247
-0.024380508
-0.009182671
0.037569381
0.001775395
-0.037962078
-0.005079624
-0.038221169
0.042379239
-0.004158070
-0.000926347
0.003700200
0.003686656
0.020938413
-0.026011059
0.032745125
-0.025834212
-0.036469650
0.009478709
-0.016647236
0.019943703
0.043244964
-0.009500148
-0.029522468
-0.012720956
-0.021568114
-0.002425398
-0.005356673
0.013097533
0.002406567
-0.009661876
-0.015655912
-0.002468558
-0.012434767
-0.001001599
0.062155986
0.026482296
-0.003214670
-0.006460510
-0.001853552
-0.000464023
-0.006984882
0.024008618
-0.033398325
-0.030167513
-0.014691612
-0.013409723
0.001498810
-0.021191480
-0.007164865
0.015290843
-0.012213891
0.005107218
0.005081427
-0.010700804
-0.003078531
0.016310266
