-0.001543464
0.052643830
-0.012532455
0.034272416
0.005718365
-0.013634846
0.078485315
0.000000000
-0.010070670
-0.024591345
0.036663898
-0.031146663
-0.026482409
-0.012793395
-0.019502273
0.030882301
0.000000000
0.055034451
-0.021651713
0.006816651
-0.021978894
0.015162244
-0.003425937
-0.058653213
0.058653213
-0.035630627
-0.021568178
0.019432092
0.064182237
0.002670115
0.060154069
0.048999142
-0.035283478
0.009245080
-0.011724763
0.031166685
0.024369619
-0.022566362
-0.001803257
0.031391301
-0.014684625
0.010008824
-0.044931043
0.024812018
-0.042741372
0.006218918
0.018462013
-0.006729733
-0.014842736
-0.032291536
-0.005808339
-0.027560766
0.046157013
0.015132735
-0.039571255
-0.017734380
0.014473893
-0.013149375
-0.010645594
0.036128719
0.008991745
0.005738046
-0.024454247
0.064945542
-0.015380102
-0.020038202
0.020657980
-0.007462675
0.026487508
-0.002434662
-0.003051545
0.026539537
0.031637191
-0.009852526
-0.012895803
-0.013064342
0.001791785
0.000596611
0.014797342
-0.020178766
-0.001800263
-0.024932718
0.015276718
0.021002857
-0.028917624
-0.001835508
0.061164927
0.027834870
-0.005618054
-0.002256147
0.003944822
0.026090795
-0.016018024
-0.011198218
-0.033785260
-0.011179887
-0.022741628
0.001210027
-0.042612356
-0.064496405
0.014696234
-0.018742100
0.043628736
0.026174550
0.017489376
-0.014972107
-0.069621539
-0.035669092
-0.008415212
0.022285061
-0.003449416
-0.013918181
-0.016249001
0.004264406
-0.004264406
0.048654455
-0.052222084
0.019115624
-0.027730268
-0.030005827
0.007401921
0.026920615
-0.001436908
0.000718712
0.026233371
0.020090710
0.039009744
0.023469107
-0.017550143
-0.023889562
0.052970791
-0.012175680
0.014084721
0.026969309
0.006784017
-0.018611055
0.017380934
0.003072089
0.029022770
-0.007777673
-0.023701999
0.035048864
0.016490412
-0.026036938
-0.016929113
0.014528188
0.026683895
-0.014142745
-0.010140226
0.030699059
-0.024126025
-0.043829306
-0.010006377
0.024217214
-0.049035422
0.000000000
0.008341274
0.035157397
-0.016169451
0.025602423
-0.026235060
0.005680076
0.013750118
0.006188100
0.005536744
-0.023588794
0.007509426
-0.011916098
-0.015257839
-0.001923597
0.017812077
-0.017170445
-0.025334369
0.005903629
-0.000654225
-0.001309736
0.023957186
0.064418562
0.006576835
0.001191166
0.011834506
-0.026223253
0.052922378
-0.020249308
0.003500411
0.001164363
-0.030117591
0.007763606
-0.019219864
-0.017125770
-0.025618294
-0.012098267
0.026550311
-0.030401410
0.012144666
-0.013431580
0.042237490
-0.006191869
-0.038624693
-0.024837803
0.044020053
-0.006990828
-0.046337854
0.026369396
0.026959285
-0.009545066
0.010178167
0.028698137
0.009792026
0.031177562
0.002947258
-0.029264623
-0.025784070
0.002484433
-0.043099197
-0.009762497
-0.009198538
0.068860829
-0.004941314
-0.050804454
0.010457562
-0.030365333
-0.008075392
-0.006779783
0.024858533
0.001988826
0.024854014
0.042371146
-0.021277258
0.011945986
-0.011313730
-0.009526913
-0.021936415
0.009737183
-0.005181301
-0.003903703
-0.013784331
-0.001984678
0.007915587
-0.004609953
-0.040409502
0.010936558
0.005423819
-0.025335228
0.027361463
