-0.003311210
0.035834409
0.003195008
0.012678263
-0.001575938
0.003149560
0.049089497
0.025130818
-0.004389189
-0.022239655
0.036795881
-0.014556225
-0.037345607
0.007581499
-0.032236000
0.047228865
0.000000000
0.022075841
-0.020588952
0.014749457
0.007294094
0.011560795
-0.001437867
-0.053188262
0.023989254
-0.011922771
-0.018154688
0.010630235
0.035612140
0.025900628
0.055262831
0.043399259
-0.018182444
0.027151043
-0.002554240
0.011443249
0.034786096
-0.023472445
-0.015113536
0.012610444
-0.024097510
0.014022014
-0.032157216
0.020699399
-0.025941931
-0.005270023
0.011818938
-0.005235669
0.002621193
-0.027871660
-0.005398181
-0.030222188
0.034273658
0.009389664
-0.035329780
-0.018144335
-0.008486631
-0.022989463
0.001452335
0.035641665
0.002797307
0.000000000
-0.015482345
0.063208013
-0.008021587
-0.027212568
0.023177726
0.000000000
0.037041111
0.006472616
-0.018229796
0.028499437
0.042506391
-0.008604778
-0.002472279
-0.011201134
-0.003761767
-0.007566123
0.020050747
-0.012484623
-0.017744435
-0.011575580
-0.006489417
0.015504216
-0.033901570
-0.010666742
0.062357842
0.022416921
-0.014888770
0.004987724
-0.011257306
0.026072291
-0.008615369
-0.004956692
-0.025158564
-0.006422579
-0.010362920
-0.018397331
-0.047531063
-0.078074280
0.023775265
0.000000000
0.038881842
0.015417173
-0.011188783
-0.008474736
-0.056908112
-0.025856973
-0.018662980
0.015576677
-0.006201650
-0.014095789
-0.028802032
-0.001624548
0.022508944
0.049622578
-0.056002267
0.022152764
-0.026964217
-0.024411277
-0.008271452
0.016474879
0.009756132
0.006451718
0.039406217
0.015337604
0.040273955
0.024549986
-0.011477887
-0.021882690
0.055928384
-0.002793189
0.006968759
0.056695234
0.005235681
-0.015789869
0.033901584
0.006389748
0.006349309
-0.019169898
-0.030126822
0.045491974
0.013880397
-0.037017574
-0.014407633
0.018301129
0.007741940
-0.002573904
-0.014276735
0.025807816
-0.007672639
-0.036605323
0.015852310
0.022035904
-0.037888214
-0.018817722
0.005412662
0.039687711
0.003883550
0.016807172
-0.015504246
0.028243212
0.049392901
-0.014563419
0.000000000
-0.036096101
-0.003809511
-0.008945836
-0.018135128
-0.009192540
0.024756984
-0.002577309
-0.051632805
0.021506104
-0.016086063
-0.009504579
0.024259976
0.049360705
-0.006357271
-0.002554268
0.013968416
-0.022960216
0.041699094
-0.003719764
-0.006230649
-0.002503119
-0.022814571
0.021560658
0.000000000
-0.012626372
-0.020539911
0.006464117
0.010256584
-0.040343735
-0.012024273
0.016000267
0.023530523
0.010282951
-0.040449167
-0.018817671
0.045100406
0.001296170
-0.032919347
-0.001339579
0.021220857
-0.011881137
0.017116861
0.035901255
0.024877043
0.023073167
0.004790406
-0.004790406
-0.037924981
-0.007509515
-0.031910795
-0.015686523
-0.015936654
0.055967766
-0.028243212
-0.025050768
-0.006779677
-0.047362625
-0.021630226
0.017341420
0.008559298
0.009894030
0.029108097
0.037537891
-0.028020526
0.010767276
-0.013477273
-0.001357689
-0.027550049
-0.012649425
0.004234183
0.008415242
-0.016901757
0.012702988
0.001401597
-0.012685227
-0.031702867
-0.004402085
0.005865200
-0.014727934
0.029241954
