-0.015699947
0.007320019
0.009213943
-0.010336684
0.005321248
-0.003918055
0.004197685
0.019084789
-0.004668296
0.000825526
0.000274744
-0.009669755
0.006640679
-0.002761473
-0.010844053
0.019654646
0.000000000
-0.013245318
-0.001389697
-0.004181421
0.014971238
0.023389956
-0.010539367
-0.022806391
-0.005015436
0.004181421
-0.016547872
0.013762084
0.030222388
0.001352226
-0.004605265
0.008920276
-0.004585419
0.002160360
-0.001889953
-0.001081839
-0.046803284
-0.010545865
-0.010948110
0.013523548
0.011931750
0.024272493
-0.018921034
0.024966511
0.017382482
-0.003776652
0.008075321
0.004013379
0.005857159
-0.019027698
0.017167876
-0.017438262
-0.021888780
-0.002215605
-0.004723963
-0.015438836
0.011251697
-0.012384060
0.011824374
0.011962996
-0.020112459
-0.002542546
0.019885740
0.017319789
-0.007649760
0.000000000
-0.033139823
0.010509821
0.020971092
-0.000830502
-0.003884398
0.011058795
-0.004684985
-0.008321769
-0.066211426
-0.057578614
0.008788494
0.024387705
-0.040771223
0.005069798
-0.004434690
-0.016000262
-0.012007320
-0.004253290
-0.004600691
-0.006940985
-0.006989604
0.009639461
-0.017014515
-0.027978780
-0.013586606
0.008382884
-0.046271577
0.001819850
0.000000000
0.026907357
-0.008888829
-0.003577998
0.003577998
-0.036738178
0.028489884
0.015365666
0.018271846
0.006247702
-0.039885214
-0.028119435
-0.043526239
0.015736314
0.001141763
0.020332013
0.012960764
-0.017443490
-0.009403822
-0.001134462
0.024295748
0.050757716
-0.015921059
-0.008596099
0.000000000
0.017472452
-0.024692641
0.016529284
-0.016167096
0.020434501
-0.006407918
0.007363744
-0.005371545
0.024473701
-0.019102156
-0.002145179
-0.026842287
-0.007009822
0.023056789
0.023597795
-0.017106651
0.036354843
0.006908420
-0.024391423
0.000000000
-0.006014422
-0.006408064
0.005698044
-0.016831242
0.002164638
-0.003610225
0.031680941
0.005938745
-0.001045363
0.005909949
-0.013610417
-0.022384902
-0.021061163
0.043446065
-0.002110397
0.005968116
-0.008789022
0.003524891
-0.004231363
-0.017106651
0.020986138
0.000000000
0.015715323
0.002076830
-0.015682498
0.000351098
-0.029214737
-0.009444224
0.023445547
-0.008952613
-0.007220174
0.007939310
-0.013024774
-0.013934871
-0.010020582
-0.004111333
0.038572355
0.011821732
-0.000356248
-0.015437424
0.023597795
0.023053789
-0.023053789
0.002822860
-0.006362651
0.027628912
-0.016345285
-0.009512183
0.021709583
0.053632983
-0.004638784
-0.000332154
0.004640356
0.021590613
-0.009756129
0.010403204
-0.014660748
-0.019887835
0.004342673
-0.007024544
0.010352411
0.005962202
0.003955121
-0.017922720
0.009665101
-0.018410516
-0.027398999
0.034468509
-0.001006900
0.014004928
0.012504270
-0.019482200
-0.001334671
-0.011417173
0.013085182
-0.013422946
-0.005080480
0.003728177
0.015774769
-0.009367702
0.014018849
0.012843991
0.022327279
-0.004489976
0.014044211
0.009463879
0.007818585
0.000000000
0.002799838
-0.022938918
0.005705193
0.006301330
-0.009149906
0.015099377
-0.004694072
-0.005662186
-0.005377105
-0.017920552
-0.012672772
0.005543756
-0.025025956
0.018500632
-0.003935731
-0.005963161
0.001670926
0.008312600
