-0.003991907
0.008464069
0.007163293
0.004175264
-0.009852193
-0.009950433
0.007472008
-0.005723549
0.025136881
-0.028636889
0.001751548
0.024448686
-0.004400986
-0.005405314
-0.010650479
0.042414582
0.000000000
0.037475009
-0.005301388
-0.003009008
-0.003250432
0.000465019
-0.010750287
-0.022334026
-0.018429233
-0.008849617
-0.018189125
-0.019294837
0.018540224
-0.003276650
0.013540936
-0.017842013
0.013598907
0.004989939
-0.007996049
0.017162556
-0.009664506
-0.011520193
-0.005303599
-0.011973154
0.024805039
-0.009040747
-0.007851016
0.007598813
-0.001767915
0.007303807
0.003757058
-0.005263744
0.001506685
-0.007051157
-0.009394490
-0.010514190
-0.001031723
-0.002066752
0.031312235
-0.007547199
0.013045732
-0.002495432
-0.026330642
0.007157396
-0.018509422
-0.002598194
-0.031983590
-0.015701459
0.008963696
-0.015808366
0.005752672
0.010596478
-0.000270313
-0.004063376
-0.018907275
0.027017499
-0.003236240
-0.008409109
-0.007806185
-0.009838377
-0.015658801
0.004294922
0.019802714
0.006700053
-0.006700053
-0.019802714
-0.023122338
-0.011764967
-0.010707912
-0.008710094
0.010502646
0.046370856
-0.042795241
-0.020736969
-0.019936203
0.031109590
-0.032659694
-0.010291694
0.015552459
0.024692594
-0.040245053
0.025074814
-0.009522356
-0.025951142
-0.018220109
0.013457442
0.039930397
0.025661815
-0.024133911
-0.039868332
-0.052849734
0.045834437
-0.024292615
-0.026243103
-0.005061557
-0.014653510
0.015667928
-0.011215045
0.021636990
-0.006038203
-0.006074919
0.008091753
0.010023467
0.050245504
-0.032779256
-0.004912470
0.012398198
0.014486101
0.004146064
0.028550949
-0.006516757
-0.002181671
0.005600523
-0.015635137
0.017804605
0.037075161
-0.015634766
0.012646852
-0.009621215
0.004822255
0.013735688
-0.015240084
0.023509434
-0.002945429
-0.016657173
0.002396524
0.001793868
0.005361770
0.007399896
0.000000000
0.017539143
-0.019901027
-0.030310019
-0.004887000
-0.017918257
-0.033923108
0.019163882
-0.001900027
-0.029593665
0.012007342
-0.013641018
0.021673131
-0.014829313
0.016427990
-0.016752894
-0.007173159
0.030613000
-0.008285624
0.012718810
-0.016887444
-0.015544394
0.003583663
-0.029370185
-0.005372748
0.011382794
-0.000332949
-0.018145658
0.004398540
-0.012912101
-0.005143230
0.018055331
0.003370456
-0.001346819
-0.003036923
0.005392599
-0.023810651
-0.003793706
0.008944000
0.034666007
0.026764053
-0.005813914
0.054834132
0.010372314
-0.006393680
-0.010439161
0.068581309
0.023637597
-0.015029344
-0.003721191
-0.010667589
0.057721878
0.013317316
-0.010312192
-0.000818704
0.017052792
-0.008896060
-0.019136724
0.002481025
0.031972302
-0.013422950
0.063355263
-0.014307839
-0.001029854
-0.017409677
-0.011865738
-0.016043173
-0.018773562
0.010926202
-0.004356065
0.009504443
0.039480612
0.023874651
-0.013021926
0.001797483
0.009701375
-0.004073457
-0.010514142
0.022432709
-0.006829353
-0.003305017
-0.003571480
-0.017790903
-0.004955010
0.019418131
-0.006172809
-0.001807695
-0.006222343
0.008803769
0.023692382
-0.004289356
-0.004307523
-0.030422564
0.000000000
0.011193729
-0.004670436
0.013689993
-0.011352048
0.036932699
0.039470641
