0.011709250
0.018650901
0.001759373
-0.000879192
-0.015949687
0.000000000
0.015949687
0.002625714
0.012197674
0.012907199
0.015263905
0.005042744
0.003338598
0.024731010
-0.013110151
0.063146719
0.000000000
0.040976114
-0.026368395
0.006086072
0.005302405
-0.003026621
-0.016023766
-0.031258155
0.038155678
-0.020846123
-0.009396651
-0.001577560
0.031820335
0.000000000
0.023404517
-0.002243484
0.039594030
0.017108179
0.016124395
-0.001012253
0.001467552
-0.013271414
-0.026328690
0.017137073
0.008218246
0.026435272
-0.004361671
-0.002918386
-0.006589453
0.008779167
0.009425207
-0.006513364
-0.010221106
-0.004408092
-0.009627574
-0.010473562
0.000000000
0.001504137
-0.003764638
0.003012721
0.016393926
-0.010403458
0.011882044
0.017558518
-0.005824036
-0.005115971
0.000733477
-0.002937397
-0.008115035
-0.020198463
0.004521125
-0.000753442
0.015688890
-0.021728953
-0.018350539
0.018350539
0.019508421
-0.015723955
-0.008344776
0.003801730
-0.002279286
0.006066618
0.031960457
0.001455234
-0.005858566
-0.061354373
-0.027725980
-0.016192958
0.001623878
0.002444414
0.002438547
0.032708959
-0.015821663
-0.014454775
-0.013854370
0.009796749
-0.044857191
-0.014544483
-0.006058879
0.042456341
-0.023555367
0.016047586
-0.014345197
-0.042527143
-0.007114623
0.002677520
0.015043656
0.031386212
-0.050899193
-0.013888855
-0.062875013
0.002125328
-0.023631489
-0.001087683
-0.007646164
-0.033447989
0.010152566
-0.034249975
0.043188399
0.020914295
-0.029852720
0.007825437
-0.004464144
0.016639286
-0.030153146
0.024637539
0.015367746
0.010834436
0.032859413
0.009341081
0.002063915
0.002059772
0.002055538
0.003075191
0.014227941
0.021956969
0.005905642
0.019436918
-0.000962946
0.014347520
0.031778291
-0.025152689
0.001885051
0.031513184
-0.017487639
-0.002789553
0.010189991
-0.040438024
0.021832972
0.005618000
0.029440640
-0.014611932
-0.001841656
-0.021425982
-0.019972214
-0.039182107
-0.005007722
0.023810789
-0.001962746
-0.009871728
-0.012980748
-0.002178698
-0.022893836
0.021864437
-0.027141383
0.004223805
0.028053802
-0.016529362
0.027736770
-0.045603790
0.016824746
-0.011026487
-0.011683660
0.000000000
0.035680551
-0.001031502
-0.042155764
0.006437724
0.006396654
0.023110250
0.015456153
0.013204990
-0.001009737
-0.014242211
0.011207390
-0.028778987
0.008307549
0.009264048
0.029280192
0.004962891
-0.010950871
0.040221152
0.032169340
-0.007476689
-0.012270014
0.059003243
-0.008089987
-0.024669935
-0.005565915
0.006490499
0.040748052
-0.008912714
-0.030911512
-0.001848410
0.015603690
-0.001823136
-0.024008481
0.011152512
0.020128654
-0.013679915
0.037842329
-0.006208427
0.014134364
0.008733680
0.004338402
0.004319750
-0.026202461
0.021882711
-0.009569487
-0.007017500
0.016586987
0.037387584
0.006650083
-0.018395062
-0.000844360
0.001687833
-0.018724108
0.037931224
0.022895622
0.009654203
-0.012082387
-0.007332062
-0.014827228
0.000000000
0.025400742
-0.019608474
-0.031003755
0.003398605
0.010126626
0.015827059
0.006589894
-0.027467362
0.004894243
-0.000840687
-0.000841480
-0.011003038
-0.012848189
0.017094553
0.023451584
