0.006813573
0.020612042
0.002876189
-0.003321813
-0.010926617
-0.003369844
0.020711228
-0.000883393
0.006159368
0.009166197
0.016373871
-0.002352426
0.008106403
0.024558071
-0.003739291
0.047154697
0.000000000
0.049008469
-0.023140236
-0.003875599
0.014843174
0.005203465
-0.012648689
-0.035734004
0.035346210
-0.024017288
-0.004950944
0.002576521
0.042280897
0.000187801
-0.031836638
-0.007901464
0.024292071
0.013073513
0.005523610
0.006815629
-0.001132844
-0.015033270
-0.034529953
0.014831013
0.005268631
0.014108610
-0.003653332
-0.001347431
-0.006967289
0.013693725
0.011238360
-0.008176835
-0.022598207
0.004677396
-0.004091773
-0.021711755
0.003187916
-0.003984597
-0.003201254
0.004796455
0.012283701
-0.012083468
0.009125035
0.013343355
-0.004643540
-0.009446989
0.006504605
0.001963594
0.004890958
-0.022495032
0.004974806
0.016349141
0.008751974
-0.023511967
-0.014781917
0.016365876
0.018823711
-0.009367550
-0.002158099
0.001767050
-0.004917168
-0.005931222
0.022935672
-0.001940859
-0.009558403
-0.045901425
-0.019909267
-0.011801827
0.001483798
0.003169587
0.003159475
0.026973688
-0.016096027
-0.015091426
-0.003808779
0.017232571
-0.053719211
-0.007059698
-0.013826281
0.023958652
-0.019030509
0.013094454
-0.008857300
-0.043189780
-0.003490094
0.001861706
0.019879118
0.021450165
-0.031540833
-0.025683186
-0.029523382
0.002430823
-0.029344014
-0.002002504
-0.009827663
-0.036098077
0.009668208
-0.020489271
0.044127481
0.018368694
-0.027037573
0.007655092
0.002030042
-0.003304454
-0.018234770
0.027355811
0.017252434
0.000807246
0.023269760
0.016093717
-0.006453823
0.009070353
0.002612892
0.004020081
0.018708567
0.025169378
-0.003622696
0.018644844
-0.012767599
0.014325406
0.028046438
-0.019417021
-0.000661277
0.031037835
-0.015940739
0.005415510
0.014364731
-0.042845478
0.012649426
0.003504401
0.023567192
-0.007292601
-0.006042828
-0.023664535
-0.005335797
-0.037012886
0.007835342
0.020446019
-0.006768974
-0.001359261
-0.025954064
-0.006146180
-0.013013780
0.023539145
-0.039629208
0.007477479
0.032619285
-0.007001385
0.016489900
-0.040188772
0.013576571
-0.013763815
-0.008676778
0.005792925
0.024956746
0.009113116
-0.035034406
0.002886780
-0.005539075
0.017480314
0.023456643
-0.000925624
0.006938065
-0.006475200
0.016792833
-0.025178599
0.002337667
0.010907423
0.027098418
-0.008572795
-0.011114206
0.037791310
0.044260981
0.001054268
-0.003382422
0.057783624
-0.005210444
-0.035153654
-0.011928627
0.011510351
0.039180720
-0.010458454
-0.030178076
-0.001044789
0.014500014
0.003488749
-0.026367126
0.011503192
0.018545801
-0.018545801
0.028904341
-0.004861284
0.014369839
0.010755045
0.006320977
0.000983012
-0.013862774
0.012483939
0.002755411
-0.003739295
0.008635198
0.030411875
-0.000568806
-0.013079237
-0.002308703
-0.001156368
-0.016625909
0.033264176
0.024726988
0.008842493
-0.009119927
-0.012717461
-0.001125940
0.000563071
0.008966168
-0.008122199
-0.027078681
0.008917124
0.006849262
0.017479962
-0.007293090
-0.027109590
0.016091155
-0.013473255
-0.000288631
-0.004629617
-0.021991532
0.016757602
0.034696463
