-0.022022904
0.002022263
0.008048202
0.002002121
-0.034591544
0.002068375
0.010277466
0.004081674
-0.003059641
-0.009235601
0.006166466
-0.012371193
0.006204727
0.005141290
-0.020726001
0.034983090
0.000000000
0.015052848
0.013847919
-0.001966586
-0.010885754
0.013834136
-0.019822230
-0.011072026
0.006054359
-0.009095392
-0.025708427
0.005194706
0.020513721
-0.019477927
-0.006230500
0.004158047
0.015440328
0.020223111
0.024716996
0.005842229
-0.036583394
-0.005047858
0.003031711
0.004028239
0.005012636
-0.051293331
-0.004219453
-0.005299423
-0.006396452
0.043939980
0.041108554
0.021380691
-0.026304477
-0.033118873
-0.018538077
0.015472182
-0.006160135
-0.008273025
-0.002079126
-0.018908082
-0.002123162
-0.028019105
-0.027702569
0.049325222
0.005333125
-0.032435237
0.000000000
-0.018858018
0.018858018
-0.012161505
-0.003342595
0.024256968
0.016207789
-0.022765248
-0.016583995
0.005558539
0.019758994
-0.010928948
0.007662995
0.003265953
-0.008733538
-0.016583995
0.027489215
-0.029721491
-0.022599804
-0.004978798
-0.029293293
-0.019208294
-0.004860343
-0.008562615
0.038559032
0.052946683
-0.004494338
0.016750813
0.018651149
0.023631495
-0.013896511
0.017076207
0.012618425
-0.004188545
-0.003152857
-0.001053200
0.012565676
-0.015731843
-0.034411924
-0.023243971
0.011135900
-0.006666670
-0.040961457
0.008097320
-0.026855218
0.040585367
-0.006841625
-0.002290868
0.009132493
-0.001137139
-0.007995354
0.023797251
0.021053251
-0.001097108
0.022789902
0.001072401
0.014893988
-0.014893988
-0.021669290
-0.023269731
0.041718470
-0.001075862
0.001075862
0.035906771
-0.009379977
-0.022234885
0.052149331
-0.036217074
0.003156384
-0.012685331
0.026248268
0.032622703
-0.015159465
0.001017826
-0.021594653
-0.017829555
0.009478767
0.030962130
-0.023651398
0.002078927
-0.056608616
-0.008830198
0.006629838
0.014215632
0.014016484
-0.032647083
-0.010005778
-0.002236944
-0.039982680
-0.033178256
0.045917340
0.026123021
0.027641382
-0.032135720
0.001125508
-0.013590200
0.020316550
0.053302520
-0.023580941
0.028863539
0.011524537
-0.010471337
0.000000000
-0.025587778
0.015005631
0.009528947
-0.020224168
0.005362016
-0.009672426
0.017131059
0.001061022
-0.019272485
-0.016349031
0.003291106
0.019523552
0.048227290
-0.020683334
-0.032929180
0.004310410
-0.016260524
0.018408675
0.020181415
0.005243816
-0.019008010
-0.009641234
0.002150675
-0.003227696
-0.048574667
-0.021727623
0.026242364
0.002249638
0.002244700
0.024364547
0.008714552
0.015070242
0.004264350
0.016878161
0.010405854
0.021506190
0.031907028
-0.028872184
0.011049886
0.001996036
-0.026264087
0.052827445
-0.004866158
-0.006852787
0.025219526
-0.015444340
0.025925664
-0.024953264
-0.032595524
0.000000000
-0.011105565
0.146141806
-0.015915406
-0.033532821
0.042405937
-0.015131603
-0.026353087
0.023658931
0.029244483
0.005226563
0.020636952
0.001700704
0.016013791
-0.040961401
0.053425130
0.007404413
-0.012371212
-0.025211424
-0.034635445
0.013998492
0.041690310
0.006644633
-0.015012912
0.001679368
-0.032398412
-0.012205984
0.031090663
-0.022356952
-0.017544284
0.025339925
