0.008686234
0.013423017
-0.002135507
-0.045375369
0.012229116
0.019152642
-0.036990167
-0.044273021
-0.004123652
-0.010682593
0.028237006
-0.003486329
-0.010532450
-0.005308335
-0.028796000
0.008484765
0.000000000
-0.010922375
-0.020962570
0.003110447
0.009273583
0.013447515
-0.010988994
-0.032441984
-0.005723486
-0.010900817
-0.033434851
0.003991998
0.042255163
0.018916096
-0.017008316
0.003171677
0.033627011
0.014589903
-0.015815493
-0.017940284
-0.013828073
-0.012738995
-0.006430942
0.000645107
-0.012325966
0.024501518
-0.021243166
-0.016399252
-0.033627839
-0.004799457
0.008895073
0.015546132
0.011337144
-0.011337144
-0.025816689
-0.002066744
0.005501878
-0.006882252
-0.009018344
-0.040024116
-0.017673495
-0.027110192
0.006846663
0.030610869
-0.008121121
-0.020217774
-0.031504679
0.026955715
0.013585203
-0.007524530
-0.004541999
0.038695340
0.028778894
0.009880059
-0.018427151
0.003570177
-0.005718432
-0.022472781
-0.010316992
0.051256336
0.020202642
-0.034377299
-0.022375452
0.035846026
-0.013470574
-0.029701608
-0.026072227
0.002261541
-0.003016500
0.008273754
-0.038172462
0.023077832
-0.164982214
-0.004494320
0.011643556
0.030690778
-0.056853666
-0.018566917
0.015865956
0.054944100
0.003499416
0.030957074
-0.031830803
-0.062209991
-0.033100153
0.038665934
0.046099388
-0.014235053
-0.009905636
-0.051055053
-0.036861654
0.065032430
-0.047402201
0.006773011
-0.020458529
0.000000000
0.015625251
-0.021548167
-0.005958309
-0.027260591
-0.013395337
0.001036789
-0.017773721
-0.004228372
-0.030109837
0.025863619
-0.008547133
0.043051176
0.091284669
-0.021812163
0.006689069
0.065430891
-0.001785684
-0.007174979
0.001798623
0.008053779
0.007104794
0.023612768
-0.023612768
0.060103944
-0.002503087
-0.031398488
0.003442285
0.019566779
-0.029061901
0.012925686
-0.025142122
-0.007933096
-0.018758968
0.029322355
0.016500576
0.006011255
-0.052736382
-0.057583090
-0.019305682
-0.029675765
0.067921372
0.019508233
-0.073471187
0.004938196
0.005894027
-0.016790532
-0.019404575
0.063639655
-0.020438641
0.023324684
0.039553126
-0.001848297
-0.021506330
-0.039523183
0.004904472
0.007797248
-0.040619713
-0.009141777
-0.010256496
0.006166492
-0.027000677
0.014629326
0.008264549
0.012270150
0.004056614
0.047439851
0.041593995
0.001850007
0.004610520
-0.041320433
0.039478851
0.036202942
0.040075017
-0.026829795
-0.008810627
0.033075275
0.018660382
0.028987527
-0.032354464
0.028264563
-0.028264563
-0.044835130
-0.016896812
-0.041195741
-0.013170381
0.022472864
-0.012110196
0.014883972
0.046897811
0.018333094
-0.040605719
0.031044519
0.016457724
-0.074901204
0.027398961
0.028420959
0.008718625
0.063887138
-0.056966751
-0.010398667
-0.056441321
-0.047178636
0.024810404
-0.031596622
0.063139133
0.018996476
-0.022711080
-0.005555448
0.008321687
0.008253192
-0.031542497
0.029714414
0.002740873
-0.005489464
-0.037387496
0.008534858
-0.037522440
0.003913846
-0.004894780
-0.004918658
-0.039220813
0.000000000
0.005115109
-0.026888900
-0.019048203
-0.025975461
-0.002195416
-0.038078385
-0.005724354
0.040500606
-0.053210051
0.019574656
0.011337893
