-0.009077134
-0.014697191
0.007116196
0.017688885
-0.013390459
-0.019802613
-0.018291252
0.000636378
0.001906517
-0.009569400
0.015898522
0.021224337
0.018966556
-0.008520959
-0.032301028
0.040821987
0.000000000
0.035718071
-0.002341964
-0.010014786
0.000591932
0.003543954
-0.021454904
-0.018237551
0.000000000
-0.026104624
-0.013312481
-0.002555830
0.027139515
-0.005619691
0.001876700
-0.005640887
0.014972227
0.039458848
0.009478677
0.001767308
-0.010651003
-0.004770339
0.008925867
0.014118077
0.012768539
0.008613214
-0.036685269
-0.016746805
0.016153469
0.017064240
-0.009967808
0.004703150
0.007013422
0.002326919
0.029203375
0.009547928
-0.003920462
-0.006756678
0.036064833
-0.002182255
0.010863855
-0.008681600
-0.011510145
0.037862911
-0.008528883
-0.001607289
-0.003222295
0.005899748
-0.006976247
-0.033957158
-0.001672822
0.016602507
0.033993014
-0.030158401
-0.005482459
0.015817058
0.015037879
0.002129911
0.012685176
0.033060837
0.000000000
-0.011755751
0.010230196
0.009118616
0.006033259
-0.042494255
-0.032423805
-0.004331379
-0.003805373
0.012987158
0.005362040
0.020641087
0.027894303
-0.030516933
-0.023918205
0.016538070
-0.047124893
-0.001665282
0.006092541
0.037392593
-0.016626883
0.021402648
-0.031185348
-0.055008179
0.005179817
0.019892773
0.021709703
-0.001102004
-0.064906074
-0.061249797
-0.024692581
0.037122859
-0.025650507
-0.021781779
-0.003243558
0.013552984
-0.020726179
-0.020496524
0.057121225
0.014406804
-0.023915541
0.013287084
0.011250071
-0.006234359
-0.037596024
0.032580312
0.046662835
-0.021832310
0.010975735
0.009055311
0.004796199
0.007745040
0.005917224
-0.014859114
0.023669696
0.029388498
-0.005694765
0.039747704
0.000548734
-0.006052259
0.015877678
-0.010374154
0.003287679
0.016816294
-0.036148561
0.001114903
0.004446835
0.006082379
0.001652440
-0.006072361
0.022989604
0.001081631
-0.005963720
-0.018107516
-0.011696000
-0.078643116
0.009049848
0.032499190
-0.021746384
-0.004764776
-0.018680812
0.004854283
-0.054100799
0.016476905
-0.036484031
0.005849878
0.028746827
-0.007585445
0.005694424
-0.027504148
0.011605626
-0.019418111
-0.035931989
0.009440294
0.015318424
0.001980789
-0.028095532
-0.008858582
-0.022146216
0.017343479
0.022442249
0.033722248
-0.007177810
-0.025200327
0.056150484
-0.033573222
-0.003288355
0.005256217
0.041084117
-0.001888577
-0.023590521
0.030497894
0.054199107
0.013541427
-0.002928224
0.053665783
-0.002225806
-0.042680786
-0.004078174
0.004078174
0.034289061
0.007834428
-0.008396366
-0.014152457
0.003414805
-0.008559207
-0.016758538
0.013889072
0.007443483
-0.010321206
0.054400851
0.025863545
-0.021506216
-0.021978918
-0.020202735
-0.002270133
-0.028235775
0.008728609
0.001736674
0.016064489
0.015810608
0.010588058
-0.013955012
0.007280841
0.011650578
-0.003868464
-0.010016792
0.033547304
0.062372895
0.015128902
-0.013605772
0.003039673
-0.010167937
0.010673559
0.001515587
-0.017312098
-0.026016035
0.021382816
0.021440309
0.007547317
-0.004521541
-0.020860530
-0.010855743
-0.006256441
-0.003667846
0.012001169
-0.011476336
0.005232864
0.027793899
