0.012646694
0.005573496
-0.006129779
-0.005045305
0.005884242
-0.027176201
0.004295913
0.008534099
0.025176855
0.003309690
0.024746944
-0.010260562
-0.007352268
-0.004659987
-0.022217756
0.045025287
0.000000000
0.025447499
-0.022230947
0.003473195
0.009555013
-0.004501759
-0.011474384
-0.035234232
0.010785722
-0.033847768
-0.010580079
-0.047395435
0.021767913
0.031932960
-0.011785619
-0.002894950
0.004918477
0.006901174
0.037401048
0.004129565
-0.014116608
-0.034315180
-0.004048207
0.005202872
0.017141526
-0.011108220
-0.011816307
0.002893981
0.001445619
0.033207374
0.002787736
-0.012607266
-0.002823090
0.002261566
-0.005660245
-0.021505674
-0.011660806
0.001769164
0.028064450
-0.026010448
0.004088841
-0.023308911
-0.003588930
0.028647883
-0.006718631
-0.010015095
0.004428593
0.006759347
-0.007936955
-0.023587267
-0.014912337
-0.011101937
0.027525272
0.005413964
-0.004210086
0.004510395
0.009551990
-0.007156269
-0.010528523
0.009629549
-0.011747459
-0.029833934
0.007465593
0.017811299
-0.007329854
-0.014518596
0.003416658
0.052842126
-0.003535952
-0.007999402
-0.020440171
0.005147674
-0.033171969
-0.010359392
-0.035001005
0.014599265
-0.021485334
-0.008925830
0.003645459
0.047798970
-0.025877224
0.031850078
-0.028619355
-0.033123963
-0.023273809
0.012546597
0.014055807
0.002325978
-0.034749250
-0.004818803
-0.004491173
0.013421403
-0.008239906
0.018442832
-0.027095100
-0.016124443
-0.008517320
-0.006078968
0.021989069
0.027333277
-0.025232724
-0.006671438
0.007062679
0.024265944
-0.052016267
0.027750323
0.030069245
-0.012679312
0.033901940
-0.005010220
0.001671710
0.000000000
0.019869841
-0.019869841
0.002337030
0.023089447
-0.019093086
0.017786800
-0.016124824
0.034563573
0.018419988
-0.035226110
0.032074852
0.002205970
-0.005050144
-0.033477691
0.021053135
-0.010308954
0.000971907
-0.015323092
0.026903466
-0.003202696
-0.000642559
-0.003215055
-0.013945113
-0.035233615
0.021087704
0.003970787
-0.010947012
-0.004681760
-0.027866235
0.021475834
-0.027696381
0.019908648
-0.023033493
-0.000348213
0.030831758
-0.016324413
0.009894554
-0.041954481
0.001416878
-0.009952490
-0.022390364
0.020246971
0.031010349
0.005879448
-0.017044683
0.000000000
-0.021279207
0.034526195
0.042037105
0.025567325
-0.036247823
-0.001677248
0.047585958
-0.009660887
-0.003652144
-0.007520266
0.028471533
-0.011227694
0.001290803
0.062745750
0.031274268
0.004098051
-0.009979839
0.060104131
-0.004735007
-0.023436137
-0.015839084
0.000000000
0.032835145
-0.011298572
-0.008845286
-0.009503316
0.016640929
0.008785659
-0.012775475
0.032327382
0.020808152
-0.046869447
0.081483788
-0.016094931
0.011371042
-0.015369524
-0.005354063
-0.007814887
-0.020223905
0.015612287
-0.012031980
0.025801021
0.016220365
0.033971674
0.010149154
-0.019626165
-0.001289054
0.011021208
-0.031066130
0.037672898
0.000253483
-0.001521633
-0.008658601
0.001790703
-0.020897023
0.026751936
0.012860044
-0.019481950
-0.023001568
0.029115243
0.003549566
0.003537011
-0.004043727
-0.017881459
0.000000000
0.001804217
0.016330575
0.044306652
-0.022030425
0.022293145
0.028466932
