-0.012690519
0.023726457
-0.019902474
0.000127273
-0.024336483
0.010115438
0.001804851
-0.001030947
0.017129486
-0.002538227
0.001016021
-0.016510281
-0.009595426
0.003252057
-0.029522390
0.080042668
0.000000000
0.022102350
0.021506217
0.000708990
-0.001181918
0.015256694
-0.023569214
-0.039278119
0.012448684
-0.032871555
-0.038714481
-0.028155790
0.010902574
0.058622417
-0.007603614
0.045386147
0.008835025
-0.042460033
0.023360858
0.066172285
0.080900059
-0.030354295
-0.004930075
0.012334287
0.007134298
-0.026633233
-0.013587437
0.009486070
-0.020082468
0.027496915
0.020515816
-0.011187825
-0.020414573
0.014388712
0.018508966
-0.021811095
-0.007747691
0.032789873
0.025374215
-0.006204363
0.053400786
-0.033556823
0.003097640
0.009337719
0.000102091
-0.009439810
-0.005167921
0.022440603
-0.005996278
-0.015098175
-0.018065429
0.020546105
0.026888244
-0.012742865
-0.021397797
0.008593513
-0.013492740
-0.013889095
0.026453592
0.030086671
0.012339581
0.003258568
0.029719496
0.007626447
0.013301351
-0.040252053
-0.053092116
0.005130881
-0.008738169
0.136276713
0.014667986
-0.028183530
-0.007792842
-0.004612510
-0.015655889
0.052508832
-0.025818389
-0.039736640
0.041381345
0.039999924
-0.018771516
0.009872432
-0.008800405
-0.064538544
-0.004869050
0.036921268
0.062998175
0.074008943
-0.027063899
-0.056866742
-0.071883461
-0.008589499
0.006896370
0.034967943
0.021672504
0.060326344
0.003511364
-0.017172133
0.048717390
-0.016058988
-0.000657636
0.009819149
-0.000488628
0.008032785
-0.018021440
0.016484841
0.035306191
-0.020204263
-0.007201219
-0.001446517
-0.035608368
0.014067190
-0.030450681
-0.030446125
0.074525793
0.018232715
0.016576274
0.032804998
-0.039008623
0.015786617
0.015388346
-0.008819345
0.029898176
-0.005698030
-0.010962047
-0.013392237
0.001539678
0.017235094
0.015008523
0.019107389
0.000803465
0.007564720
0.055667765
-0.041064801
0.048507987
-0.055674874
0.014070168
0.005939790
-0.022602743
-0.017238519
-0.019634021
0.034706793
-0.043801409
0.013499483
-0.011010918
-0.005816427
-0.004403665
-0.015953702
0.021190340
-0.034734511
0.020555378
-0.029529718
-0.069241455
0.031942038
0.027285786
-0.027039597
-0.022909362
0.002515776
-0.033814976
0.004925909
0.024608498
0.045544679
-0.044535829
-0.004378987
0.045453032
-0.021273068
0.014313452
-0.008072148
0.016401786
-0.013622252
0.001142325
0.061434837
0.066310514
0.001147632
0.017762472
0.045027117
0.011113549
-0.044588084
0.047911472
-0.004655968
0.059526014
0.015890703
-0.005393091
0.049239940
-0.011306297
0.011661226
-0.006289704
0.001308653
-0.008477116
-0.002100645
0.016800253
-0.002780618
0.006672086
0.017673774
-0.087305797
-0.049137227
-0.022314737
-0.007960029
0.047618504
-0.000847089
0.013531681
0.006410327
-0.002238956
-0.005844685
0.030201401
0.014580794
-0.026084147
0.064866468
0.007555658
0.006973519
-0.039365530
-0.015302063
0.016334193
0.000667249
0.002543520
-0.005945072
-0.023517461
0.023760724
0.021722369
-0.002980648
0.018338281
-0.003111430
0.033705463
0.006290519
0.005240240
0.026727358
-0.033380910
-0.015737582
0.039828396
