-0.011019395
0.000000000
0.008275909
-0.018018506
-0.012667305
-0.001417435
0.001417435
-0.025826400
-0.005830920
-0.019188781
0.020649701
-0.023634778
0.001493652
-0.015037877
-0.030771659
0.070866116
0.000000000
-0.016141216
0.004428052
0.008797711
-0.005856532
-0.001469508
-0.023810649
-0.015174798
0.024170361
-0.030305349
-0.012384059
0.000000000
-0.023641763
-0.009615459
-0.019512814
0.014670190
-0.019608471
0.022839492
-0.016260521
-0.003284075
0.006557401
-0.013158085
-0.011657085
0.021541844
0.035430437
-0.009539023
-0.044088773
-0.035687729
-0.003466208
0.039153937
0.013267193
0.004930166
-0.014864023
-0.061769203
0.000000000
-0.012466769
-0.009000961
0.021467730
0.008810630
0.000000000
0.034486176
-0.046842909
0.034907558
0.018692133
-0.018692133
0.020374219
0.018318581
0.030871664
-0.004811557
0.172357828
0.163195291
-0.059188871
0.014528101
-0.002406740
-0.012121361
-0.008573231
-0.006169051
-0.013707380
0.023559676
0.002447982
-0.012300278
-0.026333810
0.016383479
-0.002503130
-0.007547206
-0.015267472
-0.027292142
0.047597408
-0.029320137
-0.009096879
0.064456925
-0.012315427
-0.022557347
-0.003809528
0.008866429
0.017500447
-0.030190972
0.006365394
-0.027011288
0.029546144
0.073203404
-0.017804625
-0.012048339
-0.022059718
0.002475249
-0.022500949
0.008810630
0.014925650
-0.012422520
0.012422520
-0.007434978
0.036634133
-0.018149319
0.031252544
0.005899722
-0.010644690
-0.021635459
-0.003651860
-0.007343974
-0.017348638
-0.025317808
0.022814678
0.013690320
-0.017456802
0.007518832
0.012407107
0.003692312
0.003678729
0.004884015
0.051049659
-0.006968669
-0.029570457
0.001199760
-0.014493007
-0.004878058
-0.016020059
-0.017544310
0.040872562
-0.023328252
-0.004981330
0.013639393
-0.019901154
0.005012542
0.019802627
-0.026072240
-0.006309169
0.029927421
0.007343974
-0.008573231
-0.001230769
0.013455861
-0.015921953
-0.037740328
-0.043228735
-0.040989345
0.000000000
0.042327137
-0.043722811
-0.066402455
0.026511126
-0.097638470
0.034649135
-0.003100778
0.003100778
-0.017174505
-0.007905180
-0.017614547
-0.041225953
0.010050336
-0.032178898
-0.015611765
-0.021202208
0.022948933
-0.015831465
0.010582109
-0.005277057
-0.030441026
-0.018349139
-0.053244515
-0.001955035
0.021297998
0.003824096
-0.017324784
-0.009756175
0.030890487
-0.021134312
0.005808342
0.007692346
0.032047983
-0.016838564
-0.019048195
0.015267472
-0.009514820
-0.009606222
-0.001932368
0.043526265
0.073181617
-0.020870323
-0.021315194
0.010714388
0.041745192
0.046597448
-0.019705071
0.001657001
0.022914260
0.011263192
-0.006420568
-0.003225809
0.020784121
-0.019169916
0.027050178
0.006259801
0.013942906
0.012232568
0.012084739
-0.024317308
-0.021773800
-0.009478744
0.001586043
-0.020817405
0.012861914
0.011120051
-0.015923903
-0.001606426
0.025398191
-0.017391743
-0.030771659
0.008190054
0.011354542
0.000000000
0.000000000
0.025479085
-0.017446914
0.012718772
0.001578532
-0.012698583
-0.055843736
-0.005080451
-0.015398080
0.001722653
-0.008643096
-0.033542421
-0.021779445
-0.016651634
-0.011257155
0.007518832
0.040372455
-0.019982500
0.001833181
