0.014435770
-0.006535250
0.014323056
-0.020240772
0.005917716
0.001967293
0.015585763
-0.001936763
0.003218752
-0.002572722
0.015995100
-0.015995100
0.000000000
-0.016262323
-0.013865315
0.015177274
0.000000000
0.009770553
-0.003895340
-0.007187171
-0.006578162
0.006578162
-0.003287291
-0.013243715
0.003995876
-0.013374989
0.008043598
-0.004010064
0.032959096
-0.003243844
0.005189476
0.009022460
-0.007080759
-0.002589825
-0.009103422
0.002606305
0.010379420
-0.012985725
-0.007874496
0.006565191
0.000000000
0.000000000
-0.009867814
-0.013305441
0.000670254
0.032267184
0.022430777
0.027501355
0.026164405
-0.015123917
0.009100383
-0.022605601
-0.012443440
-0.021499582
0.017741082
-0.015829978
0.020840545
-0.000625838
-0.006903110
0.023034734
-0.013006493
-0.021425296
-0.005106545
-0.013534692
0.019915616
-0.016032825
-0.008440153
-0.043295593
0.030834528
-0.020672650
-0.009480676
-0.004770498
-0.002054786
0.002731262
0.020289804
-0.023021066
0.006825284
-0.017154921
0.015110005
0.022245399
0.000000000
-0.008032899
-0.032089723
-0.028870238
0.039908158
0.008884220
0.013512067
0.017961793
-0.013270088
-0.031901083
-0.030102754
0.028029606
-0.039469806
0.014274194
-0.004257840
0.031526600
-0.004150521
0.004150521
-0.003457611
-0.061358192
0.018380143
0.001487379
0.006657696
0.004419368
-0.058194576
0.003878781
-0.034703434
-0.016179704
0.000000000
0.013766715
0.001609337
-0.036814400
-0.018503343
-0.013670096
0.037165894
0.029407014
-0.032732610
0.002495281
0.012365293
-0.014028185
-0.016762885
0.010093240
0.007501437
-0.008339398
0.041822759
0.011979277
0.003164019
0.000791579
-0.001583784
-0.004758045
0.022035259
0.021551664
0.014364620
0.000751268
-0.017405605
0.012898082
0.028961956
-0.032740721
0.017248869
0.021337067
-0.014669408
0.005896785
-0.008850264
-0.021720483
0.037885329
-0.017648829
0.021282022
0.007235145
-0.010139052
-0.002189540
-0.008798375
-0.017832360
0.010442159
0.023460449
-0.014597100
-0.014813422
-0.019596547
-0.000762046
-0.006109086
0.007632773
-0.015324253
-0.006202907
0.020765519
-0.003051763
0.007603873
-0.027645069
0.012379237
0.000000000
-0.027293419
-0.011922965
0.018233317
-0.010265950
-0.030626591
0.021056427
-0.027622047
0.000824164
0.002468518
0.016285167
0.021569959
-0.041972651
0.013108122
-0.015586837
-0.025103289
0.017639158
0.038389737
-0.015338768
-0.015586837
0.069432141
0.044487863
-0.011126486
-0.009734685
0.078881727
-0.041926687
-0.076120401
-0.043205428
0.038499770
0.038580812
-0.021419877
-0.042659151
-0.029488259
0.031093978
-0.021167595
-0.003300833
-0.009959366
0.023089016
0.016166611
0.030791705
-0.017255069
0.003162652
-0.002371074
-0.003161511
-0.017600256
-0.037834529
0.003350541
0.005827522
-0.016748927
0.005891327
0.040321698
-0.009725163
0.000000000
-0.002448393
-0.017290543
-0.005000778
0.020655690
0.001635630
-0.010670483
0.000825524
-0.005784168
-0.022646457
0.014320864
0.003333137
-0.001669738
-0.023645196
0.024480366
-0.027050490
0.024551921
-0.014320864
-0.009373516
0.043554951
0.008162446
0.032008007
0.039435307
-0.027005981
0.036948047
0.018783732
