0.004007377
-0.001104879
0.007289183
-0.012544545
0.002909239
-0.005271943
0.012438089
-0.004542711
0.013974747
-0.030387618
0.000000000
0.029570993
-0.006146251
-0.002057231
-0.018426492
0.015126128
0.000000000
0.022202174
-0.016709099
-0.005356651
-0.000963133
0.018845255
-0.002438015
-0.024575381
-0.023199775
-0.004276514
-0.021368118
-0.011448795
0.028379912
-0.010676551
-0.008740044
0.001609521
0.009737691
0.003323130
0.004173680
0.027612347
0.001394162
-0.012068368
-0.009074091
-0.013626622
0.012771683
0.002276977
-0.023021127
-0.000143960
-0.000729701
0.011009942
-0.001440447
-0.003903818
-0.007708907
-0.017820611
-0.014970980
0.010650504
-0.005234708
-0.004664938
0.026040328
-0.006041142
-0.009947294
0.010687388
-0.003403143
0.017328917
-0.005255405
-0.013554766
-0.012392425
0.005841479
-0.008399856
-0.024542807
0.024090821
-0.019627767
-0.009415814
-0.001084803
-0.014073738
0.014073738
0.016933403
-0.004590772
-0.005689316
0.006149410
-0.005224477
-0.002161340
0.035653441
-0.001494413
-0.007189996
-0.033943203
-0.017252117
-0.009538947
-0.008663534
-0.013956207
0.008138485
0.036127028
-0.026131834
-0.021408516
-0.000162495
0.001312580
-0.033131633
-0.003560847
0.002377121
0.031363495
-0.027304811
0.018396836
-0.003984709
-0.039535097
-0.004856058
0.020143486
0.007975707
0.016770901
-0.044890093
-0.033605255
-0.027903809
0.025202263
-0.022061220
0.002761609
-0.011650581
-0.021433504
-0.002666117
-0.012077076
0.029834074
0.007084546
-0.016110566
0.015368642
0.011098997
0.047775123
-0.006503132
0.004538726
0.031181133
-0.030095727
0.006126449
0.022742277
-0.004754022
-0.011716834
-0.008970403
0.000540269
0.020676286
0.042138712
-0.023267012
0.017502166
-0.012322540
-0.000516736
0.024674031
-0.004042492
0.018063819
-0.000994997
-0.009502486
0.005012503
0.003493842
0.000498220
0.010896437
-0.009403519
0.008417890
-0.005934720
-0.027660744
-0.019568108
0.001039472
-0.037580470
0.016051749
0.021528722
-0.017291492
0.002111874
-0.015949233
0.006410262
-0.025345119
0.021610672
-0.021610672
0.009782689
0.032981763
-0.009463849
0.011554694
-0.011554694
-0.015974767
-0.003764406
-0.007028923
0.009181716
-0.002152793
-0.003238014
-0.016898765
-0.005512763
-0.007212204
-0.001671672
0.028589008
0.007021331
-0.002155113
-0.003241623
0.023001989
-0.023001989
-0.010334425
-0.000546992
0.027964546
0.002675878
-0.017794992
0.048842063
0.023048283
0.000506301
0.002022133
0.066903219
0.020571080
-0.033407040
-0.012033830
-0.015125855
0.051735710
0.018960059
-0.001375287
-0.004597640
0.019621936
-0.005891809
-0.022989453
-0.004662038
0.027651491
-0.011428640
0.063244587
-0.007364130
0.011670792
-0.013847060
-0.021582016
-0.007597674
-0.010825721
0.018423395
-0.016158353
0.003162445
0.016995005
0.023664619
-0.022778009
0.013641509
0.007402655
0.000433743
-0.004781599
0.012126595
0.000860581
0.010695323
-0.012417314
-0.014757052
-0.005700580
0.014407514
0.007341912
-0.001722645
-0.012142327
0.006089593
0.028640460
0.002525412
-0.012264971
-0.021506230
0.000434730
0.018941628
-0.002562031
-0.018990595
-0.003054799
0.028013074
0.032611512
