-0.008081993
0.029522349
0.000000000
-0.011888465
-0.009551892
0.007402936
-0.002769643
0.017715757
0.016514541
-0.017120245
0.023946115
-0.019713811
0.034102436
0.016768502
-0.005174029
0.066877262
0.000000000
-0.014935790
-0.020733225
-0.008415312
-0.016472988
0.002288428
-0.014388749
-0.008733681
0.020547704
0.002574726
-0.026050710
-0.011502872
-0.006846280
-0.005390972
0.009563956
0.029887781
-0.002601431
-0.009305228
0.020529998
0.024315629
-0.029768485
0.007454174
-0.019614023
0.015894115
-0.006904750
-0.023070004
-0.017583554
0.004499799
-0.004800388
0.005099660
-0.003296897
-0.000300352
-0.020631722
-0.001533973
0.002759578
-0.001838924
-0.015767535
0.010018779
0.000622881
0.000622462
-0.012208591
-0.026489500
0.021437434
0.012895265
-0.012895265
0.029629427
-0.001230056
0.005523282
-0.025411983
-0.027364099
0.015682801
0.007592550
0.036513963
-0.032111348
-0.018366609
0.025868905
-0.000623075
0.005903408
0.025085396
-0.026635536
0.007110867
0.001846756
-0.001230844
0.026433268
-0.034780802
0.026652040
-0.028205551
-0.002490560
-0.022062143
-0.010571956
0.006740592
0.004468564
0.136711053
-0.002224829
0.050750444
-0.034732281
-0.035130399
-0.001704208
-0.001707002
0.007941245
-0.031566619
0.020202806
-0.019037234
-0.024765454
-0.015037921
0.021583665
0.034395727
0.063014937
-0.059011562
0.007109392
-0.043138921
0.025990631
-0.031627661
-0.012273804
-0.014869067
-0.009213776
-0.018686403
-0.025793445
-0.004850494
0.002266488
-0.016960653
-0.003624911
0.014096250
-0.007187247
-0.029952268
0.041686482
-0.019303742
0.010842902
-0.011834509
-0.001654799
-0.014009591
0.010026838
0.008609394
-0.018636231
0.009361545
0.000997840
-0.015073161
0.028611399
0.024940591
-0.011259575
-0.000323616
-0.029225493
-0.017140354
0.020799126
-0.003992027
-0.014775365
-0.006448235
-0.009235585
-0.003442361
0.009950334
0.012553138
-0.001349473
-0.027727337
-0.012574302
-0.014872889
-0.073257562
0.039516019
0.011374101
-0.020642034
-0.011989696
-0.008707191
0.008707191
-0.003019926
0.056948277
0.004276599
0.016925641
0.042443030
-0.004029596
-0.010825517
-0.011976163
-0.001722644
-0.004839272
-0.002081204
0.016187796
0.001024348
-0.010291667
-0.012142393
-0.008764323
-0.018120972
0.007501386
-0.005352349
0.015619783
-0.035859055
-0.007328687
0.023624565
-0.017757273
0.016319480
0.026620885
-0.007029870
0.001057608
-0.030045080
0.008316772
0.030848051
-0.025461103
-0.008633124
0.040359449
-0.036033589
0.012866530
0.017250914
0.002788352
0.039916703
0.038705983
-0.025416820
0.015392523
0.008736519
0.041646489
-0.031071147
0.025182220
-0.003737101
-0.024318295
0.029298030
0.011728599
-0.003073127
0.015575113
0.011449425
0.012207901
-0.026692215
0.084475326
-0.008978882
0.013716244
0.014626988
0.010357117
0.012127967
0.026174619
0.001303892
0.001302299
0.002858866
-0.007293461
0.027080947
0.027110134
0.013039930
0.016004148
-0.013806634
0.021474971
0.014457019
0.003757651
-0.018214670
0.020322061
0.024721193
0.003872114
0.002497237
0.000000000
-0.003407003
-0.010291771
-0.011793332
0.005335774
0.015610985
0.005678623
0.019069486
