0.001282602
0.004731840
-0.010517092
-0.031033344
-0.015953164
-0.009368344
0.017711777
0.003478183
0.021403960
-0.019802670
0.007041741
-0.012523417
0.014111033
-0.006099099
-0.019066487
0.029781345
0.000000000
0.038587952
-0.006095095
-0.026589204
-0.015156670
-0.008000293
-0.025352047
-0.023196921
0.008953467
0.001113559
-0.030797799
-0.027637774
0.054532644
0.022100152
-0.026018489
-0.000140185
-0.054168338
-0.025033324
-0.012986203
0.022353201
-0.003162708
0.029870647
0.002777883
0.002042044
0.005376723
-0.012688781
-0.004413019
-0.001918593
-0.007412878
0.011834595
0.005865187
-0.014431311
-0.006249065
-0.020355150
0.006377346
-0.008054183
-0.017702200
-0.007326124
0.019827084
-0.014210941
-0.002804081
0.031329378
-0.013241238
0.019420966
0.015797891
0.011238006
0.002789759
0.004389184
-0.002192244
-0.027740349
0.016706714
0.019048395
0.003910919
0.034388237
-0.008416499
0.007158448
0.010158135
0.003731050
0.000000000
0.028553858
-0.018262108
0.013559393
0.023295600
0.038714530
-0.003423552
-0.009315344
-0.013033434
-0.002596698
-0.021270470
-0.005892685
0.039375832
0.033397710
0.005107452
0.007304381
-0.029669883
0.042903774
-0.042903774
-0.006885103
0.015362543
0.023779441
-0.028452076
0.014451893
-0.018638026
-0.067840337
0.039477032
0.038858410
0.009389894
0.012753209
-0.029718805
-0.034950914
-0.003418405
-0.001186219
0.022812757
-0.007243531
-0.005467327
-0.007994277
0.007472058
-0.014072751
-0.007578233
0.029845053
0.001811790
0.008497595
0.012739134
-0.002534962
-0.025317757
-0.002867648
0.016569886
-0.001156051
0.018844391
0.009040738
-0.006772854
-0.008213819
-0.037623226
-0.017276189
0.018855949
0.029167902
-0.020262623
0.009989089
-0.008556072
0.002600646
0.005309753
-0.019433201
0.000921403
0.074032808
0.009848694
-0.001816484
0.011689026
-0.003841250
0.004200567
0.011904823
0.013517746
0.001982886
-0.000699421
-0.037664235
-0.029489633
-0.025384958
0.007772213
0.015240459
-0.007780076
0.018472850
-0.005580776
0.017138632
-0.010445617
0.005543739
-0.001844404
-0.003205276
0.024514932
0.011976197
0.006526431
-0.025879166
-0.008777226
-0.025798414
-0.044708644
-0.000262898
0.023509008
0.005121762
-0.001405832
-0.015725922
-0.001300160
0.005578354
0.014894839
0.020437382
0.011299359
0.044671978
0.015349587
-0.010050210
0.000352283
0.004568629
0.010001298
0.012533864
-0.032047388
0.021478666
0.006209751
-0.027841344
-0.006665178
0.003100134
-0.005970207
-0.030767996
-0.008309026
-0.027011503
0.029499118
-0.015019000
-0.001767024
0.011305099
-0.008025995
0.006901387
-0.009044291
0.006540067
-0.022695095
0.002433595
-0.002690047
0.003329481
0.064842083
0.002752033
-0.010691364
-0.012517688
-0.016150249
0.004216879
-0.013582009
-0.006292537
0.006543461
0.040194556
-0.027978151
0.000247903
0.008142077
0.021393801
0.022005082
0.005748165
0.011745014
-0.034938647
-0.001437614
0.030346571
-0.014055089
-0.013014044
0.021233198
-0.018957919
-0.026054186
0.012808968
0.005439731
-0.005439731
-0.024541040
0.005945042
0.008851753
-0.032847048
0.017553240
0.017250246
-0.051383233
0.009853511
0.030721531
