0.012614712
0.008510759
0.007878487
0.015573228
0.000000000
-0.018942084
0.024445683
0.007654492
0.005431741
0.017718696
0.035549927
-0.001542002
-0.006709796
0.010304229
-0.008751644
0.064570808
0.000000000
0.051026656
0.000000000
-0.024715609
0.005649616
0.038227161
-0.027022462
-0.046077999
0.048859608
-0.029123673
-0.030488760
-0.012858609
0.014331707
0.017027873
-0.000482568
0.027607723
0.017683203
-0.011131845
0.029413822
0.025487638
0.023130043
-0.002591850
0.001296808
-0.016550859
0.017845901
0.028074921
-0.006734050
-0.013605515
0.001283320
0.025745293
-0.004175377
-0.009669945
-0.002538127
-0.020972369
0.010755162
-0.033945755
0.013192687
0.037303384
-0.005486479
0.003379754
0.008400021
-0.024985444
-0.012513568
0.014227444
-0.026899811
0.002635149
-0.003514929
0.026923084
0.010230143
-0.029261963
0.038548678
0.022846382
0.001641232
-0.027433145
-0.036039933
0.018182361
0.032083806
0.012386590
0.002458988
-0.003279899
-0.003290942
-0.032240573
0.039629804
0.002858915
0.004476033
-0.002439078
-0.010638380
-0.017427783
0.034961410
0.000000000
0.095530661
0.057811226
0.003806974
0.040614636
0.024894841
0.023026293
-0.045932985
-0.001988149
-0.034073142
-0.023301308
-0.045715997
-0.157224758
-0.007354576
-0.151620905
0.116715626
-0.002250653
-0.161538664
0.056628540
-0.030490171
-0.005692059
-0.018330014
-0.049847645
0.021435157
-0.008189986
-0.013800895
-0.000556146
-0.010061488
-0.033707893
0.036512958
0.040082240
-0.051349908
0.006212769
0.018410747
0.023491916
0.026639801
-0.005800268
0.026612675
0.013299455
0.003550638
0.047463085
-0.030394423
0.006449947
-0.001484669
-0.008455721
0.028559229
-0.000971272
-0.009765802
0.032821483
-0.019660251
0.011555404
0.025054597
0.004657599
0.017503878
0.012704300
-0.025572078
0.021958704
-0.001811641
-0.005454467
0.005907685
0.016626009
0.034168698
0.003439472
-0.003870239
-0.020457724
0.000879232
-0.026715794
0.010772143
-0.004034939
-0.040335479
-0.004218437
-0.016098861
0.002383728
-0.016807106
0.029112114
-0.013734524
0.005706131
0.016925692
-0.009838441
0.042853760
-0.022349830
0.018282063
-0.015058485
-0.010630980
0.009710958
0.008705833
0.012692770
-0.028325392
0.026521895
-0.014087811
0.006841395
0.021138649
0.035413578
-0.005599875
-0.006935361
0.012105628
-0.005170267
0.005170267
0.003860147
0.047647934
-0.011081610
-0.002065634
0.065236129
0.025627758
0.010518496
-0.003743934
0.090661980
0.018330358
-0.037701547
-0.018685441
0.022868146
0.035870597
-0.006733988
-0.032620945
0.010071240
0.026595517
-0.019022297
-0.029229578
0.020619180
0.037009851
-0.036664005
0.053848830
-0.006574602
-0.018306365
0.029131383
-0.026112759
-0.022351113
-0.033429258
-0.003902915
-0.004989243
-0.047183677
0.018185640
0.031139322
-0.000713241
-0.023462610
0.001831170
-0.023695933
0.015244669
0.033384852
-0.012569804
0.006484234
0.010003579
0.028042612
-0.017786017
0.005963914
-0.042514030
0.016289942
-0.050821010
-0.006443111
0.003416301
0.005291072
-0.007567245
-0.010691199
-0.034364950
-0.016423420
-0.024531074
0.000827540
0.018526235
-0.005711933
0.038527971
