0.009022806
0.001794607
0.005959431
0.011813673
0.000000000
-0.013597795
0.026433443
0.002894297
0.002886065
0.017143098
0.039438835
-0.007654608
0.002192983
0.011434692
-0.012530640
0.058558509
0.000000000
0.030050698
-0.004022180
-0.018302495
0.010717123
0.040781285
-0.027168720
-0.047689228
0.048690177
-0.027899189
-0.020265805
-0.014807195
0.025251154
0.007762005
0.001030343
0.031925745
0.019264714
-0.009339074
0.023909359
0.018156406
0.018762129
-0.000929849
-0.001862149
-0.020240649
0.022567904
0.027964233
-0.009995540
-0.010557773
0.001383445
0.031302122
-0.002683365
-0.009901166
0.012137756
-0.048991259
0.005615413
-0.023608373
0.010929220
0.041199850
-0.015079012
0.001380262
0.012791356
-0.027146875
-0.011257007
0.009856774
-0.024108946
-0.009132434
-0.016062546
0.037085826
0.006127808
-0.035880432
0.041503542
0.018519194
-0.005519841
-0.022388945
-0.027739651
0.019688459
0.035959978
0.018182318
0.007181312
0.005352330
-0.003565020
-0.030367116
0.040582571
0.003528897
0.011383615
-0.016238973
-0.006659292
-0.008050227
0.016919418
0.011413599
0.078463595
0.038397419
-0.012111685
0.030962224
0.020743680
0.022149300
-0.054006333
-0.011627997
-0.023669868
-0.011667827
-0.060042939
-0.147440758
-0.014042336
-0.157776786
0.132199852
-0.016719263
-0.160846736
0.081374723
-0.055113715
-0.015796184
-0.035528766
-0.032895556
0.010437053
0.003239433
-0.018936217
-0.004625008
-0.008646537
-0.031899473
0.061516516
0.049963051
-0.070933556
0.000661957
0.038304000
0.021424830
0.031300477
0.003016630
0.034925243
0.016157100
0.001715861
0.006266164
0.014096643
0.004469357
-0.010647537
-0.019340767
0.030545267
0.008874194
-0.012781388
0.022671719
-0.013208831
0.019204866
0.047236458
-0.001556678
0.020555793
0.015144178
-0.027941888
0.018377182
0.006051559
-0.008583878
0.014598775
0.019792962
0.033721784
-0.003321395
-0.015808822
-0.027908692
0.009881569
-0.037570239
0.022711052
-0.000500375
-0.047664821
-0.005262894
-0.026198086
-0.005431503
-0.035480543
0.034935619
-0.022039569
0.019311056
0.022157018
-0.019428505
0.050475453
-0.026248165
0.024173530
-0.013591478
-0.018592885
0.005347717
0.012718769
0.014117878
-0.040259720
0.024033414
-0.012746009
0.004266672
0.031948246
0.042881770
-0.013422965
-0.005520715
0.013496827
-0.006975768
0.003992125
0.005463136
0.061003241
-0.017391690
-0.004276407
0.083114829
0.041627967
0.009621489
-0.002501043
0.104525452
0.008236659
-0.029130141
-0.029608575
0.018801835
0.036575534
-0.010530329
-0.028765197
0.008523796
0.023261409
-0.012516793
-0.020046925
0.024616540
0.047486769
-0.043694577
0.058083235
-0.013664321
-0.010921148
0.030283415
-0.035053151
-0.033280428
-0.036790078
0.004329780
-0.005119087
-0.043985290
0.034863675
0.027506678
0.007722003
-0.032443678
0.003185988
-0.031505040
-0.004936298
0.051437627
-0.005892826
-0.008308528
0.011455663
0.018677687
-0.023402069
0.008644444
-0.038688722
0.007293416
-0.055189370
-0.006419854
0.000429311
0.002571822
-0.013359459
-0.007839702
-0.038783560
0.011299602
-0.034754285
0.002787988
0.039830942
-0.000461349
0.045554678
