0.007772105
0.013139030
0.007611879
-0.011120112
-0.027203748
0.001967934
0.006206015
-0.002934803
0.006185810
0.021513126
0.019503642
0.010844403
0.009507715
0.015147312
-0.016674608
0.023864581
0.000000000
0.011869644
-0.036957900
-0.040286459
-0.025497573
0.019424325
-0.027300939
-0.025022112
0.042981787
0.001939796
-0.038858984
-0.014544448
0.009832129
0.002358992
-0.007093397
0.003721896
-0.019093732
0.018755963
-0.025664360
0.018204135
-0.007173357
-0.021483963
0.006980891
-0.001740582
-0.003140974
-0.000349461
0.002793314
0.000697121
-0.049278146
-0.018844188
-0.005235552
0.005608629
-0.032591039
-0.041287525
-0.124226779
0.035717845
0.047118092
-0.009670203
-0.030890335
-0.007435003
-0.006164777
-0.022784178
0.016136683
-0.009381214
-0.007207280
0.013024994
-0.018464623
-0.005012665
-0.013799735
-0.008839265
0.001867348
0.026238643
0.038329125
-0.009666102
-0.008424044
-0.003121457
-0.008972621
0.005393178
-0.004942642
-0.004967394
0.050319592
0.052820386
-0.010673455
0.003296227
0.016597609
-0.022426318
-0.014382626
0.008485432
-0.009337921
-0.020246214
0.013828995
0.030017147
-0.005010432
-0.065292287
-0.062693329
0.047384687
-0.047384687
-0.009560270
-0.022833194
0.051710831
-0.083158467
-0.011218819
-0.020202654
-0.049889661
0.023914220
0.022830652
0.021807788
-0.015006629
-0.057956046
-0.028013153
0.016856470
0.003985179
-0.015459835
0.008618206
0.014200691
-0.010204135
-0.021890240
-0.015258501
0.046224292
0.022334822
-0.022899561
-0.011363820
0.000000000
0.029836182
-0.003333503
0.029067176
-0.002164573
-0.018038171
0.028814196
0.018056740
-0.003162824
0.043900620
0.005542908
0.002509573
-0.014134587
-0.009193142
-0.011352010
-0.001038344
-0.006776175
0.038476150
0.014985190
-0.028156704
-0.011282150
0.005657041
0.023315635
0.016890735
-0.010896518
-0.001495216
0.031904550
-0.001450296
0.008670596
-0.020839105
-0.038437562
-0.024209138
-0.028022060
-0.050024163
0.033807590
0.032174474
-0.051987931
-0.007252557
-0.008998804
-0.022858262
-0.046740133
0.029835086
-0.064342636
-0.003139720
0.027908792
-0.007366490
0.029145926
-0.045921623
-0.012610508
-0.005089097
-0.022574393
-0.002612617
0.004567611
0.040196899
-0.000625640
-0.003761747
-0.039069891
0.010396372
0.044255079
0.001853595
-0.003091325
0.018405560
0.021053346
-0.018018571
0.001816622
-0.014011896
0.010982444
0.000000000
-0.347700052
0.103554737
-0.024305376
-0.016000343
0.047252889
0.056089471
-0.014652278
-0.022388997
0.008267600
0.010424613
0.015435715
0.034411956
-0.006362634
0.002125430
0.005645701
0.040681257
-0.000675890
-0.001353151
-0.035841236
-0.002810980
0.030494338
-0.017212057
0.010362861
0.003430535
-0.000685298
-0.027094341
-0.019915265
-0.009382994
0.027888846
-0.018505852
-0.010834420
0.037767258
0.000000000
-0.019061690
-0.009309009
-0.026240638
-0.026947645
0.010566072
0.047645590
0.016329747
-0.024235065
0.011478027
-0.013644829
0.052810661
0.012270122
-0.031661342
-0.021202209
0.001427598
-0.005722507
0.000717088
0.007142888
-0.029615652
-0.002936954
-0.025317826
-0.008330211
-0.019194449
-0.016413098
-0.007117401
0.022755021
