-0.025076814
0.007679315
0.017397499
-0.012795731
-0.014096593
-0.031027272
0.013844699
-0.000577922
0.001617115
-0.016407890
0.015253196
-0.008587737
-0.005844622
0.000468829
-0.029370166
0.019360096
0.000000000
0.014336302
-0.014217986
0.005899876
-0.006728596
-0.020945050
-0.013884006
-0.001718445
-0.005790609
0.005176212
-0.006165409
-0.012445761
0.030464508
0.000364234
-0.004869210
-0.000487943
0.004141973
-0.004264302
0.001220271
-0.014247326
-0.016211844
-0.027790303
0.004900029
0.018732699
-0.001389554
-0.010165277
-0.014277807
0.031748808
-0.011105634
0.012610645
-0.014388896
0.012130580
-0.007690919
-0.014148488
-0.018396589
0.011957444
-0.000258539
-0.010131184
0.001304541
-0.018421475
0.013192854
-0.024665023
-0.019848331
0.026689988
-0.004958885
-0.003094970
-0.027878248
-0.030390790
-0.030458995
-0.013343607
0.029414018
0.010093820
0.019886904
-0.019169971
-0.003590575
0.014853183
-0.017013832
-0.001587383
-0.014840888
-0.010610038
0.008849404
0.004687894
0.022973233
-0.007311572
-0.010413728
-0.041258308
-0.009438449
-0.037081541
-0.026376480
0.015524133
0.014021959
0.064340777
0.032119549
0.009153239
-0.004852318
0.018146378
-0.027488842
-0.044136617
-0.017661947
0.022930254
-0.042318191
-0.013401896
-0.017291399
-0.003073229
-0.003732968
0.012442627
0.040288715
0.051115920
-0.018191836
-0.030305381
-0.011761058
0.016366134
-0.009694902
0.006627208
0.018717733
0.022656951
0.019267969
0.024703109
0.005766075
-0.009298309
-0.034853694
-0.005290215
0.005876018
-0.002346060
-0.031490824
-0.013146112
0.021463744
0.020275003
0.032380201
-0.002861445
-0.021581151
-0.013709796
0.008572200
0.028150543
0.017164717
0.050061953
0.006001959
0.040396441
-0.033769599
0.003955168
0.026616369
-0.018752551
0.001304601
-0.005228622
-0.017184957
0.000000000
-0.011937508
0.003367595
0.019971324
0.015435202
0.002463341
-0.010936272
-0.015035890
0.008337221
0.008137565
0.000000000
-0.002748795
-0.009085532
-0.005704109
0.003320280
0.004101876
0.006187015
-0.005131213
0.033593784
0.017699559
0.017391638
-0.010647508
-0.041034685
0.025227018
-0.006088323
-0.020566200
-0.009788041
-0.014664474
-0.031774511
0.019859282
0.018944180
-0.029913120
0.003533957
0.003386393
0.039896730
0.006604869
0.003093295
-0.009178561
0.000389525
0.008660151
-0.044206075
-0.012180285
-0.010127499
0.022596982
-0.024143419
-0.015724323
0.016828127
0.020340677
0.002159861
-0.019196071
0.020408845
-0.013150109
-0.020821150
-0.061635229
0.000148199
-0.007137656
-0.029070999
0.018419167
0.000000000
0.007513057
0.000000000
-0.040323126
0.015772677
0.011895912
-0.042744276
0.028083009
-0.034113787
0.005239356
0.051689095
0.003752400
0.003738252
-0.015037976
0.000000000
-0.006994021
0.020538417
-0.004494411
-0.005269090
-0.042395571
-0.006319193
0.001583518
-0.007783353
-0.008648349
0.010082529
-0.006389807
-0.003531882
-0.000804458
0.021180814
0.008473354
-0.020681154
0.001753134
-0.022056764
-0.008665113
0.033107503
0.017323356
-0.014309616
-0.008269721
-0.025132510
-0.032373963
0.009285093
-0.029847847
0.022934425
-0.022242165
-0.011134375
-0.000174984
