-0.030483017
0.001586043
-0.001586043
0.012618464
-0.032659215
-0.002432105
0.020884293
0.003966685
0.006314149
0.007056086
0.010878118
-0.003871472
0.000775494
-0.011696040
-0.028641576
0.065597282
0.000000000
0.055140759
-0.020231904
-0.007326040
0.048089639
-0.008444807
-0.028675800
-0.017608672
0.012504760
-0.020680205
-0.030305349
-0.010827639
0.024578810
0.012815856
-0.001499251
0.001499251
0.000748783
0.036020065
-0.007246409
0.036419591
0.006988149
-0.022536165
0.014144507
-0.038659073
0.007272759
-0.014598799
-0.026072240
0.018692133
-0.012672551
0.005237573
0.011869576
-0.008145176
0.009619016
-0.017081737
0.005229747
-0.026426604
0.001529052
0.002289204
-0.004583660
0.000000000
0.012932854
-0.012932854
-0.025592711
0.032460346
-0.026976588
0.002341008
-0.030869091
0.050931493
0.038221213
-0.004421525
0.015390557
0.021583572
0.002842930
-0.008553153
-0.008626941
0.006477173
0.014952219
-0.007092228
0.016937596
0.004886572
-0.012614043
-0.030066689
0.025826400
0.016854332
0.033553302
-0.004048589
-0.005423742
-0.021994014
0.015856933
0.005457039
0.000000000
-0.007511131
-0.003432890
-0.018043515
-0.015526071
0.011315538
-0.017737251
-0.022440319
0.018854801
0.068034558
-0.039704051
0.009037253
-0.016044990
-0.050479354
0.016141216
0.005081681
0.009369438
0.038696351
-0.044451763
-0.031515983
-0.048045840
0.063561481
-0.023739987
-0.009049836
0.011299555
-0.010542266
-0.013719727
-0.036737230
0.072172524
-0.021715567
-0.016024761
0.006134989
0.029380644
0.019118229
-0.042401294
0.029204621
0.039788250
-0.017167804
-0.012341354
0.000730194
-0.008797711
0.008067517
0.022391690
0.004276557
0.043152137
0.000680967
0.020883211
-0.006018072
-0.012825015
0.021506205
0.015176801
-0.009210591
0.003299244
-0.009265453
-0.031062592
-0.012422520
0.018576386
0.012195273
-0.003372684
0.003372684
0.027890254
0.003269045
-0.007863736
-0.043704434
0.023098853
-0.045337435
0.011875794
-0.017513582
-0.016387969
-0.005041422
-0.019687111
0.015345570
-0.013873899
0.017493157
-0.013823429
-0.022223137
0.030975928
-0.018322242
0.015413149
-0.027318052
0.063087244
-0.026345418
-0.020408872
0.008797711
0.020946956
-0.007173632
-0.017429635
-0.002934705
0.016758134
0.000722282
0.024956732
0.024349029
-0.006896579
0.010327114
0.021681066
-0.021681066
0.022351083
-0.012807725
0.015483312
0.000667780
-0.008716113
0.000000000
0.023295563
-0.015247229
-0.004686985
0.011344800
0.035205722
-0.020058906
0.003913899
-0.010471300
0.032365285
-0.003189795
-0.001918773
-0.004491506
0.021629342
-0.002520480
-0.055786188
0.017851714
0.030970217
-0.007013099
0.032727905
0.030490167
0.002399581
0.006569029
-0.021661376
0.013893246
-0.023673275
0.012210102
-0.007919627
0.009738361
0.023347364
0.038309909
-0.009728260
0.021616371
-0.001689665
-0.025115533
-0.021028695
0.033665337
-0.002285715
0.006841532
-0.009132426
-0.038578715
-0.025959863
0.015174798
-0.021309787
-0.002464635
-0.025618334
0.031155106
0.004895971
0.001220317
-0.009188426
-0.016129382
0.016129382
0.021309787
0.001805538
-0.013317328
-0.012262631
0.003079830
0.044505240
