0.013528308
0.014202933
-0.014636425
-0.004781483
-0.008313332
-0.002199327
0.021347014
-0.018269290
0.031117474
0.018967898
0.026371449
-0.009808080
-0.014894611
-0.019786082
-0.035045772
0.062306995
0.000000000
0.035761581
0.003586367
-0.013616758
0.038755553
-0.012097807
-0.002751984
-0.015873440
-0.012477459
0.003638564
-0.012997788
-0.023579182
0.045015764
-0.013698807
0.004048561
0.007246391
0.017889563
-0.005135263
0.020772889
0.015778653
-0.003442336
-0.004608318
-0.001540916
-0.009295218
0.006593164
0.006165586
0.016006492
-0.007590271
0.051959872
0.061368948
0.010152370
-0.030771724
-0.015395665
-0.009566038
-0.013981255
-0.007610154
-0.012445222
0.027608018
0.010337054
-0.014286112
0.021353122
-0.014184537
0.003920797
0.023731891
-0.014731942
0.017513547
0.020619335
-0.011976169
-0.001377814
-0.007265352
0.027061146
-0.005421864
0.003392009
-0.001355368
-0.016755418
0.001034008
0.022480537
0.001009785
-0.014915411
-0.009608918
-0.008658027
0.032509302
-0.006417875
-0.048959673
-0.007501339
-0.033172417
-0.014936782
-0.001882740
-0.024419502
0.017232009
0.019177017
0.003346356
-0.035900273
-0.031661754
0.022384424
0.015032250
-0.052220062
0.013213402
-0.000795719
0.054988606
-0.020171898
-0.015888680
-0.032555579
-0.038252627
0.023208600
0.013024143
0.049694895
0.017922166
-0.062373928
-0.035206321
-0.029600547
0.029600547
-0.037788332
0.014178535
0.019434494
-0.026283828
-0.027876517
-0.007092086
0.062506862
-0.030980555
-0.044060119
0.027544960
0.012628254
0.046500316
-0.043475873
0.021763187
0.004432665
-0.026042068
0.014172508
0.004255167
-0.014973307
-0.016515152
0.025098705
-0.040554945
0.018082141
0.036476951
-0.014431638
0.043912671
0.010582207
-0.006091552
0.030092575
-0.026027516
0.037033903
0.002732851
-0.008613947
-0.024279918
0.006025242
-0.050092492
0.008385820
-0.009649750
0.046136587
0.021900188
0.000000000
-0.031202417
-0.024682614
-0.033456364
0.013687177
0.002545601
-0.035363652
-0.007048625
-0.012455707
0.009356351
-0.047682163
0.047238690
-0.048169415
0.019820914
0.038939955
0.006126793
-0.016274774
-0.050943379
0.004655611
0.012462636
-0.041682487
0.022695976
0.022649475
-0.006879135
0.005049331
-0.004129355
-0.037475181
0.009501289
0.053843247
0.030011074
-0.009611119
-0.003518080
0.038033818
-0.034076980
-0.013695776
0.006650299
0.018823040
-0.010608231
-0.039906624
0.046478450
0.069574909
-0.024743426
0.008316021
0.047310198
-0.022365144
-0.024531096
-0.002486489
-0.004157993
0.051168203
0.011415184
-0.023362788
0.022187951
0.020555248
-0.007707018
-0.023484504
0.029270416
0.023566267
-0.012474221
0.054407617
0.035041547
0.004165153
-0.012898761
-0.003515034
-0.026763376
-0.037962926
0.012691375
0.009965106
-0.015544341
0.000745649
0.033354839
0.022456868
-0.004592909
-0.014624927
0.002512081
-0.011173262
0.014751285
0.000713970
-0.007163324
-0.033257310
-0.013091623
-0.007179210
0.004917658
0.022389050
-0.001107754
-0.009651081
0.015544341
0.024665732
0.001432211
0.012444517
-0.020707710
-0.003613939
0.007574367
0.010199518
0.032283355
-0.005540128
0.006920464
0.025533326
