-0.018081521
-0.019614294
0.011340045
0.020267988
-0.013761089
-0.020250714
0.013150225
0.005920694
0.000590211
0.005002131
0.052041391
-0.017142398
0.003678093
0.001128847
-0.013346737
0.025682195
0.000000000
0.008600451
0.009622083
0.009259339
-0.013921388
-0.000549850
-0.026192662
-0.027767606
0.010970170
-0.009230140
-0.015771230
-0.018719891
0.059953969
-0.000565195
0.009003951
0.001679186
0.018013651
0.005204645
0.008705122
0.017452585
-0.003199174
0.022443110
-0.017116768
0.014764143
-0.013171858
0.005553409
-0.012472035
0.007978771
-0.003183812
0.012412633
-0.006055003
0.012855996
-0.006013839
-0.005786489
0.012060902
0.001302263
-0.007839084
0.016391749
-0.004915269
-0.014366214
0.018765190
-0.090185241
-0.036838618
0.025757389
-0.017291418
0.009259396
-0.013629399
0.003206557
-0.007302526
-0.018045140
-0.004187862
0.018414461
0.003525326
0.001465182
-0.025805949
0.011056525
0.010347360
0.011405295
-0.002912050
0.013325847
-0.000575740
0.012020813
0.012159037
0.003366944
0.014028561
-0.018949670
-0.014598861
-0.004421574
-0.042854989
0.010734573
-0.001831932
-0.062747185
-0.062090119
-0.030944784
-0.010050334
0.009335820
-0.013674173
-0.045588727
-0.020690496
0.016510324
-0.012646275
0.006534671
0.003824152
-0.020436454
0.008919964
0.009606223
-0.025170685
0.009367685
-0.033178394
0.004008079
-0.004811585
-0.031852428
-0.009589389
0.005431319
-0.029171389
0.007266582
-0.019785525
-0.005663374
0.027151095
0.024360682
-0.042812206
-0.012639159
0.017822698
-0.017384214
-0.012795124
-0.000888552
0.034508848
-0.001718977
0.003434916
0.015312936
0.000422101
0.025001194
-0.023736304
-0.003376918
0.007162488
0.004607383
0.012871211
0.035660238
-0.029081298
0.020284674
0.000000000
-0.003218029
0.043750867
0.005000907
-0.005000907
-0.015938152
0.005470900
-0.026057506
0.006776939
0.003965170
0.037285814
0.009485900
0.000377636
-0.012153607
0.020049887
-0.065787738
0.023325778
0.013970042
-0.000385496
-0.012803245
-0.018522783
0.001192644
-0.013197559
0.031308270
-0.049180404
0.015857256
0.012427495
-0.003991997
0.003991997
-0.031980043
0.003695292
-0.020704633
0.008333374
-0.006243500
0.022704804
-0.010256543
-0.012865869
0.020670436
-0.022342701
-0.012631757
0.023451657
0.016420715
-0.026822308
-0.005451818
0.033494918
-0.024286103
0.008711961
-0.016240165
0.019950735
-0.029653394
-0.011082837
0.074720079
0.018522783
0.011260012
0.016845775
0.065392337
0.013422997
-0.041187549
-0.006235079
0.010248915
0.004360498
0.017966709
-0.030371093
0.024298602
0.013876721
-0.003539805
-0.016807160
-0.001443469
0.003964649
0.017825786
-0.021068440
0.008623892
0.002501322
0.020488183
0.000699031
-0.016558461
-0.034330342
-0.005160350
0.023014729
-0.007612887
0.005805541
0.011510864
-0.007539021
-0.003610127
-0.004712653
0.005435766
-0.000723113
0.026763421
0.012944023
-0.002087678
-0.016860280
0.008114342
0.001755390
0.005945073
-0.004192867
0.009409385
-0.012565613
0.021543562
0.061008762
0.009655666
-0.018752610
-0.013140748
-0.006302897
-0.008689849
0.026827206
-0.002617807
0.006857185
-0.001302493
0.026050674
