-0.012693312
-0.001808264
-0.004664446
-0.014388615
-0.005151507
0.013025601
0.025298045
0.003054236
0.024599826
-0.008216232
0.024448706
-0.010915734
-0.026111805
-0.008900100
0.004332828
0.029692137
0.000000000
0.014582608
-0.002436062
-0.008696124
0.010523919
0.010293500
-0.024391539
-0.032242444
0.034462267
-0.023556897
-0.022576165
0.010650244
0.018086911
0.013446360
-0.022006591
0.016301654
0.020923743
0.014030267
-0.004092128
-0.006412053
0.008460045
-0.007125956
0.021346428
0.006150864
-0.015448791
-0.036465333
-0.006354760
-0.103972608
-0.029558708
-0.016274589
0.031866550
0.010771661
0.008451671
0.007148855
0.010628298
-0.033770719
-0.011704367
-0.030239859
-0.002195436
0.014112498
0.003892921
-0.021675049
-0.003683357
0.025502335
-0.024973094
-0.008458834
-0.010788252
0.037985707
0.026477448
-0.017956890
0.054784139
-0.004600304
0.002877720
-0.010108436
-0.014620130
-0.014090032
-0.006744100
0.018622521
-0.003696817
0.026172987
-0.014390786
0.012512826
0.003464247
0.022793008
0.013986104
0.013930440
-0.005631563
0.043133594
-0.019326692
-0.027461636
-0.046906856
-0.001216547
0.002735170
-0.048661159
-0.044133234
0.014709784
-0.048060376
-0.011949214
0.025457181
0.036191651
-0.029927388
-0.007623866
0.001529354
-0.057667908
0.008419213
0.038664924
-0.004644434
0.040546114
-0.047119426
-0.097829804
-0.128486083
0.059971524
0.031274609
-0.001590439
0.002384829
-0.040507861
-0.033416949
-0.042345947
0.053186689
-0.021584265
0.013091721
0.034576381
0.022404260
-0.000402880
-0.006671399
0.014098972
0.039220658
0.011189122
0.004750555
-0.004941049
-0.026055744
0.042307095
-0.018540167
-0.024549291
-0.014984548
0.031481736
0.038887457
0.039747568
-0.050170106
-0.018124000
0.044526334
-0.034857089
0.009389747
0.019252772
-0.028453859
-0.013484209
0.000000000
-0.021256779
0.034552327
0.008641828
0.019266960
0.017821928
-0.000360611
-0.004699060
-0.001268855
-0.018675091
0.030037720
0.031423621
-0.005926426
-0.003502629
-0.017699666
0.001962424
-0.019980925
0.007065886
-0.045050982
0.010333624
0.011706880
-0.028482344
0.007574377
-0.011955729
-0.009013337
0.024546887
-0.032476609
-0.078748986
0.026740051
-0.043689626
-0.064652496
-0.049291868
-0.028170848
0.001230842
0.053873040
0.020990180
-0.030357926
0.032865632
0.038852909
-0.003510342
0.006571751
0.013015387
0.002152749
-0.010810832
-0.010050278
0.042138525
0.043462735
-0.009926064
0.028103024
0.088593615
-0.003447966
-0.049563108
-0.009982790
-0.491652403
0.078828646
0.004944185
0.050349921
0.047146738
-0.015915449
-0.010752817
-0.050440152
-0.005129710
0.052863632
-0.024692735
0.048790062
-0.014657104
0.012008196
-0.019012466
0.001620679
-0.006227140
-0.002175142
0.011636012
-0.004584132
-0.008141023
0.002720957
0.032088332
0.032365348
-0.008957252
0.011755782
0.024841342
-0.017500346
0.063513327
0.006134928
0.020950493
0.018034980
-0.018265366
-0.029224613
0.038399011
0.006825951
-0.027354801
-0.016684759
0.034927882
0.003198498
-0.006636951
0.008004767
0.024748100
0.010170365
-0.001320658
0.006148307
-0.014998014
-0.033901576
-0.011560831
0.017748583
