0.000757323
-0.004552409
0.008330290
-0.013667630
0.001527953
-0.023948740
0.003901698
0.003110483
0.023783135
-0.035497570
0.007824797
-0.002340953
-0.001563712
0.001563712
-0.010997846
0.022648430
0.000000000
0.033412394
-0.005992489
-0.011333751
0.025507752
-0.002224643
-0.008948625
-0.024261995
0.067508005
0.016364654
-0.031543855
-0.014673760
0.058840496
-0.018284645
0.000000000
-0.021521571
0.015113652
0.006407919
-0.008553025
0.018440121
0.008397549
-0.016866214
-0.000708855
-0.004976981
-0.001426451
0.007112287
-0.003549821
0.032193134
-0.004832671
0.013063188
0.003409425
0.000680534
0.002717306
-0.003397840
-0.004092819
-0.016540661
0.011744554
-0.018718111
-0.008432885
-0.008504677
0.023215990
-0.016123806
-0.012086848
0.029600499
-0.020344492
0.043681096
-0.027511948
0.017968650
-0.003430549
-0.004822612
0.014398618
0.005431142
0.006074870
-0.006752177
-0.005434761
0.021564111
0.021761524
0.016176345
0.000641672
0.005118275
-0.001916276
-0.010282868
0.027398901
0.002511036
0.000000000
-0.029909936
-0.005181326
0.006472540
-0.000645465
0.022974833
-0.063823673
-0.017639563
-0.032698465
-0.027060030
0.008740050
0.037014962
-0.065703957
-0.007490590
0.003752347
0.023687188
-0.015481285
0.011082484
-0.007374659
-0.048531205
0.020000700
0.021101056
0.038044151
-0.023975111
-0.019302708
-0.004507939
-0.006800204
-0.022231593
-0.020360956
0.008664845
0.003132374
0.019358006
-0.016235493
-0.015711152
0.025020850
0.009223749
-0.016975720
0.002331892
0.018462081
-0.029391176
0.007818722
0.001556356
0.024578887
-0.009912450
-0.003838695
0.012232528
-0.004569661
0.009118535
-0.006831172
-0.002287363
0.020401084
0.007451670
-0.009698004
0.011922606
-0.011173216
0.018553319
-0.033648011
-0.038764597
0.018794701
0.020730109
-0.035921532
-0.007168485
0.004784722
-0.013616604
0.011227065
-0.003194880
-0.016129326
-0.003257320
-0.028124296
-0.018628798
0.000854268
-0.031225325
0.001760513
0.030318523
-0.013745959
-0.006073816
0.004342176
0.031559121
0.006694563
0.010783996
-0.019159268
0.015025399
0.010712817
-0.009884725
0.027756912
-0.021978892
0.011456755
-0.015580479
0.011503826
-0.022305743
-0.006705871
0.001680709
-0.016081521
0.023609783
-0.008368263
-0.012685180
0.016878065
-0.015177347
-0.017138408
0.019684074
0.001693432
-0.011914950
-0.000856637
-0.003433468
0.027143304
-0.018581680
-0.011144461
0.012848076
0.034298625
-0.018257748
-0.020305196
0.032789856
-0.022585722
-0.015345472
-0.018206010
-0.012324191
0.008818503
0.003505688
-0.012324191
-0.010685728
-0.010801147
-0.002718684
-0.031338908
0.006532969
-0.011225713
0.016791617
0.079971400
-0.010300485
0.046363117
0.034011381
0.000795879
-0.036456101
-0.022529099
0.018395231
-0.016708938
-0.046560017
0.042338899
0.002534825
-0.013594132
-0.018998735
-0.007877497
-0.017730989
0.017730989
0.040470364
0.015906581
0.000000000
-0.015063037
0.000000000
0.000842748
0.005879943
-0.020305196
0.010204135
-0.027445968
0.017241834
0.021142384
0.010819898
0.012340777
-0.021488397
0.042524740
-0.024312338
-0.015709302
0.006644520
-0.003316741
-0.033786879
0.017880298
