-0.009923086
0.011610516
0.002073157
0.006965034
-0.003863600
-0.007771935
0.003893574
0.002199648
0.002839412
0.002059967
0.008580514
0.006102193
-0.002410929
0.005953437
0.005290396
0.017558534
0.000000000
-0.004205971
-0.015364686
0.006399436
0.019692330
0.003794573
-0.011180118
-0.019839792
0.008158174
-0.001250834
-0.021506169
-0.011705019
0.013876679
0.008006610
-0.003169597
-0.000507982
-0.000381273
-0.001780996
0.001272452
0.007979230
-0.021678955
-0.014936343
-0.014233187
-0.015247142
0.011672036
-0.010291714
0.001102934
0.004673369
-0.002746417
0.021225269
-0.010828376
-0.007376159
-0.000960106
-0.014096549
-0.011900619
-0.000281695
-0.007352948
0.004813732
-0.011078226
-0.011057674
0.001875460
0.002590997
0.013423177
0.005939803
-0.008780747
-0.023022630
0.005660814
0.000144664
-0.001448198
-0.008733538
-0.005865189
-0.014815074
-0.010502672
-0.005141489
-0.026266740
-0.027615220
0.018389903
-0.016791213
0.011909662
-0.005540138
-0.038015124
0.006082062
0.008810628
0.006799446
-0.024995163
-0.005474009
-0.107173416
-0.000185164
-0.018692039
-0.008526887
-0.008408224
0.026324784
0.009672700
0.019976870
-0.020717596
0.008485519
-0.024545699
0.027114140
-0.061197362
0.019290625
-0.043141155
0.005371521
-0.035133823
-0.031523275
0.058688919
0.000000000
0.027809650
-0.003507421
-0.032536041
-0.007895635
-0.018048060
0.009474783
0.017275185
0.026837924
-0.042679022
-0.008015678
-0.030591083
0.010582079
0.024949352
-0.043220518
-0.031361432
0.016021418
0.010611785
-0.001724757
-0.047280821
0.022593585
0.016235596
0.001522160
-0.000434634
-0.004357357
-0.000655177
0.019258350
-0.023198871
-0.001976029
-0.003522658
-0.054618829
-0.018573454
0.013201500
0.010715205
-0.008142308
0.011380788
-0.034538761
0.045563243
0.027485378
-0.039665190
0.011037108
0.011142877
-0.084178465
-0.023647548
0.072847674
0.056455580
-0.016289462
0.026200429
-0.015459692
-0.028215404
-0.040273866
0.019620246
0.048230356
-0.030164653
0.032675815
-0.023530511
0.003727917
-0.031658740
0.032356037
0.001161463
-0.016382313
0.025624403
-0.018336308
0.016033769
-0.046717537
-0.005571165
0.031794252
-0.059125700
-0.018899371
-0.003312569
-0.009488376
-0.013228163
0.003388551
-0.010200135
0.004982265
0.027858427
-0.003823118
-0.004094223
-0.029402403
-0.028661431
0.005420136
-0.008141205
0.045541065
0.001040867
-0.029561344
-0.000803976
0.048407065
0.023227537
-0.005003775
-0.003014255
0.065010030
0.029041405
-0.051691024
-0.030605925
-0.037749954
0.025995467
0.022142885
-0.026428788
0.009304643
-0.004012944
0.005513662
-0.020962966
0.052938246
0.028399393
-0.019002895
0.083247321
-0.023893092
0.000000000
-0.029585967
-0.006070463
0.025206547
-0.056366264
-0.021984103
-0.001977878
-0.022776588
0.046738568
0.054308953
-0.002291028
0.043314295
-0.002859335
0.004395577
-0.007705008
0.018610246
0.023581021
0.025518995
-0.024460307
0.006959896
-0.011626826
0.005724542
0.035106004
-0.019998646
-0.013206393
0.021708281
0.031903535
-0.014098937
0.008281978
-0.004233422
0.006042350
-0.006042350
0.020792490
-0.018774342
0.011824997
0.026736423
0.031506193
