0.032789885
0.054915491
-0.043887864
0.010907345
0.010789856
0.000000000
0.052268276
0.020165668
0.025090937
-0.030550382
0.017187160
-0.019928101
0.044730005
-0.015873217
-0.048257039
0.052691574
0.000000000
0.009687303
0.012195370
0.002594087
0.023891935
-0.013582622
0.008510831
-0.038001291
0.029490460
-0.008583623
-0.023551138
-0.008865273
0.063814738
0.013278271
-0.000824731
0.001648782
-0.003300287
0.004123575
-0.011589456
0.015696348
0.044095274
-0.007874188
-0.026433134
-0.043124329
-0.039763381
-0.017793997
0.040462924
-0.028860811
-0.021525559
0.013507812
0.015091154
-0.009738944
0.008857421
-0.017793997
0.000897251
-0.050585540
0.032485475
0.024358471
-0.011654119
-0.012704353
0.006372351
-0.019240184
-0.011162941
0.021287326
0.000915412
-0.019400251
-0.020735994
0.007590257
-0.014279152
-0.036119097
0.004957799
0.009842663
0.031809957
-0.001899212
-0.047697727
0.020721029
0.077033442
0.034654610
-0.017621534
-0.023382492
-0.022079988
0.012939190
0.015333299
-0.026692782
0.016651638
-0.006442751
-0.022409845
0.036165162
-0.020239847
0.008329622
0.020976555
0.004502343
-0.009932253
-0.015546645
-0.044284289
0.047964106
-0.009225244
-0.010246928
-0.027529016
-0.015519153
-0.037853112
-0.025708387
-0.063428095
-0.076073398
0.024838498
-0.036887072
0.069073758
0.064609291
-0.027958831
-0.029886133
-0.069795712
0.023810631
-0.051912605
0.028101974
-0.008469531
-0.032101422
-0.067470513
-0.008086209
0.017438348
0.019750528
-0.054936865
-0.013869837
-0.001397609
-0.005610051
0.005610051
0.038413500
-0.014915505
-0.012371296
0.069453858
0.058877354
-0.015941427
-0.006199706
-0.020101214
-0.045432892
0.088890907
0.010876367
0.001201188
0.043459570
-0.033901536
-0.005963103
0.054696581
-0.001133132
0.022422559
0.025179163
-0.013057824
0.002188050
0.001092398
-0.032171367
-0.009060100
0.019155647
0.009994420
-0.024609814
-0.011389636
0.007986380
-0.031162370
-0.075461620
0.023736400
0.019560435
-0.040771609
0.008788538
-0.007528184
0.052740529
-0.045212346
0.017348700
-0.014851720
0.017305558
0.013390442
-0.009720628
0.016949619
-0.030471621
-0.001238377
-0.006214992
-0.001247774
-0.016362806
0.007585417
-0.008855244
-0.061578052
-0.013605641
-0.026372096
-0.015592067
0.083552940
0.049978344
0.042820148
-0.036589540
0.052038281
-0.022660476
0.013181836
0.001189755
0.002375272
-0.013134494
-0.036723802
0.058127597
0.043735386
0.022272732
-0.006629786
0.103140693
0.000999489
-0.076801106
0.004305664
0.037939228
0.024515977
-0.003031906
-0.022518826
0.004132192
0.074476089
-0.024214190
-0.050261898
0.020408857
0.016032537
-0.002986631
0.032371679
-0.007752089
-0.015686525
0.006893108
-0.025846187
-0.012158276
-0.011276473
0.032457369
-0.032457369
-0.030352920
-0.028019098
0.067607592
-0.047055006
-0.014016576
-0.016420662
-0.049784064
-0.010495727
0.022029871
-0.003446261
0.032826928
0.040376461
0.045985035
-0.042781542
0.011658722
-0.020224099
-0.032789794
-0.033901637
0.005730728
0.067391523
0.030512611
-0.028378054
0.042781542
-0.019598248
0.010362674
-0.047502243
-0.004333764
-0.006536010
-0.016529121
0.024150306
