-0.006010293
0.004090814
0.015489558
0.021983923
-0.003708010
-0.014028593
0.019354573
0.005757104
-0.001838651
-0.027284050
0.019895426
-0.006743521
0.000466640
-0.005378189
-0.041164091
0.020554462
0.000000000
-0.008412472
0.011041844
-0.010076767
-0.000482435
0.008169208
-0.023975061
-0.011090771
0.051206750
-0.018057179
-0.002881106
0.009809838
0.058044295
0.031840031
0.001739412
0.009083203
-0.020444517
-0.015723876
0.019233432
0.008937523
0.028243228
-0.001477915
-0.049371458
-0.013407961
-0.015873415
-0.001143504
-0.004817007
-0.003529148
-0.032976567
0.015318639
0.008514734
-0.007802289
0.011094092
-0.004705799
-0.002361388
-0.028778968
0.012092045
0.021403918
-0.013502419
-0.007901499
0.009569460
-0.027517958
0.016505249
0.016000259
0.018542970
-0.003027837
-0.007492428
0.016317382
-0.011861890
0.004901311
0.043063975
-0.004470284
0.003801004
0.003786634
-0.009830308
0.030730862
0.033190020
0.007344586
-0.004190247
-0.002733192
0.016908951
-0.007479857
0.015520249
-0.007212820
0.006596604
0.000821537
0.007771001
0.012349600
-0.009298638
-0.001015967
0.021320214
0.022627651
0.023648137
0.030685251
0.006977627
0.022615182
-0.009345867
-0.011075932
-0.032850708
-0.012531026
-0.007671698
0.009961774
-0.018857604
-0.007996072
-0.017979354
0.009326379
0.041209000
-0.004559275
0.022777480
0.042629428
-0.030788398
-0.066146058
-0.000786412
0.016577750
-0.002905639
0.003098967
-0.051181302
0.001627014
-0.018665304
0.010503652
-0.033329507
0.016803604
-0.017863259
0.024713317
-0.003938152
0.018926640
0.010541356
-0.016878900
-0.016542990
0.001458488
0.034179151
0.012795060
-0.016221461
-0.013619495
0.032023708
-0.002778887
-0.006180858
0.013902908
0.014684570
-0.040052957
-0.014467931
0.017901231
0.033894855
0.008538707
0.019707907
0.012614319
0.016329942
0.009343296
-0.032996454
-0.004154956
0.022912467
-0.002858449
0.006657143
-0.006657143
-0.010744577
-0.002510885
0.010962703
0.009139420
-0.045563722
-0.013782281
0.021489048
0.012519726
0.005621824
0.029898428
0.000937628
0.014884070
0.027683356
-0.000359253
-0.007756889
-0.011840943
-0.017562167
0.007987411
-0.038665807
0.002880501
0.025183532
-0.004873468
-0.011908297
0.016220669
0.006154976
0.026061339
-0.002902760
0.040938249
0.021394915
0.012553142
0.028091235
-0.013365383
0.032682647
-0.035843834
-0.008871060
0.005699932
0.009649085
0.013158068
-0.020636308
-0.019369060
-0.022530783
-0.007682996
0.011329132
-0.031871735
0.010501138
0.020850480
0.000520118
0.018884647
-0.039901200
0.000530815
0.032030589
-0.028146386
-0.041740184
0.003301562
0.017966131
-0.046006275
0.014396828
0.051376826
0.013834403
0.000521586
-0.005228297
0.006270705
-0.009946858
-0.042452832
0.003652899
0.025559383
-0.019923481
0.017788664
-0.013988804
-0.015286922
-0.009026459
-0.070725952
-0.004578469
-0.003998426
0.046574668
-0.005752633
0.015267453
0.024507858
-0.022993816
-0.001514043
-0.009514820
-0.019500531
-0.021480774
0.007936490
-0.004555797
0.004555797
0.005518402
0.007245679
0.003700442
-0.028193115
-0.004007158
0.020860992
-0.008292288
-0.018811822
0.029852963
