-0.012111414
0.020037589
0.004645195
0.007627378
0.012913590
-0.025996219
0.002832239
0.017224523
-0.010379354
0.011569993
0.009475101
-0.003739817
-0.027185361
0.018072870
-0.004987513
0.044973254
0.000000000
0.012162813
-0.004353951
0.009816886
0.011580217
0.007216340
-0.014672003
-0.012235536
0.037726389
-0.015253451
-0.020013684
-0.026612118
0.020167521
0.010404278
-0.002260862
-0.008523529
-0.002475960
-0.011121757
-0.018095858
0.026544264
0.002291973
-0.016930071
-0.017419001
0.023994210
-0.004830613
0.015757320
-0.009578452
0.006332145
0.000573733
-0.005751660
-0.012576282
-0.017678804
-0.000594589
-0.020635788
-0.000404946
0.007866993
-0.009488350
-0.006103805
0.001019963
-0.007777600
0.020740987
0.008217253
-0.012048312
0.018018501
0.004948097
0.004137558
0.008418999
-0.005670153
-0.008071724
-0.004953980
0.014397208
-0.003727161
-0.030532259
0.001851907
-0.002081031
0.027534154
0.000810329
-0.001418599
-0.008349609
0.000817873
0.006314200
-0.005293048
0.008941241
0.005447432
-0.011331505
0.000813533
-0.021165971
-0.011278086
-0.004420618
-0.002957965
-0.007646593
0.004679780
-0.002337165
-0.015218488
0.014367216
0.020441079
-0.027062992
-0.022979592
-0.013023004
0.005097117
-0.011337227
0.014867490
0.007679697
-0.029501741
-0.000450427
0.024472749
-0.000659423
-0.008170707
-0.020609904
0.018390267
0.009510304
-0.003528203
0.001324532
-0.001766475
0.008143532
0.016737835
-0.003022561
-0.006072373
0.000652351
0.009734961
-0.037061576
0.016397439
0.006571759
-0.017399416
-0.000444345
0.000666657
0.015866272
-0.010065481
0.004430688
0.001325260
-0.005533994
-0.007351962
0.003571258
-0.003795027
-0.004932650
-0.004054173
0.004278770
0.015829129
-0.022141127
0.000678134
0.001129330
-0.018453536
0.001608306
-0.005986949
-0.021004071
-0.003070627
-0.022731083
-0.006312342
0.009935942
-0.003623599
0.005550915
0.017416559
-0.018138993
-0.013823428
-0.002934520
-0.008856311
0.014960502
0.002916934
-0.007308269
-0.010569167
-0.008935306
0.001743914
-0.008749067
0.003508823
0.001999234
0.012900401
0.007122728
-0.002941132
0.003919571
-0.017511873
-0.004238746
-0.013078827
0.000253281
-0.003041979
0.039328209
-0.007349448
-0.017111427
0.019076396
-0.016079466
-0.002996930
0.009212041
0.002856084
-0.014295155
0.019443051
-0.001027539
-0.018415512
-0.004197411
0.023897113
0.028840967
-0.022699544
-0.010256452
0.024943978
0.020403834
-0.016139444
-0.020228155
0.030190939
-0.029680491
-0.017252680
-0.005208335
-0.018711859
0.005570977
0.005277019
-0.003955030
-0.000528569
0.015475576
0.000780650
-0.024484610
0.012711983
-0.000789670
-0.007666967
0.134161461
0.003012544
0.036574183
0.000445861
-0.005589622
-0.017871722
0.000456461
-0.007557785
0.001608048
0.017292751
0.008982824
0.025820697
-0.019802684
0.027398970
-0.010869675
-0.001093421
-0.003287715
0.026003583
0.000000000
0.000000000
-0.015955602
0.006499355
-0.008021872
0.014908095
0.000857332
0.001926550
-0.003642204
0.006631922
0.001065459
0.020032350
0.012448157
-0.024630712
0.042212801
-0.040607281
-0.001504179
0.010695283
-0.001064314
-0.029614174
0.014159840
