-0.015303926
-0.009787397
0.004088893
0.008133139
0.016064865
-0.007997608
0.019091916
0.007455692
0.006627745
0.011973674
-0.005775540
-0.013995908
0.013609221
-0.011265540
-0.029330680
0.001609420
0.000000000
0.004407116
-0.032510731
-0.008715337
-0.012575005
-0.008477585
-0.032433863
-0.011049502
0.029775623
-0.012153623
-0.029695134
-0.014045527
0.043740661
0.022025939
-0.023338232
0.004361954
-0.000866499
-0.004809415
0.006546870
0.036722785
0.012916245
-0.015011583
-0.016522126
-0.005568638
-0.005599879
-0.016990049
-0.001760824
-0.006624933
-0.005330556
0.024205069
-0.004356130
-0.008775114
0.015304927
0.002163208
0.004318278
0.000431457
-0.007781862
0.005196527
0.002153877
-0.008220136
-0.014568343
-0.017850083
0.008521109
0.009328975
-0.012910357
0.000000000
0.000448323
-0.004036792
-0.021817156
-0.021369779
0.009349115
0.005102359
0.011501612
0.008651102
0.004529654
0.004502909
-0.002702946
0.011202934
0.020731910
-0.003934442
-0.004836642
-0.021360945
0.046839094
0.000557659
-0.008400930
0.012852855
-0.023028131
-0.022989439
-0.016413044
-0.003552565
0.004733673
0.046707974
0.002250955
0.005605463
0.038919533
0.025479067
-0.020652077
-0.021087596
-0.020425737
0.006116357
-0.001109332
0.043437850
-0.006396415
-0.056089688
-0.017689399
-0.010998737
-0.007595685
-0.014771314
-0.024097596
0.035932075
-0.034104332
0.004251438
-0.026406203
-0.011264206
-0.017778330
-0.023332248
0.034163829
-0.032853197
-0.003936926
0.012414418
0.004535143
-0.001941143
0.024313383
0.008810735
-0.015151857
0.024506319
0.008652878
-0.034569566
0.021479017
-0.006269635
0.005018798
0.022278190
0.039597295
-0.011239533
0.014176403
0.005847871
0.016768339
0.042105549
0.015275755
0.016644597
-0.006946200
0.014563795
0.008456682
-0.005277134
-0.017614374
-0.006483065
0.008097299
-0.004850431
-0.010863813
-0.019300378
0.009420924
0.006597117
0.015225992
-0.021823109
-0.003868471
-0.041260358
0.017162792
-0.003409040
0.003409040
0.003962752
-0.011363749
-0.003434465
0.003434465
0.020922456
0.000559318
-0.011248647
0.017937642
0.026858468
0.013963592
0.004788494
0.015798025
-0.017923391
-0.008010704
-0.004298756
0.048354109
0.003073724
-0.023286841
-0.015831532
-0.003196650
0.024249989
0.005194787
-0.007802309
-0.008390110
0.005252082
0.018682500
-0.006238014
0.011340280
0.008675621
0.011116897
-0.007566190
-0.013251955
0.012745505
-0.015828818
-0.016606335
-0.000523575
-0.002621252
-0.040166048
0.005449587
0.001629305
-0.007078892
0.024292804
-0.005347589
-0.012952195
0.010267557
0.002684638
0.029064064
0.007782141
-0.017727236
-0.050158951
-0.032605381
0.044700148
-0.016529192
0.011049800
0.027636451
-0.000534555
0.008519747
-0.013881673
0.000000000
-0.008097156
-0.017496499
0.015869072
0.007032774
-0.019048160
-0.013274746
-0.019112360
0.003399563
0.003387760
0.017323817
0.004973749
0.003851564
-0.021649632
0.007825537
0.004444730
-0.010588090
-0.001121061
-0.007882818
-0.027509109
0.010979625
-0.005763686
0.004038200
-0.001152000
-0.025096346
-0.005333335
0.015915481
0.008733798
0.005203700
-0.016833449
0.007618091
0.023652624
